2
2
4 2
3 3
19	30	13	37	30	18	24	23	24	49	21	37	50	15	33	40	16	32	17	50	46	13	38	26	36	24	34	12	27	46	31	37	17	39	26	25	19	48	16	36	40	21	45	28	22	18	50	24	42	29	26	22	40	19	21	20	30	16	35	40	47	22	14	22	12	32	30	11	36	31	22	15	17	38	23	14	22	38	35	18	46	47	45	23	33	23	11	41	33	34	15	39	21	19	27	39	26	25	17	20
26	26	13	16	40	19	26	19	14	30	26	36	32	36	13	39	15	46	22	16	15	42	45	22	16	33	35	38	16	50	29	45	24	27	11	25	50	24	47	18	40	17	30	17	42	31	24	49	47	34	44	14	32	50	30	25	45	21	17	45	15	44	19	49	28	46	27	20	43	49	14	30	46	38	19	47	45	29	44	49	41	37	39	25	19	29	47	32	10	22	38	17	26	15	38	22	29	16	29	24
1 5   
1.5 10
1
1.5
8	40	22	43	46	4	42	26	14	42	46	47	13	11	37	44	50	36	23	26	32	20	2	34	34	21	39	29	24	4	45	48	37	26	35	32	39	20	49	36	7	7	9	38	8	21	21	48	32	28	10	13	13	30	2	12	34	14	17	15	37	35	36	16	20	29	3	16	12	39	27	20	45	5	37	24	36	21	1	7	22	45	35	22	6	34	43	50	8	48	47	18	9	1	33	12	44	25	15	42
0	26	29	31	3	19	39	45	15	33	47	46	27	10	21	8	29	14	37	38	3	45	32	5	11	31	14	45	16	39	27	30	31	32	30	5	17	31	6	33	21	36	43	15	28	5	7	38	41	38	35	12	42	39	21	11	50	34	6	16	12	14	42	26	48	32	14	37	30	13	31	17	5	19	24	32	33	49	16	13	36	37	2	36	43	24	44	29	41	39	29	31	14	12	24	22	41	11	42	1
29	0	2	26	23	39	15	14	18	16	28	35	18	19	4	13	50	9	19	27	15	23	23	24	30	16	47	48	43	2	5	50	29	36	37	27	2	32	8	36	37	29	6	34	3	7	35	46	1	15	28	19	14	18	14	28	14	11	48	37	32	32	34	50	7	20	5	12	11	18	15	50	28	6	17	18	40	7	14	8	29	27	23	2	34	44	24	19	20	19	20	19	48	35	38	20	46	19	44	44
33	41	0	50	50	39	8	47	33	27	20	17	33	3	27	6	2	48	46	6	36	6	11	46	34	34	20	31	1	37	45	28	29	16	13	29	1	26	31	38	17	7	8	35	19	47	35	46	35	44	35	40	42	9	43	42	32	1	18	45	12	16	7	25	27	31	34	14	8	41	47	6	39	43	17	18	37	26	11	13	44	41	36	23	48	18	38	25	24	20	2	14	3	12	24	6	9	20	7	48
28	22	31	0	32	13	29	33	47	9	9	31	33	24	44	42	19	20	44	7	36	39	38	18	22	22	22	28	35	1	44	13	49	33	19	20	9	4	35	46	20	23	2	15	16	11	16	8	38	24	27	25	48	25	16	23	5	36	30	39	8	5	21	17	2	26	50	39	18	38	42	16	33	20	9	15	25	36	12	26	43	7	31	20	35	21	37	17	34	17	19	9	6	10	47	9	10	39	19	37
36	40	4	7	0	12	32	31	2	49	35	34	28	43	40	5	39	10	12	2	5	34	45	12	30	28	26	20	6	47	3	35	40	37	22	13	40	18	2	12	25	7	36	7	38	50	21	8	32	37	38	41	40	22	16	19	37	23	1	3	10	7	6	45	11	4	49	37	31	47	46	2	47	22	41	12	12	6	45	7	33	13	37	7	36	41	1	33	16	26	24	47	28	11	23	24	32	34	47	33
3	41	17	25	14	0	29	29	9	31	18	17	23	31	9	1	10	50	16	28	48	12	33	14	3	38	18	22	16	30	9	22	27	43	44	43	44	35	10	33	12	45	48	11	8	18	39	12	43	12	35	46	4	30	23	28	43	4	2	48	28	30	47	13	35	9	22	40	39	44	11	22	6	16	49	20	11	42	1	28	28	13	28	6	5	44	36	18	1	36	35	44	16	47	35	30	41	3	31	43
16	47	17	29	26	33	0	15	11	23	42	37	25	22	29	33	3	48	5	43	34	39	24	20	49	5	24	16	3	47	27	43	43	4	27	35	13	35	47	23	49	17	30	13	9	17	46	13	38	23	10	13	3	1	30	44	4	47	36	6	47	50	21	27	40	40	36	49	35	21	10	11	7	18	33	28	31	5	20	34	50	39	50	12	29	30	15	28	32	45	2	45	40	5	47	24	9	25	32	15
29	48	5	8	34	20	22	0	43	43	15	33	41	39	30	31	35	12	7	32	23	42	50	1	43	1	45	49	17	38	33	16	20	31	14	37	41	17	16	47	24	14	22	4	42	36	33	50	44	12	20	43	39	27	14	45	21	44	38	48	15	15	32	48	13	2	38	24	24	16	47	43	6	10	47	38	28	1	31	47	13	44	35	41	4	17	39	35	11	17	28	44	48	12	14	26	11	24	1	48
50	32	7	9	3	5	36	4	0	16	16	31	36	41	16	28	50	41	6	14	11	5	4	38	1	4	43	1	39	35	30	43	30	19	19	3	49	49	12	43	7	34	33	20	42	49	46	48	43	46	2	34	34	40	28	28	9	14	46	49	12	40	26	29	2	20	7	3	49	26	22	28	22	15	50	29	8	2	5	25	41	23	50	47	49	10	21	32	39	20	50	31	24	9	6	19	50	4	5	42
35	44	18	4	10	29	23	9	23	0	42	7	31	38	9	46	22	17	42	11	27	8	40	15	18	24	43	42	42	32	33	47	36	7	17	45	12	44	18	50	25	50	25	36	29	4	44	32	49	44	31	34	41	49	35	44	8	45	17	3	37	34	50	14	30	6	27	45	46	6	19	15	16	27	15	29	26	1	35	42	25	20	36	16	22	37	6	41	23	14	4	13	49	9	22	10	39	49	1	20
8	21	6	9	11	31	7	2	43	31	0	6	4	15	44	39	20	4	6	32	13	40	16	8	32	46	31	4	4	21	46	23	2	17	50	39	9	4	10	28	28	35	48	25	5	33	50	3	29	35	41	16	39	22	49	6	19	6	23	35	48	43	13	35	17	9	4	12	26	10	3	12	23	12	14	15	37	31	46	31	19	19	28	34	13	38	45	39	49	37	13	36	49	42	4	9	46	42	16	24
25	15	32	37	2	24	33	43	30	48	3	0	24	20	49	29	14	8	34	33	33	25	37	12	48	29	5	43	38	38	37	42	18	27	9	13	43	39	49	22	41	27	48	45	24	7	37	4	45	20	5	40	30	44	37	34	9	27	47	10	5	20	3	32	31	30	8	34	49	27	39	17	7	50	44	48	39	20	9	34	16	42	19	44	14	21	20	9	37	37	5	1	48	45	38	16	43	48	2	48
48	15	45	34	33	26	10	35	18	34	21	44	0	2	4	9	13	4	39	22	16	9	18	35	23	22	2	45	27	19	5	12	49	32	33	40	31	15	23	38	43	41	37	11	44	19	7	22	20	30	13	6	3	23	23	29	41	2	11	41	45	7	29	24	21	48	1	3	26	9	32	49	26	30	38	36	33	42	17	40	31	33	19	43	7	30	14	45	42	44	22	27	3	1	41	12	43	1	9	20
29	36	7	3	34	25	45	47	49	22	37	46	49	0	19	21	22	21	17	36	29	6	43	26	29	18	33	26	7	33	16	43	32	10	24	25	38	24	44	49	47	22	36	50	38	29	35	20	33	29	3	29	24	37	22	27	1	44	44	27	9	39	25	45	22	11	42	9	7	48	27	21	5	34	22	33	26	3	45	34	20	23	44	28	43	39	1	21	14	47	14	6	20	10	30	15	8	12	38	12
48	4	34	27	27	18	50	18	18	46	47	32	19	48	0	42	2	43	20	1	6	19	35	33	8	40	24	38	39	47	47	4	41	19	38	40	8	46	1	26	5	29	16	10	2	8	49	36	28	5	26	41	10	14	6	35	17	6	21	10	27	8	25	3	50	22	27	34	7	7	22	31	28	14	36	28	20	30	32	32	35	41	1	43	23	33	41	30	3	17	37	2	14	33	48	22	11	4	4	25
21	8	19	44	20	11	32	3	41	12	19	25	38	44	48	0	29	42	7	29	25	7	47	12	27	13	4	47	4	24	36	41	4	3	39	40	23	26	48	47	7	38	43	47	41	23	26	30	28	34	20	44	43	21	34	13	47	29	34	27	15	46	45	47	29	40	11	26	34	19	1	15	18	10	42	41	42	11	21	5	29	3	15	20	20	48	43	33	16	42	8	4	14	25	44	28	41	27	13	35
49	46	30	18	19	38	26	19	8	46	2	36	27	24	8	28	0	20	48	30	6	12	37	2	3	9	10	18	30	49	31	21	32	24	14	25	44	3	16	28	14	7	18	35	22	35	7	11	21	11	38	50	43	40	32	17	31	2	13	14	38	20	4	18	25	40	29	47	49	42	13	42	41	37	10	30	50	42	16	34	2	39	36	15	26	16	41	33	49	33	19	32	8	26	33	23	8	12	21	43
13	29	27	4	2	9	20	14	6	38	48	28	24	8	45	1	17	0	11	9	33	31	37	46	36	40	20	24	42	19	5	24	3	31	37	34	12	18	24	7	21	42	47	31	37	2	50	45	2	2	19	31	41	14	37	7	22	41	42	33	44	48	7	45	48	6	24	41	34	3	26	28	48	42	31	22	31	42	12	23	35	26	6	23	39	50	43	7	41	44	43	28	9	5	12	36	50	22	37	42
6	18	13	36	44	36	15	38	3	5	31	50	2	43	17	17	20	45	0	20	37	1	25	30	33	34	29	5	24	36	15	31	25	42	45	2	49	13	15	20	20	31	13	30	30	39	13	41	4	40	38	2	12	23	25	9	19	18	32	23	42	41	49	14	1	20	8	9	42	8	32	6	45	2	25	18	20	9	30	25	30	20	48	4	30	16	30	6	45	36	44	31	2	11	7	16	5	14	10	1
45	4	38	40	36	8	33	23	50	18	46	31	12	17	7	25	47	41	41	0	36	27	4	15	16	5	4	3	33	15	19	38	25	49	25	5	13	24	15	35	42	13	3	26	33	35	7	50	42	23	26	38	43	12	6	49	36	28	7	44	12	50	9	15	3	23	35	27	40	16	24	35	43	28	23	5	11	24	8	2	17	6	31	36	14	36	13	35	44	28	31	28	18	44	38	37	13	47	9	35
28	23	5	32	32	2	43	47	46	26	24	9	40	49	26	21	9	37	4	49	0	44	14	43	42	7	13	30	6	34	48	44	12	49	16	39	8	47	22	14	47	46	44	11	25	1	1	14	18	33	29	15	16	12	16	23	11	22	46	30	47	35	24	1	7	7	24	33	47	21	16	24	47	43	12	35	40	1	27	42	49	32	48	13	48	8	49	39	15	1	44	41	23	3	46	26	36	16	49	20
24	35	40	49	5	16	11	37	36	36	4	4	47	8	19	16	1	7	21	48	38	0	43	45	27	27	8	42	23	18	48	37	50	37	33	25	23	33	20	28	34	29	27	34	29	20	6	43	18	19	47	35	2	11	19	35	10	13	28	48	15	47	48	39	39	48	30	38	31	37	28	9	33	5	28	23	17	43	21	50	5	44	10	10	40	16	21	12	10	10	48	36	41	38	34	45	26	17	11	49
24	50	12	31	19	4	39	38	34	2	48	11	37	50	49	44	28	19	8	32	46	26	0	13	47	48	5	2	31	19	38	9	5	16	18	38	44	5	12	6	42	26	4	40	50	40	4	35	43	5	13	50	17	32	45	4	45	46	49	16	25	9	7	16	36	24	10	19	1	43	23	41	21	16	41	15	31	33	13	49	3	26	46	33	43	31	21	6	45	14	31	48	28	34	26	36	41	48	7	42
20	27	44	28	50	46	44	19	45	25	47	50	33	50	37	12	28	24	29	32	43	42	35	0	48	29	28	10	18	34	41	17	26	41	45	46	49	17	33	33	34	16	28	32	42	14	34	27	6	41	9	36	14	5	16	10	48	25	5	34	37	1	9	36	36	50	35	14	20	11	14	47	45	13	5	28	34	8	27	40	47	14	8	47	31	46	17	16	32	20	19	44	16	12	10	18	2	48	42	12
7	36	35	38	1	32	1	5	17	17	14	37	27	27	18	3	8	1	45	22	10	8	34	4	0	17	21	45	30	12	35	18	36	21	7	13	10	14	13	27	8	50	4	23	21	22	38	43	2	1	21	44	2	7	26	32	21	23	43	1	50	10	41	27	31	45	28	16	48	41	7	35	15	5	22	32	40	39	14	30	39	30	22	9	16	37	26	36	10	41	20	1	20	31	4	35	8	29	48	47
3	48	2	31	49	30	7	13	21	47	37	5	44	24	36	4	15	3	37	29	11	9	26	18	19	0	37	39	12	43	49	23	9	25	30	33	27	28	47	28	29	49	4	31	29	27	16	32	45	4	9	4	48	28	26	50	38	49	48	36	14	19	5	22	21	37	9	10	24	37	19	26	41	45	47	39	42	17	23	44	16	20	5	33	35	13	3	31	2	19	13	24	19	42	9	9	15	49	48	34
24	18	42	21	6	30	3	25	1	22	41	26	43	45	31	2	8	41	23	23	36	3	48	14	14	20	0	37	35	6	1	6	45	2	12	1	11	41	11	42	11	44	16	25	7	35	48	25	16	12	37	29	37	5	49	24	11	13	41	33	22	16	21	23	11	36	17	4	24	43	42	2	5	22	48	3	36	35	43	32	13	6	45	49	5	33	24	15	10	6	40	41	20	41	23	39	39	26	27	44
3	43	17	45	18	12	18	3	3	17	34	47	47	4	2	25	32	31	8	22	10	9	16	33	33	20	11	0	36	45	40	10	42	9	7	34	28	8	10	40	38	20	8	9	41	18	23	48	12	8	34	16	3	25	25	35	24	37	29	3	15	9	23	6	3	2	4	37	24	7	5	33	46	17	8	25	22	25	6	33	22	9	44	41	39	31	5	18	1	15	40	46	1	38	28	50	4	11	34	16
13	40	49	44	1	31	8	37	14	44	11	31	46	34	18	46	12	4	12	32	18	16	3	35	34	36	47	9	0	19	6	42	5	6	8	26	1	42	2	19	31	49	6	38	36	43	40	3	3	1	9	2	24	46	37	35	36	50	39	32	48	34	23	31	5	48	16	21	45	18	21	16	49	8	20	23	46	36	32	35	11	49	31	48	37	10	7	11	6	45	9	33	30	7	22	36	8	5	31	5
41	46	29	36	12	34	16	6	3	4	32	33	26	42	25	36	10	45	9	3	6	42	2	21	44	47	11	4	10	0	13	14	33	39	35	25	11	18	3	6	35	31	38	11	19	19	30	27	41	38	47	32	34	28	41	48	1	28	35	49	44	18	4	8	7	37	27	7	34	48	25	30	8	35	7	7	30	19	46	34	30	12	1	44	23	31	17	15	15	48	34	8	15	40	15	34	20	44	31	25
22	9	42	45	25	6	27	37	41	23	43	40	31	49	4	11	35	11	10	9	5	17	7	45	18	19	40	13	46	45	0	18	44	41	20	10	30	22	32	17	6	40	15	43	28	1	35	27	6	11	12	8	38	8	34	22	23	4	3	38	4	42	30	41	8	1	12	4	37	11	35	1	2	41	37	11	38	32	14	34	1	9	46	43	5	31	43	24	32	42	26	13	24	8	46	4	14	42	18	48
25	23	31	44	33	32	4	36	30	29	14	4	46	35	13	48	46	20	4	17	49	22	24	47	10	38	26	20	33	38	12	0	2	41	8	8	23	46	12	17	25	7	12	32	4	50	19	14	49	10	1	32	21	39	36	1	34	5	34	50	24	37	5	38	46	32	8	49	19	19	27	12	37	38	40	31	33	39	4	3	25	17	9	23	20	10	2	44	5	33	2	36	25	24	20	27	20	5	39	46
46	43	4	34	38	24	46	6	39	7	35	38	14	49	45	12	47	34	32	17	20	32	30	1	2	9	22	24	12	35	23	3	0	16	22	40	23	40	6	6	50	48	4	39	21	35	41	21	37	47	6	15	36	2	8	24	1	15	46	6	22	24	37	46	7	11	33	1	27	5	19	46	11	35	5	28	17	48	45	11	46	27	47	6	45	31	8	18	39	13	20	18	3	3	20	12	12	29	2	33
37	48	19	32	23	24	2	48	47	26	31	42	3	19	31	41	50	46	22	28	10	17	11	27	32	4	23	20	28	2	1	39	30	0	36	20	49	42	9	33	41	46	46	29	31	37	16	24	1	17	18	31	36	38	30	38	50	48	41	1	24	19	8	27	17	13	45	44	4	46	35	48	25	39	21	8	18	17	9	29	26	9	5	7	31	5	13	3	3	12	25	11	31	30	17	48	47	12	40	22
3	47	30	25	25	3	35	42	7	35	49	35	22	2	36	22	26	6	1	50	30	7	42	23	42	44	12	37	25	28	45	2	39	33	0	39	37	23	8	49	2	29	29	29	34	34	19	40	31	35	14	3	46	19	7	15	44	7	46	32	3	4	50	17	2	19	41	3	48	23	35	24	13	19	23	49	27	27	35	33	28	37	50	6	27	19	22	26	50	9	44	11	8	1	25	33	7	2	24	32
15	1	21	10	6	30	40	26	28	40	2	8	37	33	22	41	9	13	31	7	2	50	4	23	13	13	3	49	36	41	5	33	15	13	45	0	25	13	11	22	26	1	48	10	13	25	24	38	7	27	16	24	49	42	21	38	39	49	2	3	1	13	13	23	40	19	20	44	33	24	18	19	8	15	10	17	45	19	32	9	31	34	29	49	12	23	49	17	23	1	25	17	18	10	11	14	24	12	47	33
33	7	27	45	12	27	14	39	7	20	13	4	42	44	49	31	11	38	9	13	37	16	34	20	41	26	19	5	30	41	27	50	19	46	11	49	0	2	12	27	45	41	49	42	21	25	20	41	28	15	32	41	6	7	43	3	3	3	37	22	40	11	30	38	18	45	9	49	9	47	6	24	14	9	20	9	43	1	15	1	32	9	42	28	44	41	17	43	43	11	26	42	43	26	39	9	4	9	11	9
3	31	24	9	43	44	35	16	33	9	13	33	32	3	31	46	45	13	9	21	22	28	5	28	41	1	37	32	40	38	35	47	12	30	49	16	40	0	21	49	5	25	43	44	14	7	24	13	15	25	23	8	40	23	38	2	40	14	48	46	6	21	46	50	17	39	22	26	24	34	42	32	33	38	17	32	42	3	15	1	23	29	24	25	30	8	33	34	3	17	48	14	49	49	7	9	43	10	43	44
24	17	12	36	13	25	30	7	34	27	24	29	26	46	35	49	41	20	6	48	27	17	10	50	31	6	4	46	32	28	2	38	26	18	34	2	17	11	0	43	37	30	41	11	34	32	8	9	25	31	37	42	19	6	39	7	4	3	47	47	10	42	26	36	39	21	41	22	35	33	34	5	35	48	10	44	21	47	30	2	42	29	24	19	46	31	10	23	8	40	46	3	8	23	44	50	50	36	40	34
42	12	20	42	9	30	48	34	9	2	36	10	31	34	7	3	29	31	6	5	1	6	4	9	15	13	19	25	4	41	2	7	48	23	22	3	41	26	22	0	12	47	13	26	14	32	14	50	44	11	16	43	37	16	50	11	15	34	14	10	28	38	35	12	39	19	33	10	20	8	45	29	2	45	9	1	9	23	46	24	31	50	29	41	14	45	27	44	32	37	42	18	39	45	5	49	26	39	36	16
45	34	3	39	37	36	2	31	48	28	49	4	2	2	14	25	4	13	42	26	25	13	23	25	22	28	1	14	45	36	10	41	2	10	23	39	27	3	6	43	0	8	5	21	4	4	34	21	44	44	46	6	8	29	40	30	22	27	25	19	49	8	40	14	19	1	16	40	6	1	33	23	34	4	39	26	38	38	30	13	30	26	13	21	24	21	37	43	4	30	39	36	14	39	36	15	29	20	20	8
35	9	20	19	34	19	40	1	17	50	9	33	6	23	9	30	43	45	8	18	7	39	21	42	9	19	15	7	50	26	21	28	8	11	39	25	34	26	41	41	41	0	12	17	37	20	11	42	5	2	30	7	4	43	13	18	40	26	32	15	39	5	14	46	48	43	8	21	31	22	37	32	15	23	38	6	13	2	5	41	21	9	5	34	32	47	25	4	23	49	4	31	24	29	11	19	36	14	6	13
42	13	48	10	9	45	29	25	50	49	3	3	17	41	48	38	31	14	26	47	29	4	42	14	23	9	44	25	28	49	27	8	39	42	7	8	46	45	14	36	25	45	0	2	13	29	33	1	30	21	3	18	43	1	34	26	34	48	48	9	50	35	2	8	16	3	35	19	44	43	37	30	16	49	18	33	30	37	17	35	14	28	34	32	26	41	15	7	35	11	27	40	43	15	5	26	47	10	19	6
24	35	37	21	30	39	34	9	47	19	9	12	41	47	35	2	13	20	12	37	2	36	6	43	28	35	28	50	32	29	48	4	47	41	39	34	29	1	34	18	38	43	33	0	33	6	15	23	10	12	37	14	39	31	36	18	37	44	45	23	29	34	26	3	39	15	45	17	15	36	49	22	8	40	50	17	49	47	1	13	12	23	28	16	43	45	38	49	21	42	33	3	24	7	41	47	23	7	26	24
35	16	16	16	2	17	39	48	10	49	39	37	50	33	30	43	17	16	38	9	47	43	26	16	44	33	50	18	37	7	5	41	19	39	40	16	10	43	25	41	29	45	9	35	0	50	13	35	33	2	12	5	1	36	9	45	7	46	5	1	45	42	30	15	39	41	19	16	17	29	14	29	4	23	1	32	50	16	24	11	28	43	31	25	3	20	34	3	41	6	29	40	50	23	2	42	13	33	50	11
32	30	31	24	50	22	40	26	3	43	6	26	37	41	47	44	24	25	36	34	17	3	45	18	47	23	33	13	1	13	19	11	24	44	46	2	26	11	50	11	6	25	38	35	49	0	28	23	48	15	2	43	23	11	37	12	7	46	3	43	42	39	12	39	38	1	21	24	49	27	33	19	1	34	14	12	38	16	3	15	49	31	41	13	28	30	33	22	31	7	49	20	43	14	24	37	35	35	46	37
6	30	33	24	25	5	39	25	5	42	37	4	40	25	29	16	21	37	12	43	46	46	32	9	19	40	14	16	16	42	23	6	13	30	17	25	19	14	30	23	17	17	32	24	2	3	0	24	42	32	36	20	26	3	9	38	41	48	2	22	13	12	26	20	49	35	8	8	16	2	20	12	24	27	38	19	43	50	28	4	9	38	3	38	28	26	4	7	4	4	18	5	10	11	24	31	34	40	45	12
23	3	10	27	22	9	5	44	23	37	39	8	19	21	12	24	29	22	31	27	11	33	19	26	27	44	28	39	25	35	20	4	5	46	8	5	6	50	23	17	28	19	13	4	24	14	10	0	6	28	28	43	47	7	15	23	46	43	24	13	8	26	34	39	40	50	30	42	44	15	18	14	46	26	43	29	37	24	18	10	17	30	41	12	13	21	4	1	42	15	31	15	34	29	45	36	11	8	8	5
30	21	5	13	4	24	9	19	32	20	9	50	12	11	28	35	50	49	25	26	42	10	11	46	29	1	40	8	6	35	17	45	45	24	44	25	31	46	4	21	7	4	24	8	24	36	16	32	0	38	22	5	23	46	35	20	24	11	26	4	21	30	18	35	42	36	2	2	3	17	30	39	21	8	5	4	49	23	20	41	38	21	38	10	22	21	22	50	21	27	37	4	48	44	4	14	20	35	29	22
15	19	48	1	12	27	17	26	29	33	6	2	13	39	46	21	48	43	46	14	45	45	38	49	48	33	14	8	29	1	28	8	38	34	50	24	46	3	50	49	21	16	15	42	29	5	42	20	43	0	8	17	17	1	47	22	5	38	15	10	1	4	13	25	40	23	13	2	2	22	18	43	19	30	12	36	39	17	18	26	44	6	3	23	23	16	25	29	21	2	40	45	33	21	13	48	23	39	50	24
31	7	41	39	47	18	29	47	36	10	37	4	46	10	50	28	20	43	30	32	21	50	11	21	12	14	45	37	28	22	16	46	5	1	9	17	10	32	4	48	32	15	29	42	34	10	22	32	14	39	0	25	1	40	9	38	37	4	1	30	22	31	43	49	33	5	48	36	21	15	2	45	4	1	31	11	8	40	21	49	27	1	25	40	47	45	47	22	23	45	36	36	31	38	5	37	6	16	1	14
1	27	40	33	5	50	9	7	44	20	31	39	16	21	24	48	40	27	26	45	24	37	38	1	47	44	21	21	44	12	1	42	30	25	43	44	5	48	48	49	22	50	9	14	50	2	21	46	15	15	41	0	13	23	19	17	8	4	29	1	37	21	26	5	19	47	27	38	4	43	9	27	6	2	46	1	12	5	31	31	3	40	37	7	32	31	27	29	13	41	8	23	25	28	24	38	22	30	8	39
20	17	32	2	25	4	35	10	14	22	29	26	48	14	27	43	21	13	5	40	42	48	17	36	40	31	39	44	33	2	29	45	47	46	36	27	42	48	22	41	43	25	15	36	27	41	47	6	17	41	26	27	0	27	37	23	13	33	9	17	14	18	26	39	28	19	31	49	27	38	41	32	12	38	3	1	22	22	47	38	35	34	2	1	44	28	11	33	42	45	9	34	45	10	13	34	34	16	20	1
49	37	41	8	42	42	18	40	21	46	15	31	36	42	37	38	12	33	42	24	16	5	31	35	39	27	36	6	12	50	40	48	34	29	31	6	28	21	34	41	5	22	28	37	21	12	18	16	37	13	1	23	32	0	23	45	50	43	10	23	2	8	29	37	24	47	19	28	33	16	6	36	50	3	44	17	20	9	27	4	9	27	32	11	15	3	13	31	23	27	28	7	8	19	23	47	23	31	29	34
41	23	24	40	12	49	49	20	2	36	35	12	12	49	48	27	32	50	28	18	39	9	46	4	18	29	18	37	45	17	7	12	42	10	30	42	28	27	45	46	2	12	42	25	2	13	40	48	46	19	49	36	44	26	0	27	9	41	34	15	31	37	16	16	50	50	13	24	40	24	25	50	35	5	6	21	17	23	15	11	2	5	6	2	1	32	18	34	34	23	7	42	16	40	18	35	12	26	15	8
4	25	13	5	14	20	46	16	48	16	34	5	41	27	40	3	41	10	28	7	19	11	16	31	38	50	14	46	23	14	29	46	4	46	45	35	4	11	10	45	5	46	29	21	42	37	32	15	5	21	32	31	32	5	20	0	4	1	32	27	41	19	3	14	39	32	43	31	39	46	40	43	20	42	6	11	19	5	21	25	50	42	33	3	32	45	25	15	42	16	25	12	40	49	12	33	11	38	48	28
24	13	42	8	2	37	15	24	31	48	14	15	49	28	38	11	34	29	40	29	33	44	46	47	26	34	41	16	6	9	25	19	13	34	10	10	8	26	17	36	18	39	41	20	16	8	6	21	9	42	32	18	19	35	44	28	0	26	25	44	21	38	35	43	42	22	16	19	23	27	40	8	13	50	24	4	50	35	30	43	35	8	33	22	39	36	41	39	5	19	46	14	24	47	21	15	47	41	27	2
29	27	34	23	14	7	18	49	5	16	24	50	9	50	44	35	34	3	47	12	32	38	4	35	20	21	19	42	4	12	19	7	46	43	9	50	38	16	7	18	17	37	17	1	31	29	21	24	28	42	22	48	2	42	8	27	26	0	45	8	20	35	45	49	4	22	34	6	34	26	32	34	39	2	47	13	1	19	7	10	26	23	16	6	26	30	11	45	16	29	41	28	19	18	47	14	38	20	38	12
45	31	31	41	19	41	40	17	47	32	20	24	27	45	39	32	10	21	10	47	34	5	50	16	18	24	28	45	46	40	40	36	35	20	22	14	35	12	8	38	11	32	39	17	43	34	17	12	21	13	11	20	26	44	49	23	38	45	0	41	36	49	28	49	48	18	33	33	21	34	13	17	19	37	14	1	26	47	44	47	7	50	25	33	7	19	41	46	18	31	24	10	4	8	34	48	7	50	26	39
24	5	1	47	47	24	50	16	38	30	12	5	37	25	41	38	33	26	19	12	14	9	5	30	9	49	44	9	44	37	33	21	47	3	13	6	27	23	6	47	48	16	10	9	26	50	35	9	16	9	6	43	48	27	26	15	18	42	5	0	27	1	42	6	4	11	13	9	21	24	32	50	34	3	17	33	3	34	10	45	38	24	22	41	9	41	50	24	28	18	9	1	19	2	30	49	29	40	10	22
8	5	10	50	28	16	50	46	50	20	48	18	39	43	20	32	36	42	29	32	37	39	49	46	41	26	49	19	31	10	5	6	28	3	30	49	44	31	35	32	50	49	26	46	14	12	28	42	29	45	3	37	34	44	34	27	27	1	44	46	0	17	42	16	20	33	11	39	32	7	39	26	11	48	37	20	3	30	47	16	33	22	23	2	34	11	23	12	9	18	19	35	2	18	12	15	43	25	19	3
17	4	7	33	32	18	34	12	33	36	11	11	5	9	49	24	19	16	49	29	49	29	7	34	8	47	37	37	12	9	36	36	19	45	34	20	43	20	31	37	2	12	32	32	9	43	23	41	30	26	20	9	30	39	24	3	19	49	46	37	34	0	46	9	27	7	25	38	38	47	18	12	40	34	5	37	45	17	3	22	44	10	28	19	26	22	1	7	18	33	9	4	36	2	4	2	45	8	1	28
10	23	47	18	43	30	11	31	35	36	31	28	39	14	4	30	5	5	42	34	14	20	38	6	32	20	32	43	33	37	13	40	34	35	20	41	6	28	41	1	50	21	29	6	33	31	27	20	15	50	16	15	2	34	44	49	6	29	47	17	33	17	0	21	3	18	19	13	43	24	17	40	17	16	2	9	19	43	48	23	7	38	26	37	27	19	42	21	13	41	23	14	9	10	4	18	18	12	13	43
2	42	50	45	11	27	42	48	24	5	5	43	45	10	42	24	44	8	16	37	45	48	37	43	23	7	41	43	49	15	10	15	15	40	13	9	30	32	29	31	44	21	20	36	24	11	14	4	25	26	18	27	41	1	21	9	11	36	41	16	14	49	24	0	1	42	13	23	8	33	8	20	21	22	9	16	28	35	41	6	22	30	48	27	44	18	8	28	6	13	25	38	25	38	34	13	27	39	25	15
6	24	50	6	44	31	36	1	1	15	36	33	25	4	33	21	22	16	16	43	20	32	26	47	50	38	36	47	48	27	50	28	50	11	24	38	16	7	19	15	28	44	22	14	21	28	42	17	36	26	28	5	33	31	17	19	38	20	15	40	24	6	29	4	0	4	19	43	43	13	6	3	21	30	2	39	48	43	40	18	46	44	38	14	49	36	20	30	50	21	39	3	48	2	40	1	47	49	25	2
24	36	24	25	17	33	42	17	2	25	23	23	36	48	12	8	3	14	27	44	35	29	46	46	7	21	23	10	11	46	14	40	11	6	16	21	14	28	19	39	31	46	33	44	20	29	34	9	43	32	19	34	35	27	18	50	3	15	39	23	14	4	33	13	28	0	12	16	37	36	50	39	22	45	12	48	9	30	36	29	29	4	1	26	32	18	37	31	9	8	29	32	30	36	21	17	12	34	43	48
10	11	27	3	29	26	29	27	20	23	26	5	50	23	33	31	2	38	47	9	1	33	27	27	43	44	19	46	20	16	14	39	36	44	37	7	30	27	11	16	21	33	3	10	28	25	15	6	48	25	19	39	5	3	41	38	25	40	45	3	22	39	25	49	43	42	0	26	40	43	23	10	28	26	41	37	1	45	17	18	43	44	41	25	41	5	40	47	39	44	19	22	27	10	43	39	32	27	31	49
22	38	25	29	39	50	39	49	33	1	24	19	50	27	12	16	25	4	29	32	2	15	37	44	30	41	42	22	27	39	4	8	35	13	10	38	34	13	9	15	46	34	5	46	37	29	19	2	49	13	14	16	5	33	3	46	36	38	17	37	5	16	4	41	18	12	28	0	37	46	19	12	41	16	8	42	2	13	7	4	40	21	27	7	46	10	35	23	48	48	26	33	46	4	32	36	38	22	49	18
18	50	24	40	21	44	2	34	14	16	1	29	35	20	28	43	38	20	39	43	39	11	45	6	2	40	23	39	24	41	41	32	44	8	40	39	28	40	46	29	4	14	36	38	30	40	13	13	38	11	11	10	44	25	6	17	34	14	25	36	38	40	15	44	15	35	12	36	0	48	7	23	9	42	18	6	33	42	28	17	50	33	40	31	40	42	16	24	32	29	13	36	47	3	38	11	9	31	25	43
39	13	29	44	19	13	47	6	41	38	31	5	18	47	8	34	33	28	29	48	14	36	24	32	43	32	47	9	9	12	18	34	32	26	46	31	34	4	48	10	21	10	22	41	33	24	20	3	28	40	19	25	33	15	12	23	14	35	4	4	45	29	31	26	39	26	47	14	37	0	10	44	27	39	23	6	48	2	40	23	15	26	26	35	32	11	21	39	4	11	22	31	47	27	18	11	33	45	32	49
37	39	38	43	10	48	18	47	15	26	17	7	17	35	40	23	17	50	19	5	11	31	29	48	42	20	33	17	10	15	24	12	28	14	19	19	12	12	7	34	15	32	50	48	39	35	31	47	20	21	6	30	21	1	25	36	1	4	44	33	20	47	23	1	45	29	50	48	26	25	0	30	44	40	20	31	7	11	7	11	17	28	49	9	9	7	12	20	11	39	44	37	18	3	4	47	32	14	41	33
44	19	40	33	26	36	21	9	43	3	7	14	8	41	11	5	23	21	18	22	25	9	45	24	39	30	45	39	15	37	9	49	33	8	9	8	47	25	37	46	33	19	15	38	42	42	29	12	15	41	22	1	19	29	4	12	47	35	18	42	40	43	32	10	34	2	44	16	8	30	40	0	44	29	20	11	22	12	46	12	15	1	27	8	36	9	1	28	41	37	4	3	30	19	5	1	13	32	18	9
16	12	26	5	37	40	42	29	7	21	5	14	35	41	41	45	40	17	40	24	43	34	48	11	45	3	1	49	19	12	50	18	41	49	30	49	30	37	6	20	32	21	7	23	41	46	32	37	42	43	37	6	41	50	14	14	50	18	8	22	13	26	44	35	3	39	23	9	30	42	6	4	0	33	43	41	26	1	30	47	48	12	23	25	29	25	1	19	13	1	35	43	20	3	7	8	44	44	37	17
47	49	19	1	9	20	46	36	48	18	31	5	23	34	16	22	24	49	14	24	19	23	46	35	27	1	8	17	26	48	39	3	37	12	17	31	10	6	37	11	38	20	6	17	6	30	50	9	40	36	2	32	32	26	12	47	39	14	10	17	45	49	48	17	34	43	33	12	49	44	24	16	18	0	47	15	47	8	47	36	41	3	7	18	18	11	48	20	20	3	23	24	14	50	26	38	21	32	20	16
17	41	2	40	13	46	47	13	2	28	29	5	14	32	22	26	4	5	4	48	49	39	39	14	49	44	40	24	35	25	16	37	22	50	32	21	16	50	45	29	14	36	36	20	13	14	24	24	43	46	31	29	7	23	22	44	33	2	4	50	23	29	32	48	48	49	9	47	46	18	33	25	8	37	0	32	19	13	26	16	12	11	34	38	20	37	44	37	4	48	24	16	19	21	26	14	23	11	21	12
31	3	5	43	36	13	27	36	21	36	50	6	47	35	20	21	35	12	7	1	27	29	20	45	24	9	13	34	18	32	18	29	38	33	43	38	38	33	37	3	49	48	16	16	25	12	30	33	3	22	43	35	45	32	19	14	5	47	33	49	28	19	46	29	43	40	34	17	41	2	16	50	45	47	34	0	18	43	1	5	30	41	47	40	21	48	25	7	13	20	3	30	7	1	18	31	45	46	6	43
44	50	3	43	27	31	12	24	43	15	44	20	23	37	38	10	30	48	40	14	22	21	44	11	30	34	20	3	44	24	45	7	48	45	37	36	24	31	14	31	29	40	17	18	47	5	3	4	44	3	22	19	29	13	38	42	35	28	14	41	5	25	8	3	38	9	49	10	47	7	21	15	48	19	49	19	0	16	7	25	45	5	9	43	22	20	43	28	49	21	19	22	27	23	21	20	8	35	37	31
48	16	39	36	37	37	3	25	9	38	50	45	37	20	46	2	13	11	18	28	47	20	16	4	42	26	45	25	8	1	46	45	21	22	43	46	5	49	31	43	2	4	37	27	19	31	20	24	30	18	44	2	26	2	30	22	1	43	50	42	31	34	2	38	7	45	38	22	30	40	1	19	25	10	31	42	45	0	33	23	25	5	23	4	23	12	10	8	12	12	16	37	31	18	46	15	41	25	34	47
50	41	15	9	45	49	24	33	46	40	26	35	4	12	20	25	48	23	16	15	25	36	40	46	28	46	13	4	19	47	26	38	1	25	7	45	21	46	1	28	14	4	38	15	50	21	18	42	5	24	10	25	34	24	15	6	6	30	22	44	48	50	8	35	35	37	21	42	49	50	23	26	10	44	25	47	29	13	0	29	35	7	15	10	47	42	16	9	35	31	3	9	50	50	2	22	43	21	11	44
25	1	30	25	17	27	3	37	3	44	26	44	3	3	3	26	12	36	3	11	7	34	3	11	19	29	21	44	44	6	26	49	45	13	36	43	25	41	24	27	46	4	43	4	31	42	22	32	5	35	39	6	32	34	13	24	26	27	44	21	3	2	43	11	11	40	2	15	3	36	42	50	49	26	35	36	36	27	20	0	27	2	14	38	27	11	18	46	17	19	8	12	48	37	50	15	4	7	36	25
15	35	10	19	6	43	9	14	19	5	27	41	1	31	43	12	38	38	1	17	12	49	2	7	47	37	1	45	40	23	46	18	6	26	22	34	21	26	20	21	13	38	39	7	43	3	44	10	1	41	7	43	31	27	43	34	13	6	44	5	9	24	6	50	45	21	23	28	17	37	7	16	10	14	2	29	3	44	39	42	0	11	17	4	36	21	27	9	28	16	16	39	41	23	25	32	47	35	9	48
25	43	12	40	5	35	15	22	15	4	46	39	48	42	40	23	46	6	7	17	5	37	19	21	27	24	23	2	6	49	28	30	48	23	48	19	33	17	21	18	10	1	1	14	1	16	47	50	43	24	44	48	44	38	33	36	2	20	28	10	11	10	6	37	10	30	24	37	31	33	40	22	1	40	14	10	22	39	3	39	24	0	16	44	1	11	41	11	27	46	5	5	24	28	10	44	17	14	13	35
17	11	30	12	4	19	24	26	35	50	22	44	24	28	48	9	4	7	41	49	1	28	25	34	16	31	21	48	44	22	39	2	38	47	16	29	5	42	9	6	36	32	17	49	41	21	16	7	9	32	3	38	46	2	5	10	9	7	40	43	49	6	36	15	1	16	29	45	40	36	48	6	17	24	4	10	4	41	38	31	1	27	0	45	49	49	6	38	40	44	18	25	22	15	32	27	43	5	28	38
24	49	7	25	34	1	23	40	8	14	1	20	50	13	41	26	29	14	43	3	41	50	43	39	26	16	27	17	27	24	41	28	23	23	13	24	11	24	35	38	39	5	19	13	44	9	10	46	23	27	44	25	32	18	3	25	12	29	20	33	19	9	29	28	45	11	9	21	15	21	11	29	17	7	3	22	1	17	45	7	29	15	33	0	32	29	18	8	20	46	14	36	34	33	24	42	47	31	17	18
26	28	48	4	48	17	6	2	25	19	47	14	31	40	43	10	39	16	14	33	9	10	40	38	14	14	18	14	48	19	37	30	31	6	4	21	3	16	45	41	41	6	31	17	45	24	12	49	39	29	23	24	6	22	20	38	10	22	46	36	26	44	46	36	43	36	20	42	40	26	11	6	37	13	38	42	47	26	18	44	38	40	7	19	0	49	22	6	46	24	6	43	47	17	13	21	3	2	47	24
32	17	49	33	45	46	12	41	44	39	38	38	21	39	36	4	44	30	34	22	36	26	6	1	45	14	1	19	45	30	24	30	19	22	16	29	11	13	9	31	44	15	6	48	32	10	2	42	33	9	49	39	13	19	3	48	21	30	44	11	24	7	9	35	48	5	4	43	10	2	49	2	18	11	13	17	30	44	31	10	7	35	28	35	13	0	8	46	18	16	26	6	22	43	24	35	38	38	22	39
28	33	31	46	46	24	47	3	34	10	9	38	22	38	34	36	6	50	1	9	4	27	16	32	13	1	2	20	45	24	43	9	32	30	9	46	24	20	18	41	17	43	47	23	43	10	12	7	9	1	35	13	1	39	20	43	42	15	14	21	6	46	29	32	46	20	48	45	24	9	12	26	4	39	21	41	16	17	19	11	44	35	12	29	24	7	0	13	43	4	39	8	10	19	6	3	8	23	49	42
33	37	16	16	35	1	18	11	23	38	21	29	11	45	40	42	27	9	36	37	3	11	19	4	49	39	47	38	49	48	30	41	38	21	9	33	18	40	4	13	30	49	35	2	14	38	43	26	31	39	24	11	7	25	21	15	20	6	13	33	35	9	45	17	45	26	36	22	36	46	18	42	4	34	39	29	46	24	13	8	29	21	13	26	13	49	28	0	32	26	11	46	42	50	45	11	47	20	3	39
46	9	33	31	31	7	25	26	21	6	20	47	46	45	29	44	1	10	21	38	35	41	44	29	46	36	6	25	48	43	12	8	28	11	38	42	1	16	22	41	21	7	16	4	40	45	5	17	11	19	16	31	24	1	45	50	42	37	26	9	4	21	40	16	33	36	26	10	49	36	44	3	31	26	10	50	11	43	28	37	45	27	18	44	34	33	31	31	0	28	32	14	46	38	48	22	1	18	29	17
5	17	13	35	44	49	10	28	41	17	39	45	48	43	28	9	3	6	50	12	41	49	1	8	34	19	41	32	14	40	30	35	1	16	41	37	28	30	6	49	5	35	41	26	35	22	30	9	33	19	5	11	47	45	50	16	25	48	9	38	2	6	29	38	24	2	9	18	7	5	30	44	20	24	44	50	14	6	10	25	43	5	48	19	16	22	35	35	13	0	41	30	27	49	35	20	34	21	19	46
20	43	32	39	30	11	50	50	9	4	7	40	20	29	45	41	10	35	10	30	38	19	47	44	24	43	45	2	37	1	25	26	2	41	23	29	19	47	6	6	12	29	18	10	21	21	22	49	20	3	40	24	4	24	14	49	29	4	13	22	32	40	15	24	5	28	12	24	36	8	37	36	23	49	4	27	28	13	41	21	8	30	46	11	3	12	47	46	35	7	0	35	32	48	7	8	10	7	25	13
29	47	49	50	31	7	48	30	42	16	26	27	9	33	19	25	32	40	29	49	5	30	17	4	35	5	20	20	9	21	30	24	19	46	5	42	39	13	25	31	3	36	12	26	30	42	31	49	10	29	20	40	26	2	17	22	32	19	14	3	41	14	2	50	7	47	48	42	26	49	35	42	44	26	1	17	36	37	7	42	44	47	37	21	2	14	11	15	13	8	31	0	30	20	1	42	24	24	8	34
47	46	25	16	32	25	30	31	39	5	11	4	31	47	33	50	7	3	48	36	24	12	12	15	13	9	28	42	35	48	8	30	13	3	48	32	49	28	26	49	37	45	6	15	44	31	46	16	32	5	3	33	21	22	21	50	40	32	17	5	39	38	24	17	37	6	44	16	26	32	28	22	49	35	3	26	25	44	21	26	7	43	44	10	13	28	20	38	3	9	29	33	0	42	43	42	5	49	6	6
6	7	40	29	23	3	16	28	38	22	43	47	5	29	29	16	25	40	7	47	44	14	11	20	13	25	3	20	48	39	48	35	27	44	3	31	20	16	13	34	13	34	49	40	6	15	26	7	5	15	48	37	33	43	27	2	3	32	38	29	49	34	40	5	33	13	35	42	23	40	16	15	5	18	32	34	30	37	3	29	31	16	32	11	20	45	2	8	9	36	21	39	32	0	28	45	49	18	10	18
27	6	41	50	5	43	2	30	9	32	21	27	2	8	43	42	7	4	49	49	7	11	35	34	33	35	33	31	12	43	39	41	23	37	30	43	49	1	43	30	23	19	36	18	29	14	7	16	45	41	39	19	23	34	26	24	18	44	31	10	6	12	8	26	26	44	41	38	27	37	13	43	43	5	35	27	16	19	17	40	43	9	41	15	43	18	14	25	50	13	46	12	16	39	0	26	42	1	17	34
45	22	36	48	43	14	43	34	24	44	3	12	19	7	19	49	36	21	43	29	50	38	35	19	23	32	18	24	32	6	42	34	29	8	49	24	1	18	30	40	10	4	44	37	22	38	35	28	18	35	17	37	22	12	29	42	7	2	13	28	10	12	42	9	49	10	16	11	49	30	49	30	38	7	17	50	41	43	41	28	33	36	36	5	45	34	30	12	21	31	30	39	43	50	46	0	25	24	3	13
45	15	5	37	50	27	23	11	13	42	6	15	27	39	47	4	17	1	16	35	40	38	24	14	28	35	27	26	13	22	25	30	47	40	7	26	16	49	19	49	15	23	34	31	27	11	28	26	18	25	33	12	24	48	5	10	33	11	36	40	4	13	41	30	18	47	48	41	38	25	1	9	28	3	44	48	8	12	7	39	1	15	16	21	12	32	49	41	28	10	11	27	41	29	21	6	0	8	37	10
43	36	18	50	11	50	9	23	28	42	31	45	7	16	28	43	19	3	31	10	6	4	6	39	1	12	16	37	17	27	37	5	15	37	6	42	41	45	3	2	27	13	47	35	44	9	42	46	25	49	24	21	15	1	14	12	20	3	23	3	7	24	45	49	47	14	4	49	23	25	37	50	27	2	24	43	1	20	43	13	47	12	32	41	36	13	27	46	34	16	13	40	28	8	26	21	48	0	17	26
18	6	36	50	2	25	12	24	25	28	35	6	12	26	18	27	16	41	37	27	32	22	13	34	44	41	45	44	6	8	49	9	39	5	9	17	4	2	34	38	27	8	21	35	37	21	32	4	42	8	37	30	47	20	28	50	13	27	15	50	17	36	20	47	31	41	44	2	32	47	39	28	41	9	6	42	1	46	1	48	17	48	36	41	5	9	9	43	13	12	16	10	37	43	33	36	49	21	0	2
20	44	19	3	26	27	14	16	14	27	24	9	1	31	6	17	25	41	39	3	36	24	9	12	43	35	48	11	31	23	35	4	9	37	32	26	31	12	32	40	34	3	40	16	31	36	28	35	30	13	39	18	35	17	38	50	43	20	44	21	31	50	19	24	25	24	44	37	39	32	11	36	12	16	26	46	49	50	31	23	26	48	8	6	31	45	30	47	33	14	25	5	1	49	44	29	38	13	2	0
31	10	42	31	42	33	47	45	7	13	22	18	38	17	29	26	19	38	4	34	27	11	26	23	40	34	7	17	45	24	33	13	5	33	21	38	10	6	18	3	25	15	30	22	9	28	48	22	38	28	7	10	29	2	35	17	2	23	18	20	25	26	33	14	16	43	23	10	23	35	25	30	6	26	23	33	23	34	47	4	11	3	14	4	37	12	24	23	47	23	39	14	30	47	49	17	19	25	34	13
0	22	10	14	22	42	39	10	11	35	11	4	29	42	43	47	18	23	41	41	24	16	6	48	12	14	5	17	16	2	27	21	16	21	11	41	27	19	26	22	26	29	6	3	24	2	18	8	17	38	44	18	16	31	16	30	4	9	12	29	29	4	33	47	3	4	42	9	24	37	30	5	35	26	31	32	29	10	44	22	17	42	31	43	4	8	22	21	26	42	42	8	13	34	4	24	47	50	32	1
13	0	12	39	15	34	16	21	28	20	15	42	34	46	35	11	39	40	25	50	46	36	32	26	41	21	10	17	42	41	41	18	15	39	49	23	15	47	1	42	23	8	17	32	9	19	24	1	19	45	34	47	4	41	18	17	31	32	26	45	24	11	36	47	4	43	49	18	13	49	22	7	3	3	5	47	23	8	44	39	4	10	49	47	26	29	50	18	6	20	40	14	34	43	39	43	28	50	49	25
20	1	0	42	37	36	37	50	29	12	40	47	18	27	4	45	26	18	7	13	37	29	29	33	46	32	15	37	47	8	42	15	27	40	4	21	12	2	37	13	49	14	9	23	29	32	30	39	38	19	11	48	35	3	1	25	30	27	37	34	13	41	46	26	32	3	38	32	42	30	33	49	13	39	42	30	48	33	18	28	20	32	50	25	16	37	29	44	31	42	1	14	34	45	31	30	11	33	27	13
35	46	39	0	38	38	4	24	32	27	43	3	30	45	31	2	29	8	39	26	14	9	3	24	36	11	9	46	17	38	27	35	23	40	16	14	45	28	17	22	7	2	42	37	41	10	10	31	30	5	47	44	31	50	34	16	44	5	12	7	39	31	1	6	44	10	43	38	49	29	39	39	3	45	4	19	7	48	31	44	39	48	32	42	13	46	20	32	29	45	30	33	30	10	4	26	34	21	19	16
43	13	21	17	0	36	7	6	29	43	27	1	24	6	47	47	18	10	42	21	17	13	5	42	18	31	21	15	50	22	25	46	41	49	18	39	50	12	8	17	17	2	15	12	5	45	22	39	11	4	46	33	35	36	9	31	41	46	2	21	30	28	2	8	13	45	28	41	16	30	22	37	32	29	22	19	38	34	42	21	26	43	10	40	44	44	43	25	43	3	27	41	5	40	36	21	12	27	31	43
39	40	29	16	19	0	47	15	8	29	39	8	6	25	13	8	24	20	46	39	36	9	34	46	17	29	15	48	47	42	28	50	15	50	39	26	36	12	33	16	48	33	8	20	38	8	5	13	44	26	50	20	5	17	15	19	38	34	44	35	26	15	18	26	37	48	27	23	4	15	30	28	38	16	8	11	9	17	10	36	16	31	20	12	10	43	10	12	22	29	36	30	22	22	48	27	41	18	13	17
36	36	13	26	24	40	0	4	41	15	34	16	16	49	2	19	35	5	38	23	12	6	28	32	20	5	24	19	22	10	50	6	24	11	41	5	21	4	8	21	16	18	20	40	16	31	12	42	2	44	50	19	45	26	28	3	37	21	11	4	27	1	32	42	48	40	46	42	39	7	18	41	47	46	50	32	3	20	27	1	33	38	29	32	42	48	8	27	32	23	11	38	6	38	40	23	28	2	46	36
27	34	34	25	29	37	45	0	39	41	13	16	13	49	13	38	40	1	15	25	2	8	21	40	24	5	30	30	31	49	40	49	12	33	34	19	13	46	17	15	22	42	18	38	12	33	17	42	33	14	9	41	48	13	43	31	14	29	28	26	27	41	31	37	5	11	2	50	32	17	15	6	25	24	13	33	26	48	17	5	24	48	23	18	23	39	45	27	41	23	36	11	19	44	47	29	24	34	8	42
3	40	38	3	9	39	43	36	0	36	46	45	17	33	46	26	36	11	1	41	10	50	42	26	36	41	42	5	37	37	23	10	36	36	44	19	34	43	34	1	4	11	45	40	18	40	10	7	30	36	22	37	41	46	44	1	28	46	29	15	50	4	9	7	20	29	8	45	48	42	8	6	31	39	42	31	37	4	41	45	29	48	16	47	3	31	2	22	36	37	1	6	33	41	36	4	3	43	33	43
1	8	18	20	49	39	35	15	25	0	40	8	10	15	2	24	9	9	29	23	28	13	37	37	1	26	30	26	48	8	3	22	48	37	17	16	32	43	15	20	29	42	13	25	38	42	3	21	18	31	45	23	48	37	3	6	3	18	46	14	49	45	35	40	4	35	12	24	40	42	12	22	35	36	13	40	42	24	38	25	10	17	38	36	38	18	20	5	7	20	23	11	30	1	41	33	47	42	25	2
22	18	14	45	29	6	21	43	37	17	0	35	14	29	30	6	42	45	22	19	14	34	6	3	42	39	24	31	30	3	44	13	49	25	41	26	9	30	9	10	49	29	5	29	29	2	21	36	6	8	8	12	1	45	2	20	37	43	9	48	13	2	17	32	14	50	22	46	17	19	37	46	30	12	22	20	29	40	19	28	27	49	19	44	38	44	39	24	45	30	41	38	23	2	36	12	17	27	50	32
9	15	34	48	46	31	13	31	5	41	9	0	17	9	43	20	8	43	22	2	33	28	16	18	6	26	15	26	27	41	35	22	30	38	29	18	3	16	42	43	46	42	14	26	35	5	22	36	12	28	22	45	11	11	16	20	33	37	23	8	21	26	48	15	20	20	34	6	3	45	3	25	44	21	10	30	24	22	48	7	23	5	20	5	44	47	24	10	2	38	28	27	6	24	25	19	2	12	36	6
25	5	14	20	49	46	50	18	43	48	31	43	0	8	42	43	24	18	4	1	27	42	5	6	17	2	29	2	9	27	1	41	47	39	43	34	18	49	11	8	44	31	44	39	34	6	14	43	12	27	30	45	18	17	15	44	1	31	40	28	8	27	10	14	5	1	39	23	32	23	28	42	16	9	27	31	50	12	42	31	31	14	35	29	47	43	36	40	33	9	40	24	17	25	21	33	13	1	47	15
36	18	35	27	12	41	2	49	6	48	33	2	13	0	1	36	3	11	19	43	7	24	11	4	7	42	6	15	20	47	14	48	24	14	16	33	39	24	9	9	11	29	13	31	13	34	33	12	41	6	37	26	40	21	28	18	43	2	28	16	38	24	46	31	28	30	29	47	38	41	44	38	18	36	2	12	36	32	40	24	13	19	21	20	4	1	38	44	21	49	42	50	28	50	38	14	4	36	19	36
25	20	11	25	29	16	2	36	7	49	37	27	45	41	0	9	47	13	11	38	32	6	19	2	16	33	43	49	37	3	5	50	28	19	42	20	50	2	23	27	48	48	50	4	15	5	45	12	13	42	40	42	13	42	44	12	22	4	16	24	48	41	46	33	38	18	1	6	14	23	13	15	10	29	18	6	16	11	38	36	42	20	42	48	47	47	47	42	35	37	3	40	29	33	10	7	12	31	17	35
28	48	12	43	41	28	31	11	39	1	24	3	20	17	45	0	37	7	8	45	15	15	43	33	27	38	48	37	36	21	28	1	31	28	26	11	25	11	32	3	4	1	47	19	39	9	41	3	14	24	18	32	30	19	19	29	22	31	40	4	5	9	49	31	1	45	1	12	39	24	27	5	32	35	10	36	23	3	32	2	4	10	2	33	18	1	13	10	37	13	31	5	3	21	42	38	10	14	1	29
41	48	35	16	20	23	48	46	45	1	35	42	40	12	35	22	0	46	29	27	12	47	2	8	24	9	36	26	50	4	32	29	22	49	15	21	4	42	6	17	5	6	49	44	47	10	28	33	45	40	11	32	29	8	50	9	29	24	27	30	3	13	27	6	25	18	13	11	3	41	41	33	2	23	21	12	29	40	6	50	18	30	44	28	37	6	22	19	18	25	13	25	11	40	27	23	49	4	36	47
18	9	7	44	22	22	44	7	7	27	44	7	41	42	36	25	11	0	34	6	41	50	22	34	37	13	4	30	28	37	27	2	40	33	12	1	5	23	36	13	24	34	16	9	30	23	47	21	31	29	41	48	11	38	42	27	32	22	49	24	8	2	14	18	32	35	19	42	24	42	8	39	33	22	15	47	24	41	3	8	28	4	29	13	26	15	37	23	22	18	27	13	11	22	26	14	43	3	8	23
42	24	11	7	14	22	7	8	11	10	5	29	35	46	25	38	15	44	0	7	18	25	5	2	20	22	31	27	47	10	31	28	46	14	28	13	26	4	10	43	7	40	45	20	26	40	25	3	33	2	49	45	15	4	36	4	36	5	13	48	43	19	36	36	40	14	29	46	9	24	11	31	21	48	18	19	42	42	21	15	29	29	23	17	12	27	13	43	49	38	29	36	27	6	23	47	24	50	23	21
40	43	3	13	28	31	42	7	46	42	18	36	25	26	1	15	7	5	1	0	13	48	34	12	18	24	15	2	31	16	4	42	29	5	50	36	29	10	46	12	23	16	17	26	4	41	21	15	11	13	49	48	9	19	8	23	29	1	14	23	38	34	16	1	26	7	43	16	33	29	23	47	28	42	22	34	36	12	5	39	49	9	26	19	24	10	1	18	4	27	43	14	12	16	14	24	41	23	3	44
40	5	11	43	24	35	33	7	44	14	28	26	21	40	31	1	44	44	50	42	0	20	40	23	32	25	36	45	19	12	10	16	38	15	2	6	23	29	7	14	10	33	39	45	29	21	39	46	43	42	41	44	35	35	3	26	49	20	16	46	40	46	37	39	37	3	7	1	31	40	16	10	21	1	37	18	16	16	3	13	34	32	11	8	35	44	27	33	15	10	11	6	25	36	6	21	6	22	32	34
31	38	33	33	48	29	3	41	43	23	16	41	46	15	24	19	8	3	10	38	48	0	42	39	42	36	38	33	44	29	8	25	14	46	29	13	34	29	26	21	39	20	7	38	32	5	2	11	33	12	8	45	7	40	45	24	44	42	26	39	28	39	43	25	17	21	6	41	32	23	47	19	44	29	3	30	14	34	40	10	48	11	30	7	45	41	9	7	45	19	8	12	10	38	25	5	44	40	5	13
40	32	43	36	22	29	28	3	20	48	13	14	31	17	26	24	31	44	43	32	16	18	0	17	14	48	11	45	10	30	8	18	39	5	36	45	24	43	43	48	14	37	29	24	26	26	19	38	29	36	12	24	4	49	40	38	46	37	6	30	31	9	24	46	1	18	15	26	32	34	23	41	5	21	38	25	2	33	35	36	12	25	5	32	33	39	7	33	44	6	11	15	7	13	15	20	43	39	45	30
13	3	10	21	26	16	50	41	14	18	14	33	13	46	8	2	47	30	39	7	1	36	6	0	37	39	17	32	1	50	46	43	24	2	46	38	40	13	29	11	20	19	49	8	23	40	5	50	32	30	8	40	24	22	32	45	24	13	34	26	1	1	1	24	18	27	38	18	49	46	38	10	15	9	33	18	36	45	46	6	39	44	37	10	14	37	48	39	44	35	8	25	14	12	41	9	40	40	31	31
34	14	42	22	21	29	22	10	32	9	17	36	49	12	7	38	32	43	31	29	4	47	27	3	0	9	10	23	5	2	44	30	32	16	50	14	45	6	24	48	1	27	36	6	27	38	41	33	28	20	43	42	13	17	12	39	50	37	13	13	10	3	23	50	49	2	20	37	34	30	49	36	34	26	26	47	46	19	25	27	36	32	48	39	6	4	39	23	32	14	35	42	40	2	48	47	28	19	8	27
13	7	21	19	5	33	34	2	33	13	13	44	34	40	6	44	22	6	23	38	22	10	17	5	45	0	4	8	2	15	26	11	49	41	6	20	40	15	14	19	17	23	22	27	39	40	33	9	11	11	28	32	42	32	50	41	32	42	5	46	22	11	8	45	12	15	42	13	3	1	48	4	25	34	3	27	42	50	39	50	42	3	49	47	32	31	25	13	45	7	31	24	29	4	47	42	23	30	18	30
39	9	16	27	48	13	9	10	36	31	42	23	15	42	44	43	25	45	38	46	33	12	47	8	39	43	0	39	12	48	30	41	21	28	44	45	49	30	17	9	26	6	50	8	20	38	41	32	15	16	41	42	6	50	47	34	7	17	19	27	26	16	15	39	41	42	4	17	33	41	20	9	38	13	41	23	27	10	35	43	18	46	37	16	26	20	14	3	3	2	33	1	47	22	28	50	18	12	29	17
24	45	16	16	26	1	27	15	9	12	34	25	49	2	11	28	34	22	1	40	15	48	9	24	42	35	44	0	47	34	33	24	33	2	43	9	8	30	39	37	44	27	24	46	43	17	4	39	29	17	27	42	40	22	14	18	37	6	36	10	10	13	24	21	10	22	41	49	45	27	25	17	45	11	31	13	37	37	21	48	44	9	35	3	43	28	30	6	43	8	3	14	38	9	18	29	30	3	9	14
43	45	22	38	11	42	3	14	40	49	21	10	32	28	49	3	35	29	29	11	35	36	3	27	19	19	14	26	0	28	14	44	41	27	11	30	2	4	21	14	9	37	7	30	32	47	30	27	15	37	21	22	6	21	13	2	33	46	5	9	22	48	14	1	9	29	30	26	5	38	12	10	28	18	30	45	7	28	35	24	19	18	4	25	33	30	9	34	37	23	2	39	26	2	32	6	3	39	4	3
24	40	25	33	37	40	21	47	39	34	3	29	44	7	3	45	39	43	1	50	40	32	43	44	36	4	6	1	3	0	43	26	24	14	31	20	50	39	8	17	22	47	17	49	34	21	46	20	12	48	34	1	2	7	40	40	2	9	11	35	46	13	26	4	42	7	28	14	6	47	26	50	8	45	30	37	27	9	3	31	36	7	8	40	20	2	5	32	49	34	1	48	10	31	14	37	26	45	39	16
12	44	40	32	5	20	32	29	24	4	23	32	50	27	44	9	22	45	21	19	6	17	1	45	50	32	7	33	26	24	0	5	27	50	9	30	3	37	24	34	20	28	3	30	18	9	42	39	37	26	34	16	32	44	42	11	34	37	25	13	11	46	3	2	48	47	29	43	30	24	22	18	15	7	13	34	9	37	23	44	20	9	28	26	48	22	28	7	24	30	5	13	50	13	43	43	25	45	15	50
16	28	48	36	8	9	6	4	39	29	37	40	19	39	2	6	8	40	38	20	20	34	23	5	38	33	18	40	39	38	1	0	15	37	24	24	9	16	28	44	22	50	9	17	21	19	29	14	48	13	21	14	31	43	3	36	39	7	39	19	6	36	36	11	29	11	26	2	27	37	41	9	19	27	6	36	20	38	38	32	27	4	35	33	8	37	3	31	28	18	34	23	30	30	25	5	46	13	47	31
6	9	17	11	10	49	29	21	16	1	29	46	32	17	8	31	17	5	20	6	29	4	8	14	12	27	20	2	5	32	23	45	0	32	28	1	9	27	21	25	35	41	15	46	22	18	32	17	26	29	36	6	46	18	43	35	37	22	26	44	17	15	21	26	18	39	10	3	8	37	47	50	28	26	49	28	38	23	23	16	35	19	23	41	17	30	24	34	14	23	29	15	36	31	27	9	50	10	45	6
32	13	8	34	10	49	46	29	13	21	50	36	40	4	50	29	45	18	9	31	37	30	24	33	48	29	22	5	4	10	5	26	41	0	29	30	6	43	46	14	3	13	23	15	7	31	11	49	45	37	7	12	23	32	14	6	43	5	11	12	36	46	7	24	49	48	4	50	3	48	9	32	33	23	18	36	10	18	42	26	34	33	41	45	46	48	31	38	28	15	39	23	40	7	23	27	8	8	48	20
19	11	40	27	18	5	39	6	30	7	17	33	50	30	29	14	40	22	4	29	31	36	16	14	19	38	14	49	14	31	15	1	35	23	0	9	10	8	44	34	30	19	15	44	47	49	20	6	29	39	48	46	23	40	14	33	46	26	49	19	2	23	4	26	46	28	22	4	43	16	46	38	48	31	17	47	34	25	31	28	46	30	12	20	11	31	32	13	5	2	22	25	22	37	25	48	22	46	20	19
38	27	21	13	16	48	6	32	9	17	4	15	7	46	7	14	31	32	27	40	27	25	22	8	20	13	47	42	34	46	36	48	36	30	15	0	42	49	45	33	32	10	21	36	48	10	37	6	31	7	19	22	21	45	40	20	28	25	28	11	42	12	31	16	4	37	39	26	49	27	2	28	40	31	25	45	2	28	44	25	16	43	12	44	32	16	30	10	7	25	31	41	1	18	42	18	49	40	25	17
50	26	41	1	2	36	47	38	33	22	44	27	23	22	8	16	24	4	26	10	4	39	16	18	25	8	30	22	18	43	50	25	28	49	22	39	0	15	46	8	42	25	12	35	44	26	2	34	7	25	39	13	37	18	44	38	36	29	37	24	23	15	25	24	25	12	22	15	47	2	10	17	12	12	17	28	46	44	47	10	41	18	39	31	4	20	50	5	43	19	41	16	23	37	47	19	2	14	39	40
48	8	41	33	24	35	32	6	45	36	14	28	49	31	21	27	2	21	45	19	3	48	44	44	35	44	7	27	27	41	46	43	15	41	16	46	38	0	6	8	36	16	30	2	18	26	38	11	23	48	33	50	27	43	10	21	23	7	42	43	26	21	46	48	33	24	2	34	3	12	37	42	43	41	49	11	18	17	5	40	10	30	37	30	40	12	15	17	13	33	48	38	41	40	7	14	18	25	23	6
2	20	44	33	34	20	45	22	48	43	15	16	4	5	5	48	34	49	25	32	43	28	29	7	6	11	4	38	36	35	34	14	50	49	8	24	10	1	0	31	10	37	22	27	3	28	25	45	47	22	29	41	26	39	47	38	43	3	33	14	6	45	27	19	21	20	40	41	44	2	18	33	2	43	6	47	35	2	24	48	19	20	38	19	35	9	10	15	40	50	9	3	11	17	47	47	50	16	19	7
35	48	26	10	42	9	19	41	22	11	8	2	31	18	25	11	44	48	24	31	34	38	11	38	41	26	44	43	9	38	25	3	14	29	2	30	26	13	7	0	36	2	46	4	28	29	41	28	48	8	37	32	6	45	35	35	32	27	43	33	33	40	50	38	32	35	3	17	33	49	35	29	8	46	6	28	34	25	13	3	16	11	50	50	13	32	18	17	7	19	35	46	19	5	25	27	14	45	18	44
16	31	48	13	8	50	46	38	4	28	13	47	34	21	32	24	25	26	18	11	47	18	39	29	37	26	37	28	30	11	15	18	39	17	22	16	43	12	29	40	0	5	16	22	35	11	12	42	11	50	28	40	20	20	49	19	43	42	19	12	39	22	11	9	3	12	1	13	31	13	5	4	30	40	6	36	20	39	26	29	5	32	29	38	40	46	4	38	21	29	40	16	25	14	49	48	48	33	12	29
32	6	12	32	5	32	24	1	30	21	37	5	26	27	49	27	11	11	42	40	25	5	40	36	39	48	47	25	12	15	12	28	16	6	2	5	39	49	18	31	27	0	22	43	31	38	32	5	20	21	28	24	26	26	23	4	37	18	18	39	23	22	24	2	26	27	16	6	24	9	1	39	50	12	32	17	13	6	9	10	40	41	5	19	36	21	19	48	48	26	13	12	43	5	10	17	26	17	26	42
30	8	1	38	41	26	8	7	23	29	2	27	27	3	6	1	46	46	24	23	36	7	35	43	40	28	20	21	49	34	5	6	31	34	40	32	19	23	31	19	34	5	0	44	38	14	4	28	7	6	40	50	47	45	34	13	44	29	18	3	32	21	33	35	23	48	40	15	5	15	48	27	31	46	46	34	36	17	21	36	27	34	30	28	16	23	13	3	38	20	29	19	37	40	39	26	32	25	30	11
26	46	3	46	10	50	2	38	20	8	36	2	25	46	21	40	5	37	34	50	14	33	38	11	38	43	43	23	19	1	13	33	26	12	8	26	11	44	8	36	34	17	20	0	48	15	11	49	40	24	31	21	50	1	41	18	22	3	35	37	16	31	47	49	18	7	36	23	47	42	41	44	10	12	42	46	19	21	49	19	6	7	19	19	48	36	10	45	20	1	39	5	12	48	14	50	36	24	46	32
21	36	40	10	24	43	21	37	43	22	17	32	40	6	44	37	46	8	45	32	46	23	34	50	42	23	8	4	38	30	46	24	25	12	44	15	23	50	28	36	8	11	41	44	0	39	23	48	47	11	38	45	33	9	13	5	23	27	35	14	31	30	9	48	47	4	7	35	30	24	20	8	15	33	15	29	23	42	47	49	8	30	14	19	37	41	11	50	24	5	13	45	46	33	47	18	5	13	15	5
20	6	47	29	31	1	1	4	50	44	19	30	42	48	6	38	18	15	31	41	4	19	33	1	43	45	11	50	3	20	2	10	21	13	10	37	24	47	49	27	33	5	29	13	14	0	29	31	8	42	7	29	33	5	7	18	43	27	9	5	11	19	28	17	30	10	50	30	2	29	3	28	45	13	30	3	24	16	50	14	33	42	31	48	26	40	18	40	35	41	40	9	18	26	37	15	15	37	35	46
20	50	17	50	17	14	19	3	23	13	15	12	11	50	18	10	5	37	13	30	25	30	4	3	49	46	10	9	41	18	42	33	27	17	19	23	3	35	26	11	7	25	21	4	15	4	0	2	21	12	21	32	15	2	48	10	2	24	48	17	47	40	14	50	12	35	3	36	10	27	34	25	3	39	13	7	10	19	36	22	44	44	49	26	5	15	45	45	28	8	36	42	44	30	28	41	48	12	22	39
4	21	41	9	4	3	11	24	30	42	17	32	23	27	13	15	16	39	38	29	7	43	19	33	49	18	4	21	26	43	8	7	12	8	19	2	47	27	22	15	27	34	7	19	38	10	45	0	30	44	36	27	35	19	38	11	17	48	3	47	10	40	49	2	22	25	47	18	4	25	21	39	35	15	23	47	42	46	36	23	7	7	36	7	11	18	6	9	1	5	28	46	46	3	15	33	44	20	20	23
49	20	43	32	3	16	50	32	50	20	13	8	4	5	14	2	38	47	18	23	14	37	10	15	10	25	37	21	18	24	1	49	38	6	21	40	11	10	37	2	6	45	36	35	14	18	39	22	0	12	22	20	41	8	34	6	30	10	23	2	4	20	36	2	34	24	24	2	43	20	8	11	50	2	24	29	50	25	46	2	8	38	5	43	20	40	36	23	7	11	49	4	7	31	33	6	48	15	26	34
25	39	47	8	33	32	23	41	3	17	40	22	25	48	47	28	6	28	5	28	50	45	42	35	39	2	42	46	4	36	37	39	30	23	20	29	11	8	36	47	40	33	1	2	41	28	46	15	43	0	25	8	41	6	17	13	5	14	22	34	30	48	42	39	12	20	27	27	1	26	39	45	46	17	43	20	1	27	6	46	25	38	38	31	44	17	21	3	6	25	25	16	28	20	5	23	36	10	6	4
29	45	25	28	27	49	26	4	8	25	28	12	27	26	23	9	17	14	47	18	3	2	10	19	42	37	15	41	14	39	15	47	5	30	37	42	42	40	41	16	16	21	5	20	30	5	36	49	49	20	0	5	3	34	33	22	33	41	20	5	47	19	19	49	50	44	46	29	24	32	29	40	42	6	11	28	31	34	23	37	7	18	6	5	6	34	23	3	1	43	44	39	45	17	43	31	49	25	40	31
43	38	16	10	10	42	49	41	34	25	34	33	18	16	11	2	34	38	47	9	41	20	21	12	24	28	6	6	32	20	50	29	38	4	1	48	48	11	38	40	17	50	15	33	45	25	9	25	39	49	23	0	46	7	14	35	11	38	24	39	1	19	23	29	16	14	37	19	31	23	14	28	6	35	41	5	5	19	50	8	7	25	32	49	46	41	47	35	17	10	5	11	3	31	12	50	34	31	41	45
8	45	17	22	13	1	27	12	2	9	28	18	18	39	47	13	31	19	30	7	44	6	17	44	38	17	10	39	18	33	28	31	3	1	12	30	3	23	7	17	17	18	8	26	26	49	11	46	6	7	47	45	0	26	27	33	34	5	8	35	34	27	46	9	4	19	38	32	29	27	37	8	21	14	32	24	24	13	45	46	26	20	16	41	47	12	37	2	7	38	18	7	17	26	37	48	14	34	14	20
21	22	26	44	14	24	27	2	34	41	27	6	50	37	30	24	39	49	27	28	8	22	39	5	39	13	45	1	20	5	8	4	6	23	40	41	47	39	32	23	11	10	45	49	37	22	13	19	39	7	34	4	26	0	11	41	40	16	49	4	38	22	30	14	46	48	19	16	49	45	20	11	34	14	30	3	31	12	13	43	41	13	25	8	22	26	5	25	42	49	31	6	10	38	16	13	20	33	14	37
27	36	36	14	2	30	38	25	34	33	40	33	24	15	32	34	35	38	49	5	44	35	42	45	13	46	27	31	24	14	46	6	5	20	38	27	1	6	25	25	22	22	43	42	47	32	21	30	47	4	17	43	29	14	0	20	46	32	20	24	19	2	2	23	44	16	32	26	3	34	39	45	9	43	27	3	50	41	40	47	18	1	32	46	36	38	41	14	47	42	9	18	18	14	21	6	19	25	37	16
35	29	45	10	37	25	15	41	35	12	9	28	14	28	36	48	50	49	15	40	49	11	18	29	30	35	28	43	22	42	7	31	29	42	27	13	36	44	31	28	16	49	21	11	30	45	31	37	48	30	41	47	8	10	33	0	24	19	2	9	46	19	9	30	5	46	8	26	32	6	36	14	42	13	32	49	35	26	27	8	17	5	45	32	41	24	16	40	3	5	10	4	42	38	38	8	16	41	4	32
2	3	38	48	28	3	29	48	10	7	40	50	30	19	11	37	45	41	17	7	13	32	15	13	45	31	24	3	12	35	5	12	20	34	5	43	43	22	50	35	31	29	41	16	46	48	30	12	30	13	23	25	37	33	49	13	0	43	2	50	35	4	45	35	22	38	20	2	38	45	13	38	36	8	18	46	44	20	46	31	35	48	18	29	30	15	24	24	40	50	23	35	5	8	27	29	44	6	1	7
9	23	34	47	10	30	22	20	11	20	42	12	37	36	21	50	13	30	1	39	40	27	13	49	43	17	8	42	23	11	38	16	43	3	23	9	12	3	4	33	23	36	9	42	2	45	39	14	26	37	12	20	28	30	2	27	7	0	30	17	32	20	4	30	47	19	10	26	7	20	6	36	3	15	32	40	20	22	35	31	1	7	38	32	7	35	48	29	9	29	24	44	8	40	15	4	33	5	39	49
20	23	9	32	37	14	33	3	30	29	39	49	32	43	31	38	6	37	40	37	31	36	42	3	44	18	12	7	43	41	47	41	22	47	45	15	24	22	20	49	21	15	41	29	46	49	12	29	11	23	8	28	19	35	38	41	46	7	0	49	7	25	37	46	46	39	16	12	19	32	41	11	15	31	25	11	40	14	43	33	3	16	40	23	12	5	15	10	33	16	34	20	8	19	30	25	7	27	29	5
4	1	26	1	2	17	16	8	2	12	8	22	23	35	26	15	10	9	9	45	47	16	47	18	37	40	18	22	27	21	22	48	16	37	4	3	39	29	7	32	46	47	50	35	36	19	39	28	13	30	48	12	2	16	22	35	5	14	9	0	5	22	19	36	17	34	34	15	46	6	15	30	2	46	29	9	44	38	27	7	34	30	24	15	43	27	38	4	28	46	25	15	26	16	13	35	45	20	22	27
47	11	38	12	1	45	11	30	42	20	38	35	8	18	1	50	45	20	28	42	36	10	19	29	12	6	29	36	36	23	39	50	36	39	3	40	42	10	50	46	21	2	2	47	47	31	32	42	43	24	13	4	37	39	42	16	12	45	24	15	0	27	31	19	44	15	25	5	43	38	44	16	20	27	42	10	17	4	32	19	2	16	7	20	38	46	22	22	23	43	30	7	24	42	37	41	4	48	8	30
9	26	33	50	2	50	41	32	6	19	7	27	20	37	19	39	6	34	28	26	32	46	45	15	18	6	16	29	44	9	40	6	32	27	16	5	18	17	7	48	9	30	45	9	42	1	43	22	45	13	36	14	17	38	9	46	12	16	15	34	6	0	39	2	37	49	37	23	46	21	20	49	13	17	10	36	10	37	25	2	44	8	46	28	8	20	42	8	36	6	36	11	50	27	27	19	48	30	29	34
43	10	9	39	42	43	2	7	19	12	20	16	8	1	47	30	46	7	42	46	25	11	4	27	4	28	32	15	35	41	21	1	8	16	13	13	49	11	41	43	24	20	37	20	27	8	16	41	19	39	26	24	32	41	20	7	8	9	3	31	45	35	0	5	24	7	32	48	40	11	38	33	17	40	1	34	24	34	18	48	25	47	29	42	31	49	15	37	40	25	42	44	4	15	16	33	40	12	4	12
33	11	43	1	13	6	43	18	33	3	5	50	18	46	7	41	45	50	25	28	28	21	16	46	33	44	12	28	20	50	29	13	12	34	21	31	45	15	28	38	15	6	39	37	37	35	19	37	49	7	23	48	14	6	42	27	43	20	36	31	38	46	46	0	42	43	31	47	43	12	44	12	43	1	26	6	43	38	37	22	49	5	25	3	14	39	46	34	31	36	48	19	11	8	48	1	17	30	10	49
17	33	45	26	49	3	44	11	36	37	38	7	37	36	47	23	41	41	35	29	29	36	39	39	40	12	10	15	12	6	12	19	1	47	40	35	30	38	16	31	48	35	15	32	16	7	28	48	43	31	6	36	1	37	5	6	13	4	35	35	6	14	34	41	0	12	30	26	41	38	50	18	37	22	26	34	25	39	29	49	27	35	32	29	47	43	19	14	17	46	23	18	13	42	44	26	39	8	26	39
25	29	29	23	16	5	33	15	12	12	35	15	6	13	36	25	3	39	40	36	1	5	38	49	23	49	27	2	13	17	12	24	7	20	31	15	47	33	49	14	10	41	19	33	42	40	43	26	20	46	30	12	27	42	19	27	8	28	5	1	8	15	34	10	1	0	15	37	25	34	9	49	1	27	25	18	38	5	36	42	34	32	41	27	33	49	24	42	15	29	43	40	21	31	10	45	26	27	12	5
48	10	15	39	45	7	49	41	7	35	38	23	23	39	24	49	7	34	36	7	10	29	6	3	21	42	45	23	36	13	25	16	41	26	18	49	4	29	2	7	18	33	35	29	27	25	18	14	47	8	33	29	49	35	36	24	1	45	17	17	46	34	44	8	5	48	0	20	9	11	28	16	15	10	13	48	21	4	27	10	34	31	49	49	28	25	18	49	29	23	7	14	26	47	25	14	27	20	20	47
43	12	44	24	45	37	8	29	50	7	39	3	1	8	15	26	19	34	32	23	21	27	33	35	16	27	22	25	47	2	11	7	39	8	50	1	9	36	25	12	22	6	13	11	22	7	49	44	10	46	3	4	1	3	29	12	49	46	33	50	45	22	33	41	17	15	20	0	27	3	22	27	30	9	29	50	29	6	35	3	23	46	15	35	43	38	45	9	24	13	16	32	21	16	10	49	15	16	23	12
42	2	9	33	40	9	49	15	7	22	10	5	45	6	10	21	37	22	37	2	5	24	44	43	17	19	8	15	28	3	1	45	10	16	18	15	25	36	44	33	35	30	41	30	17	10	13	5	19	18	49	33	25	22	40	17	29	19	11	35	35	29	6	12	45	48	28	13	0	5	41	46	46	32	19	36	16	44	45	17	36	40	37	12	16	48	43	42	32	8	6	40	7	41	29	25	49	27	23	40
28	10	3	44	14	44	10	16	13	7	4	17	13	33	33	34	37	16	12	31	4	24	13	14	42	20	25	14	4	26	17	29	1	45	8	31	12	35	3	11	48	43	27	40	47	25	41	38	21	9	19	46	49	32	48	38	32	36	11	13	20	31	48	41	27	45	19	6	13	0	17	13	11	29	26	28	50	10	3	26	49	11	9	48	33	1	41	41	14	46	15	34	2	36	31	20	24	47	17	37
27	30	19	2	3	5	26	10	21	23	49	25	33	10	49	1	37	37	25	6	26	28	15	20	12	19	21	17	14	7	12	40	17	41	5	17	29	14	19	41	41	24	1	1	9	8	25	15	8	27	16	28	10	39	44	49	19	12	49	2	29	4	4	30	23	40	24	3	5	37	0	35	46	29	31	31	3	32	15	8	33	7	11	18	50	14	49	10	41	16	17	46	2	5	21	13	31	26	9	24
8	19	41	29	16	25	47	33	44	39	32	1	35	25	49	1	46	32	22	23	21	25	27	46	41	27	38	48	9	20	7	11	19	15	34	45	11	44	27	25	9	7	25	46	20	43	10	1	26	15	9	4	15	33	42	31	25	22	19	35	22	37	20	33	15	6	19	5	8	35	3	0	22	35	5	26	15	5	18	8	6	14	9	1	34	6	15	31	24	4	2	22	13	32	43	27	3	29	25	26
17	27	12	7	20	29	35	17	30	27	37	41	47	8	6	20	26	19	5	21	47	11	23	30	20	26	37	32	46	44	26	23	43	2	11	2	34	38	29	45	41	19	38	49	36	42	1	24	12	32	27	9	47	1	37	30	32	1	14	8	25	20	29	23	50	19	10	20	1	42	37	27	0	23	38	9	34	41	1	19	25	33	7	4	23	5	40	23	27	35	35	1	42	12	7	13	7	44	25	46
45	47	40	48	37	24	11	21	9	17	1	23	21	45	37	41	8	7	14	36	25	18	31	40	33	39	10	10	46	15	2	12	24	49	1	41	7	20	15	10	48	9	34	8	12	42	19	39	36	45	7	25	34	21	12	7	35	50	30	15	7	18	33	3	34	32	32	17	40	26	42	47	12	0	46	15	42	7	36	46	9	17	15	4	22	35	21	33	12	9	1	45	36	46	39	18	27	28	20	18
30	33	26	1	46	20	49	39	18	44	13	28	36	20	8	48	20	41	9	47	16	8	45	8	32	50	1	36	22	49	48	6	12	20	20	30	25	15	47	8	42	20	49	4	19	3	50	12	41	33	37	29	13	25	50	18	32	16	26	40	25	47	12	30	14	35	15	41	5	35	11	18	47	19	0	34	23	9	8	45	37	7	31	49	50	40	14	29	36	10	34	43	3	38	7	31	23	29	33	11
11	6	28	2	8	38	50	2	19	50	25	36	24	48	30	7	5	13	44	48	37	42	1	45	43	32	6	48	50	40	49	5	24	39	18	8	43	20	32	16	45	19	32	24	6	12	38	33	7	41	2	25	16	26	18	3	49	10	45	6	22	19	18	34	21	29	7	31	31	42	12	23	13	3	11	0	38	3	15	8	32	40	41	32	19	37	32	33	5	44	44	33	28	16	24	2	45	14	17	24
10	39	46	6	16	3	2	45	50	36	18	20	32	40	19	14	24	47	31	37	38	16	41	23	30	9	2	15	7	42	3	20	39	18	11	50	34	46	6	38	28	38	6	31	16	31	4	29	33	9	26	27	45	36	35	38	28	42	30	46	1	21	39	2	38	15	34	42	9	35	22	34	36	29	48	13	0	20	22	21	12	12	32	49	9	31	11	23	7	12	7	45	39	44	42	25	44	16	21	20
47	15	13	13	47	10	24	13	48	38	14	1	5	20	12	47	30	14	46	12	19	24	49	2	48	49	7	6	5	27	19	24	23	20	7	29	19	10	7	44	40	21	4	6	19	9	43	18	40	34	50	28	38	34	34	35	15	37	4	39	7	38	47	34	10	47	39	16	7	9	10	26	48	18	7	34	44	0	8	15	20	43	23	31	2	38	21	6	11	25	5	50	38	11	23	27	48	18	4	44
26	31	12	9	39	37	40	34	9	13	22	43	8	18	38	50	1	30	13	23	47	23	39	25	41	42	40	13	16	28	30	50	19	12	23	7	37	25	18	49	39	25	10	5	17	25	1	23	21	44	45	27	22	12	34	20	28	9	28	43	21	49	20	43	6	28	37	31	7	38	28	44	26	17	23	20	31	28	0	31	31	34	47	2	48	9	41	22	40	15	40	25	20	16	22	6	39	9	4	34
40	38	21	8	45	36	17	7	7	21	47	45	3	44	27	31	5	21	25	2	41	30	44	26	32	27	47	47	15	13	46	36	12	10	22	35	9	22	12	41	12	20	38	39	7	1	4	44	35	24	5	14	3	9	47	45	23	14	37	35	23	35	26	13	14	9	23	17	28	25	21	30	8	21	10	44	22	22	33	0	12	9	22	13	28	33	12	11	42	2	17	35	12	37	22	12	15	38	20	48
8	4	23	29	2	20	1	37	45	30	27	12	19	12	29	44	13	23	30	25	19	13	44	45	20	4	24	4	46	32	13	5	9	28	20	31	48	15	18	1	23	32	19	5	8	13	15	32	22	17	5	38	46	31	47	7	20	19	35	48	48	10	32	6	14	35	47	28	41	47	47	17	39	22	40	10	49	8	25	30	0	8	1	36	11	27	7	44	27	12	2	25	12	5	4	9	7	35	12	16
26	44	39	35	21	6	29	22	2	16	13	2	5	42	46	12	29	47	43	3	21	14	10	13	44	44	38	35	33	13	13	31	21	19	9	45	46	39	12	15	32	2	38	11	50	20	40	27	43	24	11	28	32	10	27	2	9	37	46	12	30	8	18	41	10	28	15	26	46	44	11	9	43	30	1	23	29	50	10	33	33	0	8	29	32	17	36	2	1	20	32	20	42	42	7	1	8	2	27	10
12	10	14	2	18	26	7	9	14	33	12	15	47	2	31	45	3	44	12	39	40	28	28	39	11	25	39	27	26	33	42	22	42	39	23	30	13	16	20	3	48	23	3	44	47	20	22	12	20	31	25	44	14	17	39	18	19	20	34	17	34	45	29	18	27	22	25	18	4	33	40	45	46	47	32	36	24	25	1	50	13	47	0	13	35	34	30	8	21	42	1	11	46	47	38	48	14	32	27	18
20	40	41	41	32	32	31	42	22	2	30	33	5	18	21	13	45	2	33	5	29	40	5	40	39	41	24	46	5	39	31	43	44	34	50	12	4	21	11	8	39	2	14	34	40	7	9	8	32	6	25	39	16	2	1	37	8	18	7	27	50	45	47	48	42	47	39	33	11	44	12	8	16	46	23	5	39	22	39	13	38	33	18	0	50	30	20	11	4	10	8	24	8	10	11	29	31	5	24	14
7	49	16	11	13	8	6	47	3	12	32	14	26	16	45	32	47	12	48	42	32	15	1	12	34	10	44	30	4	26	22	8	35	42	26	47	32	40	10	5	5	44	32	20	30	23	6	43	32	30	22	13	16	22	24	1	37	5	16	32	47	21	15	40	29	36	32	18	2	24	38	17	8	22	36	5	26	17	48	42	26	11	20	47	0	3	18	6	45	39	11	28	9	41	10	23	37	30	49	18
15	36	34	38	48	12	38	50	40	31	14	3	6	25	16	28	10	17	36	17	35	26	6	50	15	31	44	2	43	50	17	43	49	12	18	14	3	35	17	36	12	1	3	7	48	41	32	30	21	31	36	37	32	40	35	24	20	48	40	48	25	8	41	47	6	33	19	38	3	8	9	2	49	32	40	23	49	16	48	49	24	27	20	50	42	0	24	21	20	40	2	5	50	22	19	42	33	35	33	19
46	19	46	25	3	11	10	34	43	45	48	31	31	26	43	36	27	29	8	21	17	23	31	43	28	49	44	35	1	7	47	50	24	32	7	25	27	42	29	46	17	41	18	1	5	6	31	19	30	2	2	42	21	46	12	18	20	46	23	49	13	30	5	34	17	40	32	1	36	23	12	32	37	44	41	30	26	38	25	27	21	34	18	16	6	33	0	47	6	2	46	13	33	48	6	17	40	47	35	27
2	29	7	16	3	29	2	13	14	22	2	41	10	43	38	22	9	19	40	41	45	43	19	5	26	44	45	18	2	44	14	35	16	13	13	21	11	18	37	40	17	23	27	33	44	30	27	7	28	12	3	42	18	11	27	7	13	29	25	10	28	40	40	1	44	26	47	37	6	25	18	33	9	47	25	12	19	34	13	1	33	10	35	21	38	3	5	0	3	36	50	10	8	13	24	33	20	14	40	37
16	16	30	26	2	25	34	11	40	44	11	47	43	32	7	37	48	17	7	18	4	25	14	13	14	23	21	10	4	46	2	2	42	36	39	10	12	10	29	32	29	44	30	2	46	28	21	48	39	37	24	15	10	17	31	3	28	25	35	31	28	7	22	20	24	46	3	31	38	5	49	10	46	21	37	36	14	14	14	31	3	42	1	34	34	7	33	45	0	47	41	3	13	19	1	46	17	13	41	7
37	27	41	8	43	9	31	20	39	23	39	41	34	35	49	46	27	12	42	1	30	5	33	29	43	35	16	16	1	10	13	46	10	30	29	49	46	1	49	4	41	22	34	37	46	38	8	2	32	7	7	14	36	17	6	48	43	21	35	46	33	46	40	28	40	25	14	14	25	37	5	9	43	15	29	19	37	32	4	7	26	28	13	44	14	30	18	12	5	0	20	42	10	11	28	28	17	21	40	28
48	26	32	25	43	25	32	50	12	46	8	43	12	2	1	13	27	26	48	33	7	49	11	47	21	22	30	32	26	21	37	17	26	9	33	46	1	7	48	28	12	19	49	49	32	25	31	49	44	3	23	38	46	13	35	45	40	14	9	27	45	26	30	2	35	28	1	49	48	16	16	38	24	17	3	23	29	35	19	22	23	45	36	29	7	38	38	13	18	34	0	23	46	18	35	30	28	22	16	42
16	46	3	28	11	39	9	26	2	27	1	44	42	34	32	17	43	5	45	3	33	23	48	17	9	16	34	11	5	19	34	15	16	14	49	4	31	50	47	50	45	18	3	14	28	26	24	3	9	24	16	20	38	10	50	2	29	22	18	15	48	44	19	33	48	29	21	13	42	47	5	14	44	17	37	44	41	44	18	15	4	25	19	19	16	18	16	11	8	17	3	0	13	50	28	22	44	11	30	24
5	12	45	30	47	20	22	25	7	5	27	6	35	48	29	40	28	28	27	24	22	22	9	39	49	18	15	23	17	24	48	15	17	28	8	5	24	43	4	45	7	22	27	22	4	35	4	35	2	25	48	7	11	8	9	34	42	20	44	30	17	9	30	28	43	41	10	37	19	9	43	24	36	17	3	15	39	21	2	16	28	37	46	1	31	28	38	27	1	12	49	13	0	36	50	45	21	31	47	8
18	47	4	20	2	17	9	38	33	12	35	1	17	32	34	19	41	47	20	37	35	3	14	7	26	26	17	24	4	11	32	48	40	35	7	23	17	37	35	12	38	28	28	5	28	41	4	18	24	44	47	40	18	32	15	36	20	39	47	24	47	18	5	2	17	6	7	48	20	45	43	42	4	47	44	26	20	49	2	17	48	31	49	35	29	10	18	15	43	10	40	14	21	0	5	2	46	31	5	25
16	3	41	46	3	21	43	6	27	20	8	33	29	43	8	45	38	13	5	18	2	17	1	49	23	37	29	32	12	4	3	37	38	29	7	2	26	40	29	46	15	26	11	42	5	37	14	11	27	45	38	34	22	12	33	25	23	3	2	11	22	37	4	50	41	47	50	28	42	49	11	32	47	6	40	34	49	50	13	13	34	13	43	24	9	49	35	20	26	49	17	12	9	27	0	35	30	4	45	39
4	1	3	28	49	37	6	47	15	49	33	44	29	35	46	23	22	22	46	34	6	18	30	34	44	19	9	35	18	25	42	32	24	23	15	3	27	21	15	18	2	22	26	40	46	5	27	25	46	22	44	8	49	21	5	11	16	9	39	1	15	9	1	42	3	16	24	27	45	41	16	35	31	44	30	16	1	35	20	13	8	24	36	13	16	37	22	14	32	37	18	34	16	4	20	0	42	1	23	13
29	17	19	22	27	40	33	44	42	30	27	10	7	32	14	26	35	18	14	41	46	2	45	22	37	39	43	48	18	28	18	40	27	29	35	23	21	47	37	30	44	35	9	13	28	45	17	14	28	26	48	18	25	34	31	42	39	42	14	32	12	1	37	31	27	37	24	16	12	45	30	36	5	7	27	11	43	10	8	49	42	31	19	12	3	43	40	44	40	29	41	35	15	48	24	17	0	35	46	46
5	6	23	11	15	7	40	10	30	50	6	48	9	6	26	8	23	16	31	29	36	8	23	33	34	25	43	31	46	45	20	5	20	43	22	39	22	14	33	3	6	41	25	36	38	29	45	1	39	16	3	17	25	29	30	5	19	46	25	9	9	30	45	39	48	50	13	48	23	6	12	19	47	46	32	16	3	46	46	38	8	21	38	17	45	46	44	14	19	27	5	4	10	41	36	10	48	0	26	23
5	2	5	35	50	23	48	34	26	8	14	23	40	13	13	18	25	21	17	17	43	19	7	12	43	16	11	40	40	47	30	17	31	39	49	25	38	15	13	34	14	32	31	30	4	8	30	35	34	7	7	43	28	6	31	44	18	15	10	1	28	12	10	21	41	13	11	25	20	18	40	8	45	23	23	47	26	33	7	33	34	22	19	34	15	15	47	17	2	22	50	3	1	27	27	6	38	2	0	47
3	7	3	21	25	49	3	6	38	46	20	18	46	2	36	39	23	44	38	21	50	25	26	43	27	10	46	20	50	34	17	16	48	6	50	11	39	34	44	46	19	39	45	25	9	46	9	41	2	22	48	25	42	30	26	27	1	32	42	37	30	10	44	47	16	16	1	15	31	20	50	9	40	8	20	12	25	28	11	44	2	4	31	17	37	24	12	33	12	33	3	5	15	45	38	47	5	41	1	0
