2
8
2 5 2 3 5 4 1 5
4 5 4 2 4 4 2 3
16    22    13    50    42    36    48    32    14    21    46    28    44    30    33    12    30    17    18    49    39    28    32    35    35    26    47    45    49    35    27    41    12    12    18    17    24    40    43    17    37    37    41    21    11    20    22    44    22    26
33    36    10    41    17    39    11    45    48    33    16    18    25    45    47    36    14    12    24    45    33    43    26    43    25    40    32    28    45    37    13    31    49    15    19    44    10    39    47    23    28    41    24    46    13    28    50    12    39    44
43    19    18    12    28    19    19    12    28    20    41    39    22    10    35    28    45    13    10    27    33    46    24    42    32    35    23    36    45    48    43    39    25    50    16    39    22    44    15    31    17    21    36    32    11    43    41    34    17    50
27    20    32    14    26    33    16    17    16    37    38    39    38    18    50    13    35    29    27    20    28    15    41    41    18    39    35    14    27    41    48    27    15    25    10    41    33    21    34    22    10    18    36    34    32    31    24    25    28    49
11    32    47    15    42    30    18    27    30    49    29    26    14    13    11    34    47    18    19    47    43    27    20    32    43    44    31    37    23    45    39    28    45    16    49    16    22    45    13    17    42    20    10    21    42    47    40    25    49    17
33    15    33    17    31    23    43    26    45    31    45    31    32    24    33    13    43    45    23    23    48    37    12    36    48    15    31    22    33    22    34    49    17    13    49    13    17    39    41    43    17    10    27    46    34    43    22    36    24    22
28    43    24    40    29    33    33    46    10    37    35    24    23    11    29    25    31    30    37    18    32    16    19    25    38    31    16    15    23    40    45    49    37    10    30    24    40    43    29    43    19    29    40    45    26    10    23    43    34    21
47    45    12    46    17    34    30    45    20    28    17    12    30    35    19    26    17    28    14    32    38    18    48    26    41    42    12    20    48    27    43    13    26    50    12    19    11    21    23    36    24    37    22    46    18    44    21    33    11    24
1 5   
1.5 10
1
1.5
16	30	21	10	20	31	14	4	17	16	50	11	48	46	10	9	22	28	18	8	26	46	48	24	46	37	44	47	6	27	37	4	7	45	24	34	22	36	28	2	47	3	24	5	14	45	41	43	47	10
0	7	20	30	1	42	8	28	18	33	22	47	18	24	44	23	6	42	4	4	24	17	38	32	43	50	35	4	34	20	46	50	49	45	48	13	35	1	10	25	34	3	49	17	38	7	16	35	14	33
32	0	43	38	45	49	11	9	18	1	27	8	43	5	36	23	29	33	38	15	36	24	14	50	50	23	1	14	14	21	11	26	43	21	27	15	50	23	49	14	35	21	29	21	10	8	33	45	22	27
4	16	0	16	39	48	7	37	21	42	8	35	43	31	10	2	43	9	10	8	16	4	39	15	25	38	43	14	2	10	34	12	29	12	34	46	34	27	47	25	13	17	33	10	47	38	30	4	34	33
46	4	9	0	29	35	38	48	28	37	18	7	10	5	23	26	1	7	21	44	10	42	39	31	40	8	47	6	3	27	12	29	42	17	15	12	44	6	35	26	19	47	43	16	18	3	28	45	50	9
39	6	27	3	0	44	18	50	31	26	3	42	23	21	50	42	9	47	2	18	23	12	40	16	29	7	26	9	45	6	49	33	38	48	36	39	47	25	29	10	34	42	11	50	8	31	1	47	30	28
29	17	1	14	9	0	47	48	40	13	10	43	20	24	42	15	26	35	14	33	7	19	25	43	18	48	47	2	35	4	27	28	48	38	44	11	22	31	19	48	12	9	33	47	17	11	41	10	18	19
1	45	24	21	49	47	0	19	27	6	31	17	20	38	18	38	26	20	50	44	27	44	35	15	32	15	41	32	8	30	10	50	25	41	15	44	16	24	18	35	39	22	22	16	31	7	8	10	33	41
45	47	39	25	44	1	24	0	34	10	49	39	17	11	24	46	28	22	30	44	45	26	8	20	28	44	13	6	10	40	23	24	37	6	4	16	41	40	1	10	45	47	43	36	8	13	6	29	43	13
21	7	47	15	30	28	17	40	0	23	39	45	19	9	16	14	34	39	19	19	18	44	33	42	7	32	42	25	4	16	28	42	16	21	36	37	47	5	11	32	46	48	3	49	33	9	48	10	15	46
1	15	7	23	25	45	5	6	47	0	4	27	31	16	26	27	44	14	12	31	31	1	12	34	45	37	43	13	11	5	8	41	44	16	45	6	35	15	32	30	6	3	19	43	32	11	31	28	19	37
29	41	8	23	50	33	22	14	25	33	0	39	21	10	45	21	9	3	14	25	44	5	44	29	29	8	4	21	34	37	13	12	41	1	31	37	15	25	34	39	44	16	5	4	44	36	39	12	10	6
34	15	21	24	16	13	24	48	42	47	6	0	28	14	43	29	5	19	40	28	12	37	48	13	24	10	20	15	35	45	9	49	18	25	9	31	30	20	15	17	29	47	18	23	18	45	28	35	46	38
36	21	15	6	21	48	19	2	27	39	9	45	0	21	2	44	26	49	5	14	9	49	34	16	13	7	26	35	21	41	30	26	4	32	16	17	1	48	4	19	6	34	14	30	26	6	47	14	48	9
22	7	20	10	22	17	29	12	50	2	19	11	8	0	26	5	27	46	8	31	19	28	7	8	43	11	9	25	35	31	22	5	6	45	3	4	12	30	45	27	7	38	49	37	37	37	13	22	9	41
22	47	32	34	11	13	7	1	39	31	3	40	4	35	0	10	14	30	37	17	40	9	36	44	4	14	27	42	40	27	47	42	32	41	42	19	41	21	42	28	24	3	1	11	49	25	45	42	2	5
20	8	26	31	35	40	41	10	27	6	48	30	1	22	29	0	33	11	48	31	16	21	7	12	12	21	19	40	7	41	9	15	5	14	26	18	39	17	11	41	33	46	38	35	46	42	49	27	18	33
18	45	43	39	16	42	25	36	6	1	8	36	10	4	2	26	0	15	7	10	27	13	30	7	26	16	19	2	44	14	5	8	16	24	49	19	19	49	29	30	38	17	23	41	18	15	45	35	40	18
43	16	39	36	38	29	18	32	8	11	21	10	50	29	9	17	24	0	20	33	9	22	44	12	40	14	50	14	3	39	10	49	47	12	35	14	27	7	14	7	34	16	11	24	3	25	20	13	48	3
13	12	4	46	25	43	10	3	15	35	19	2	19	40	43	18	11	40	0	46	42	17	45	43	49	21	46	5	35	4	31	46	1	29	19	36	25	37	20	9	34	44	46	12	32	9	32	20	1	9
39	36	18	37	8	13	50	42	2	20	1	28	38	35	31	16	45	2	11	0	39	10	16	41	43	41	28	40	30	30	34	44	35	5	8	39	29	14	7	2	18	27	43	23	7	43	41	37	44	9
37	33	44	16	1	12	14	18	23	2	37	40	32	40	48	28	37	34	47	14	0	26	42	4	38	22	41	50	16	4	39	6	35	26	1	42	31	48	24	44	47	28	30	3	26	33	30	22	46	33
26	45	42	43	30	20	5	6	12	20	6	41	17	42	39	12	35	15	14	35	49	0	4	13	26	31	9	27	7	34	13	41	42	44	39	15	35	8	19	19	1	7	35	13	28	24	6	12	9	32
28	42	6	27	35	36	12	16	31	9	7	24	19	9	46	43	47	17	35	44	29	18	0	27	13	10	41	26	28	28	35	40	31	50	49	49	38	26	33	21	44	34	40	32	45	50	32	46	3	32
11	9	39	33	9	46	8	48	20	20	49	37	26	18	26	20	30	26	39	2	9	9	9	0	35	50	24	32	5	37	9	15	29	41	33	20	10	36	23	26	39	41	30	28	17	36	13	8	38	38
20	17	15	20	31	42	39	14	10	47	23	43	31	1	35	15	49	40	11	22	31	17	49	22	0	5	8	39	21	40	20	27	35	50	9	7	28	49	29	43	12	12	42	24	24	18	23	43	21	10
21	1	50	27	47	5	7	45	33	28	41	28	2	2	39	11	18	30	34	5	5	14	2	22	9	0	47	19	17	1	6	1	24	25	3	41	15	33	46	20	1	43	25	13	35	49	38	30	27	1
41	10	20	25	49	12	34	5	17	23	26	46	49	40	33	29	36	42	43	49	34	43	41	47	34	50	0	19	37	18	23	10	9	26	34	23	36	23	45	42	3	45	1	45	39	47	50	12	13	37
7	47	41	24	22	49	37	49	43	1	24	12	18	19	27	31	27	33	14	29	19	24	49	34	39	1	23	0	10	48	30	21	26	22	32	24	50	5	41	5	20	41	37	41	29	20	21	31	35	44
46	49	44	27	28	34	27	42	31	18	50	31	3	33	11	17	15	10	31	50	37	36	10	25	19	2	24	35	0	38	49	23	8	11	4	29	15	27	20	16	3	19	39	28	12	48	40	22	39	23
24	31	25	42	2	20	49	12	6	13	8	5	10	21	14	29	36	9	18	31	21	27	40	23	22	7	42	7	45	0	3	42	36	7	31	17	49	10	25	13	39	50	7	32	19	29	3	17	48	40
30	22	21	26	17	8	23	22	1	20	26	6	11	36	34	2	42	2	12	46	43	42	41	25	31	24	26	21	28	22	0	46	9	14	14	3	34	7	12	44	47	8	35	42	17	41	42	40	33	27
26	23	42	45	43	35	9	17	37	42	38	16	1	35	31	40	43	28	6	36	35	14	46	12	3	48	20	32	12	49	19	0	41	10	50	17	12	5	33	14	30	45	50	48	13	10	50	32	5	8
2	24	32	1	4	9	29	42	16	17	28	32	28	17	49	22	4	31	19	6	3	12	14	13	10	13	4	15	47	20	19	29	0	28	9	29	9	9	38	47	45	8	9	20	44	42	9	50	23	43
22	42	45	43	23	10	30	2	35	37	38	5	29	24	1	24	16	9	40	37	14	42	3	6	14	47	2	40	8	19	21	46	21	0	6	8	47	7	32	3	34	4	35	38	26	32	25	48	30	32
4	27	24	15	38	4	17	10	22	6	31	48	23	11	49	47	28	12	24	9	25	41	23	2	16	16	5	39	50	37	17	33	30	47	0	41	21	15	49	24	19	17	10	13	5	25	22	45	6	48
46	44	3	45	41	10	35	20	20	13	27	2	2	3	28	34	18	12	21	47	21	13	33	10	36	19	17	46	7	41	25	34	17	27	30	0	37	24	3	50	46	34	21	46	36	32	2	22	24	50
13	15	3	39	24	27	34	31	41	12	34	46	21	44	33	46	29	19	48	44	26	4	6	31	9	2	40	17	38	39	50	37	17	35	48	40	0	43	11	24	46	30	18	4	13	18	12	22	34	21
18	26	42	16	49	6	36	11	2	43	22	16	38	50	26	34	27	22	6	21	26	3	7	50	16	23	43	18	22	9	26	2	46	43	36	31	31	0	46	5	4	23	39	32	4	10	21	19	8	49
44	18	12	43	24	46	27	30	47	11	36	35	20	36	19	23	19	38	10	20	26	41	48	36	8	43	2	34	50	49	42	9	1	9	28	19	30	30	0	35	1	9	49	30	22	29	42	20	9	11
17	34	38	33	15	28	6	37	16	25	24	11	2	21	39	18	12	45	37	37	28	8	9	10	33	19	16	26	44	45	32	26	1	19	29	14	48	31	19	0	42	27	48	36	44	16	26	24	15	40
18	17	11	3	45	42	13	33	42	15	27	47	3	22	9	23	41	32	17	35	7	25	34	21	18	24	12	37	4	3	31	2	36	29	47	50	26	35	10	19	0	30	24	34	12	47	49	48	5	7
30	46	47	41	5	27	15	47	9	19	24	46	17	15	16	7	16	5	24	28	20	1	21	40	44	44	10	46	7	48	44	38	16	23	48	33	47	18	14	20	15	0	45	3	26	23	10	7	49	41
31	39	7	14	4	40	5	39	24	22	26	33	19	11	29	43	22	32	46	49	24	24	19	22	25	42	44	35	42	21	18	26	14	42	23	41	4	3	36	25	46	18	0	26	49	8	9	18	3	41
13	49	11	47	20	10	7	33	29	7	1	9	3	12	26	8	27	14	24	29	35	23	34	4	42	42	42	9	43	12	48	8	15	3	49	48	22	21	26	18	15	21	41	0	25	20	44	47	41	35
50	34	22	21	41	32	44	40	45	16	9	20	47	50	8	25	5	6	47	14	29	33	24	13	1	49	33	38	2	15	6	41	46	40	34	39	6	22	1	26	6	11	23	39	0	21	2	40	12	22
18	49	10	21	2	28	10	46	1	21	24	48	47	13	28	32	26	14	24	49	9	19	29	27	20	10	24	39	1	47	13	40	31	11	45	14	18	26	28	33	21	42	16	32	11	0	44	18	46	21
35	41	10	29	5	50	21	40	8	28	24	47	50	6	42	25	38	41	46	48	24	16	25	14	34	48	5	19	20	2	26	6	16	22	38	10	23	47	41	21	8	50	4	26	26	24	0	16	48	11
17	46	25	37	14	3	32	23	27	12	9	2	14	42	26	24	7	47	48	38	37	12	47	50	7	23	35	33	32	45	29	6	28	29	27	17	50	1	4	10	37	16	9	25	29	40	23	0	45	21
16	4	47	19	9	1	23	11	24	31	35	12	36	33	17	28	42	49	20	35	39	28	31	33	20	5	22	21	9	49	2	20	3	45	21	41	37	16	44	10	15	16	5	35	25	11	37	3	0	22
25	25	49	20	34	43	6	50	45	16	25	11	10	22	4	27	35	8	7	43	42	18	36	31	26	48	15	10	30	4	3	47	46	40	39	40	6	21	2	48	30	4	49	28	49	23	4	35	38	0
14	10	47	38	22	41	8	46	24	18	26	22	30	25	27	21	9	15	29	4	33	8	25	5	20	41	6	19	16	48	12	42	30	33	25	8	35	48	1	7	23	39	32	32	23	41	36	17	21	21
0	41	32	9	28	22	9	33	8	8	16	39	26	33	8	12	21	47	50	4	8	38	5	2	17	38	21	16	3	33	45	24	8	16	43	24	42	7	24	12	25	24	5	14	30	49	20	31	48	2
8	0	49	46	4	50	42	15	15	35	38	4	26	22	1	27	40	1	23	18	24	13	48	24	9	20	35	16	25	45	2	15	42	22	10	48	13	21	38	49	33	44	34	20	13	38	11	45	33	7
38	9	0	41	30	19	11	39	18	8	44	10	4	8	14	42	10	42	4	46	50	20	6	41	13	40	45	11	11	18	8	49	19	12	48	6	23	26	4	42	29	41	1	41	10	9	40	25	17	13
42	8	39	0	14	43	14	42	24	1	22	3	36	44	45	6	12	46	50	41	19	28	8	36	39	19	32	31	7	12	23	50	46	31	30	36	24	49	11	25	3	38	23	30	1	41	32	31	36	4
30	26	31	11	0	34	37	22	1	14	39	25	2	33	36	16	32	50	48	42	48	46	14	30	38	29	4	5	2	48	40	35	36	32	18	20	30	40	46	46	12	46	22	20	49	28	41	10	39	24
26	42	40	37	13	0	26	50	10	17	2	3	31	21	10	40	4	7	15	17	39	43	28	5	16	6	36	27	2	7	5	17	31	20	30	6	1	3	13	48	24	44	26	25	32	19	20	6	45	48
25	9	2	42	37	4	0	19	19	25	8	32	28	45	46	18	19	34	2	33	34	5	29	41	42	21	33	7	9	46	24	1	7	16	43	13	3	22	41	8	15	40	49	2	49	4	15	35	8	27
11	14	9	26	17	18	36	0	43	38	37	22	21	43	29	24	11	9	22	35	23	28	21	28	7	29	26	41	19	27	29	32	8	48	12	32	29	40	41	18	16	12	47	8	46	10	19	31	8	40
12	39	21	12	6	16	40	22	0	48	30	14	13	19	45	25	11	21	41	19	13	6	33	7	30	6	22	30	36	38	17	21	7	18	32	41	45	8	47	38	32	1	28	18	15	36	13	29	39	12
23	28	33	9	3	45	35	44	41	0	46	33	50	49	2	24	2	5	20	19	48	24	36	31	33	44	41	29	44	50	3	23	25	23	24	2	15	42	45	47	19	39	50	15	44	5	44	13	41	11
19	34	21	30	23	39	1	46	14	34	0	49	32	40	12	20	35	39	30	44	16	1	27	1	9	4	37	11	1	43	48	46	34	9	14	35	28	8	18	47	44	10	47	15	33	12	14	18	21	17
34	43	47	41	49	3	28	31	5	49	15	0	5	30	30	2	50	20	22	40	12	36	50	16	40	37	8	25	18	38	46	6	37	20	44	8	36	3	43	22	40	15	20	38	1	42	6	10	2	8
1	30	36	35	32	27	3	30	17	19	39	20	0	20	8	19	12	13	18	2	19	30	6	34	11	17	28	12	47	12	15	20	32	41	47	3	47	4	14	22	46	18	25	17	36	40	10	28	45	17
49	6	13	12	14	50	26	27	50	9	36	3	37	0	49	24	23	34	10	29	27	2	29	40	15	25	20	23	23	31	33	17	13	14	18	32	18	7	15	46	49	47	38	1	37	48	2	49	35	26
11	21	43	28	40	47	50	20	37	44	30	15	19	48	0	13	20	18	24	2	12	12	42	38	34	35	38	36	9	27	20	39	39	34	39	9	4	29	15	27	18	47	15	14	36	44	41	31	2	36
25	23	11	3	13	34	23	1	37	18	33	35	20	22	42	0	30	49	38	10	44	20	22	47	5	38	26	4	17	27	37	25	22	10	33	4	44	17	7	43	18	30	3	30	4	44	7	48	27	19
32	8	13	12	45	9	14	50	21	8	1	22	30	30	8	47	0	10	44	26	30	40	27	21	22	38	20	32	10	12	45	32	40	30	9	16	25	47	23	4	26	48	46	5	17	16	1	41	4	11
4	36	2	9	17	21	11	34	14	16	6	42	35	10	11	50	40	0	25	12	44	37	26	9	2	17	12	9	4	44	8	38	7	17	12	37	39	32	1	48	41	46	27	50	26	9	27	39	2	31
27	38	32	37	21	8	36	23	29	26	4	7	48	21	32	12	7	31	0	11	6	47	23	43	21	1	41	36	21	7	50	31	40	19	27	38	34	1	47	39	22	26	40	15	9	3	11	10	39	40
32	12	47	33	48	18	17	3	41	3	8	5	2	22	26	10	48	14	34	0	10	5	44	32	5	13	20	4	37	7	38	36	27	11	38	8	36	12	40	18	30	24	10	7	1	6	23	37	43	1
20	44	10	23	10	37	35	14	5	30	22	22	50	28	34	4	22	12	33	41	0	15	16	18	37	21	21	32	16	43	11	48	7	18	3	39	12	4	50	4	43	32	15	21	10	44	2	1	10	33
47	50	7	42	24	10	6	10	23	47	26	44	44	46	32	27	28	2	13	18	38	0	5	46	6	27	3	21	46	42	19	25	48	4	16	13	22	30	12	29	40	50	14	7	18	2	26	50	1	2
26	24	18	6	17	26	31	16	5	18	12	28	42	46	10	31	11	46	46	21	47	50	0	21	8	2	23	4	38	12	22	12	27	38	39	45	50	31	42	23	48	32	45	38	1	45	35	44	21	38
20	7	15	46	23	50	24	50	47	5	5	31	46	47	30	16	22	36	8	41	31	41	23	0	42	35	45	22	3	37	28	49	11	28	32	2	32	8	29	44	7	48	27	19	49	13	41	2	7	36
22	3	14	24	35	11	4	7	49	38	41	21	29	8	46	46	37	27	8	6	24	23	17	25	0	27	27	6	38	16	13	1	10	11	31	41	21	50	45	30	19	37	3	33	26	25	46	39	32	2
47	12	12	25	5	44	10	6	30	8	18	8	36	31	38	42	17	6	22	48	44	4	33	7	31	0	35	39	11	41	45	16	45	25	14	32	6	41	5	15	40	16	42	18	25	22	37	19	18	43
18	16	38	14	6	47	36	11	36	10	14	39	17	8	50	7	41	37	8	30	41	18	31	50	18	32	0	39	24	18	41	30	27	4	26	49	32	35	2	1	40	27	14	2	38	9	19	47	25	44
27	10	41	36	4	47	20	27	31	34	24	8	26	41	28	11	14	45	45	16	36	18	12	32	24	34	8	0	12	30	45	5	49	10	20	41	44	25	46	11	17	47	31	7	33	21	37	47	31	48
20	2	28	3	42	34	22	17	37	6	18	33	23	46	2	37	4	34	17	19	1	46	34	50	35	27	35	4	0	47	19	49	16	11	7	5	41	20	25	45	34	30	4	45	49	34	3	7	33	4
28	8	34	21	30	4	16	7	34	8	7	20	37	14	38	12	13	27	8	48	27	47	50	50	49	39	38	18	12	0	42	30	2	16	23	27	14	23	44	4	2	41	34	10	23	27	26	44	4	21
5	22	18	50	21	34	19	46	44	6	44	1	45	20	2	23	34	40	33	15	38	40	5	16	5	39	24	40	6	4	0	17	13	33	30	45	9	15	29	15	1	44	10	10	42	29	1	23	21	40
2	38	17	33	29	39	16	50	47	45	7	29	11	17	19	46	37	3	7	36	19	37	47	7	32	5	23	18	6	48	18	0	22	3	19	13	11	43	26	12	25	10	43	6	17	33	15	45	43	18
41	31	49	16	3	2	3	33	27	49	18	10	11	26	49	23	24	46	4	25	37	1	30	5	43	38	9	3	15	10	47	48	0	22	24	25	26	35	35	19	6	39	11	24	10	14	34	45	31	3
43	16	5	48	16	45	25	43	19	27	44	37	48	3	28	33	36	38	2	36	39	32	44	34	42	7	12	22	41	48	12	43	10	0	28	44	21	7	4	40	24	23	33	39	16	13	49	32	1	17
9	31	8	7	10	7	16	5	12	33	1	37	7	21	14	26	48	19	22	31	26	21	41	50	6	37	23	30	44	35	33	4	36	34	0	32	6	43	29	18	13	44	24	23	7	1	43	29	31	30
19	17	26	23	19	48	41	48	35	22	41	10	24	18	28	50	47	39	43	4	2	39	14	23	12	30	32	45	22	23	36	47	9	26	13	0	17	47	33	32	48	44	1	42	32	5	4	26	43	25
15	18	11	35	13	40	35	40	12	20	50	45	27	29	21	21	48	38	32	39	43	28	39	25	34	1	38	2	29	40	47	29	15	8	13	35	0	16	27	39	15	5	40	14	17	45	14	44	46	44
27	32	38	1	18	17	7	33	47	50	42	44	17	43	32	17	41	34	50	14	39	8	45	10	15	44	31	40	23	31	1	40	12	9	19	4	49	0	40	50	3	24	22	13	1	7	16	12	45	45
40	44	4	12	39	43	14	14	28	46	31	38	30	34	34	49	34	40	5	9	13	16	1	50	22	2	20	43	47	34	9	45	15	6	7	19	27	1	0	38	39	1	13	25	46	29	39	25	1	47
48	47	21	29	34	3	47	28	33	36	10	48	34	20	11	24	17	10	6	7	34	27	34	30	28	37	48	10	28	17	40	43	22	39	22	25	18	32	13	0	44	5	27	34	14	12	16	3	41	14
9	19	29	6	29	32	21	29	41	48	48	7	4	21	8	19	3	35	5	3	25	49	49	5	25	49	40	41	19	36	26	41	27	20	40	3	45	36	1	30	0	6	44	27	43	36	9	17	11	27
10	32	2	48	9	20	7	25	50	23	21	42	35	13	35	50	12	9	33	12	30	26	35	10	17	33	49	1	22	8	15	15	15	23	8	28	11	7	4	45	36	0	20	8	11	50	25	13	22	4
22	5	41	11	28	8	16	17	19	23	13	8	15	4	30	13	45	23	13	31	29	30	48	50	3	4	11	30	36	34	29	18	27	21	30	38	41	26	36	5	21	7	0	18	18	35	33	33	40	13
41	35	20	50	41	37	45	26	14	48	47	19	35	21	8	11	12	16	48	32	35	35	14	2	35	33	39	25	41	45	24	14	6	31	25	10	20	42	45	6	29	7	31	0	35	25	31	45	23	31
13	20	11	25	44	2	34	24	3	1	10	33	21	46	15	32	12	24	49	24	4	26	43	35	28	23	34	14	34	16	5	45	4	19	3	19	14	12	38	48	39	36	43	31	0	3	40	19	41	26
22	38	22	2	1	35	48	41	23	48	30	32	37	49	18	17	31	14	26	6	14	25	48	19	30	18	21	33	26	40	44	21	37	12	1	32	11	36	37	33	3	16	41	33	26	0	24	42	27	10
2	48	32	13	29	19	44	23	7	37	27	42	46	35	27	47	45	42	26	29	6	13	34	11	6	26	27	22	11	20	15	5	13	40	24	41	16	41	24	27	43	1	14	50	31	6	0	46	12	25
11	39	32	46	16	36	6	16	41	41	26	25	31	17	22	19	26	42	12	35	38	21	40	43	20	29	29	41	9	50	4	15	45	12	17	45	28	40	33	26	7	15	26	46	38	45	33	0	43	36
16	24	2	3	31	9	48	18	43	27	42	34	33	5	44	41	26	38	47	42	8	5	5	16	2	29	23	45	45	42	32	47	17	29	10	35	24	23	25	35	20	49	26	24	21	48	47	3	0	30
44	36	17	8	44	41	40	35	30	36	15	43	26	9	21	40	46	42	30	21	29	10	27	24	5	20	21	10	16	27	10	20	19	15	3	3	43	45	34	15	3	40	4	35	20	9	45	5	45	0
2	14	22	32	29	17	30	3	21	17	38	19	25	8	35	22	48	18	37	20	30	25	28	29	15	23	9	36	48	1	2	12	21	39	10	16	47	43	15	6	18	15	50	30	1	4	44	10	29	27
0	41	48	23	8	20	31	3	29	18	6	47	25	27	5	43	21	21	12	1	18	10	39	33	17	31	7	26	45	40	28	18	6	45	7	13	35	25	20	16	37	46	24	17	9	3	39	9	7	45
30	0	32	28	30	7	21	28	44	10	31	4	36	34	3	44	7	24	6	33	44	22	8	20	11	20	22	15	6	39	4	23	37	33	21	18	16	31	39	29	43	21	16	4	8	46	2	10	11	3
39	9	0	38	22	35	13	17	46	36	28	6	30	26	20	14	19	36	37	43	32	39	42	24	48	23	35	43	12	35	23	30	3	19	3	19	22	11	39	13	32	35	10	41	17	41	17	24	1	21
14	23	31	0	28	2	30	7	27	25	15	31	9	11	47	40	44	29	6	14	12	26	50	7	1	7	29	30	25	29	40	45	32	31	23	17	37	39	32	4	28	26	45	16	14	32	47	20	48	10
43	21	25	23	0	46	1	26	44	31	23	27	25	19	35	48	24	6	7	23	29	30	40	35	36	2	40	18	14	27	50	42	20	45	23	6	8	14	32	36	27	28	1	8	13	41	22	18	46	22
25	9	36	49	26	0	24	22	45	13	20	35	14	30	45	27	19	44	21	26	12	6	49	13	30	28	31	4	28	8	1	8	37	28	43	7	18	45	39	45	25	3	39	19	24	28	30	25	13	41
49	29	30	7	5	46	0	27	19	1	5	17	27	47	32	27	45	21	23	13	24	23	1	40	19	18	8	21	25	24	5	1	27	37	13	42	27	27	19	12	41	5	11	9	16	34	49	2	36	26
47	4	40	1	18	38	35	0	17	23	44	30	22	46	40	24	17	35	43	30	35	29	41	47	3	42	44	42	4	17	10	41	18	29	43	47	15	38	23	32	1	26	29	20	39	49	34	42	8	2
10	8	24	25	36	41	8	21	0	42	32	13	24	9	26	15	4	22	1	50	24	47	13	30	41	31	6	17	12	29	9	1	30	28	36	20	31	1	48	26	10	19	33	24	29	36	25	27	7	34
15	40	2	50	19	33	30	34	44	0	27	13	41	33	17	33	19	41	6	28	34	3	32	24	3	46	25	1	21	19	26	46	22	38	24	10	2	45	46	41	32	15	19	14	3	35	35	34	44	47
7	39	34	12	32	38	6	16	41	20	0	38	23	34	7	2	36	23	17	42	27	48	32	5	49	13	40	26	35	45	19	32	3	43	50	7	19	4	9	34	32	31	45	37	2	17	11	2	22	46
1	16	6	41	49	16	38	18	21	17	10	0	29	48	21	17	22	36	31	5	38	35	48	18	19	6	23	6	45	48	28	12	49	5	16	40	41	29	14	8	18	18	35	29	14	2	16	26	20	1
18	35	34	40	27	12	20	35	42	22	49	49	0	14	27	7	8	38	50	8	1	13	27	21	21	13	29	40	20	14	2	38	2	4	3	19	29	8	23	36	40	20	45	32	12	27	32	40	24	9
13	8	33	1	49	25	23	9	30	43	30	37	31	0	37	35	21	27	7	36	14	18	31	10	26	47	14	18	30	13	19	32	46	38	46	1	25	23	7	19	29	4	13	1	30	42	24	12	2	38
31	27	21	30	1	37	12	5	34	28	44	49	38	44	0	47	20	20	22	16	35	33	25	23	27	12	27	14	32	20	36	22	31	33	33	1	14	42	21	3	41	4	49	48	39	7	1	15	20	18
50	10	17	8	12	29	38	12	40	8	39	3	32	35	48	0	2	50	48	11	27	25	21	20	33	29	16	29	20	30	24	32	20	35	7	22	38	48	14	26	39	47	19	1	1	22	2	4	49	18
17	10	41	2	43	26	21	11	6	30	9	45	38	39	24	37	0	35	12	43	8	45	28	13	42	34	43	7	16	16	40	20	22	22	31	43	28	45	40	36	21	27	48	20	50	15	14	24	33	24
33	28	39	29	22	25	8	34	44	9	41	48	38	3	28	20	40	0	32	4	40	31	34	16	47	29	17	33	31	34	21	7	6	9	42	15	21	49	34	21	40	17	7	36	17	47	40	11	34	4
5	34	31	30	27	36	25	30	4	48	43	37	29	20	36	22	26	47	0	19	23	49	2	8	38	40	23	9	15	6	37	11	1	50	22	20	25	49	29	15	39	47	12	2	17	10	19	40	39	42
28	26	39	48	47	20	38	43	5	35	23	35	2	44	43	17	25	4	48	0	38	40	17	31	21	34	47	24	36	18	6	22	30	26	22	45	34	24	38	37	12	26	43	42	5	12	38	11	38	34
25	11	12	10	9	33	45	34	40	12	39	20	47	44	26	20	17	50	1	44	0	15	23	45	33	35	39	5	47	35	16	35	12	43	12	15	19	32	21	39	40	18	49	24	6	13	12	42	35	45
25	49	1	44	20	50	41	26	32	45	14	21	30	9	38	26	46	23	34	16	33	0	33	31	11	32	31	3	35	24	32	15	37	35	30	42	40	46	43	6	1	6	24	13	3	36	40	17	28	37
21	18	26	18	1	37	22	36	3	26	38	32	46	5	6	19	10	37	22	44	46	19	0	42	44	45	36	40	13	5	14	35	19	45	36	32	26	37	23	27	20	45	40	18	41	38	50	44	41	19
5	6	35	34	31	7	25	29	8	44	27	27	10	11	40	29	17	26	50	27	23	4	4	0	5	42	12	4	34	32	28	22	29	41	13	45	16	15	3	48	5	40	24	28	48	4	11	17	32	2
37	5	34	32	7	49	29	1	18	4	37	41	11	6	26	16	33	18	47	42	50	30	19	45	0	26	5	35	36	7	37	8	28	3	32	10	19	48	47	48	44	49	35	24	27	29	3	10	39	37
18	4	40	4	48	50	44	15	47	32	20	44	4	18	1	31	47	11	24	37	5	35	29	23	29	0	19	47	40	33	7	30	39	42	34	37	47	18	33	46	37	31	11	16	30	10	22	31	48	43
36	15	31	22	29	3	22	1	16	47	37	42	49	17	5	40	39	27	26	13	16	36	44	8	9	42	0	46	40	10	47	35	45	29	4	15	33	46	25	42	22	15	31	12	5	10	23	35	48	12
47	28	49	7	15	43	6	18	33	49	41	49	49	8	45	8	49	4	2	41	34	36	21	23	36	50	32	0	21	32	47	50	3	10	32	4	8	17	48	37	37	24	31	34	47	35	42	16	8	25
34	7	45	7	31	44	33	13	28	14	7	19	29	22	19	31	30	42	37	48	47	16	13	10	22	33	34	16	0	38	16	27	2	47	21	22	20	10	29	46	10	18	44	42	4	26	44	6	12	25
30	23	29	32	44	30	22	38	14	50	49	14	42	3	34	11	15	14	7	43	9	11	46	39	42	35	4	36	39	0	5	33	21	5	23	7	21	18	10	23	4	27	5	44	43	16	14	50	37	18
40	31	7	3	40	15	32	20	18	48	19	22	2	46	18	21	45	2	32	39	38	4	20	38	47	25	31	22	25	33	0	49	41	17	28	12	25	23	19	33	27	43	10	14	5	35	17	31	34	34
45	16	35	33	50	34	20	44	17	23	46	32	27	17	1	16	49	20	3	36	37	40	29	5	40	32	17	45	35	23	11	0	4	26	1	6	5	24	49	10	4	26	45	29	2	46	3	40	46	34
7	16	43	46	44	1	24	19	16	34	32	40	3	30	45	50	36	26	44	32	50	29	30	38	30	46	33	21	6	20	17	6	0	36	17	17	35	10	4	48	7	21	8	31	18	27	43	25	41	42
4	42	28	36	26	15	47	7	33	41	28	1	39	27	50	21	10	22	50	39	39	18	21	2	12	27	40	43	1	4	34	13	38	0	9	30	17	36	7	48	43	48	34	7	3	3	21	12	23	29
1	41	26	1	16	8	30	15	3	32	19	11	30	20	2	34	33	14	35	8	20	40	41	4	19	1	4	20	48	40	16	22	1	45	0	28	16	34	24	10	18	37	47	17	22	14	13	40	27	34
24	24	31	44	43	26	1	14	18	9	8	3	3	18	38	9	2	12	26	12	23	29	40	22	8	16	32	29	44	33	31	42	14	28	30	0	23	30	22	46	16	11	27	22	48	1	2	6	4	43
8	23	35	32	29	4	36	33	41	8	42	23	19	45	10	11	47	37	26	48	45	47	22	18	17	43	19	36	7	18	7	41	21	29	23	19	0	4	22	36	34	47	3	32	35	48	9	29	43	47
25	16	32	23	49	41	10	37	19	13	40	3	23	31	49	33	37	19	41	5	42	44	35	16	37	1	12	25	4	16	35	48	34	30	50	37	26	0	44	31	16	3	15	35	20	40	47	50	16	16
50	31	40	47	48	43	26	18	30	16	24	31	2	33	10	20	32	32	26	49	1	33	9	34	36	27	11	23	14	21	31	45	1	8	34	26	4	36	0	41	34	4	26	28	20	19	26	41	33	40
18	43	7	22	25	18	32	50	21	4	37	1	44	5	25	9	44	14	17	27	24	34	12	38	33	36	29	34	10	44	20	22	22	6	19	42	22	23	6	0	22	50	42	20	19	7	31	34	11	35
47	47	10	4	9	31	37	12	36	50	40	10	29	44	31	20	38	22	41	43	22	49	40	7	42	3	25	23	10	16	10	1	46	35	21	27	38	2	17	16	0	23	39	16	7	20	17	22	40	23
6	34	6	24	48	25	5	15	49	31	26	20	38	50	6	17	34	5	4	41	31	19	38	6	42	2	23	35	18	14	5	18	14	33	1	13	39	31	30	39	32	0	31	26	30	29	14	14	10	42
6	5	20	50	42	47	33	34	29	26	27	21	47	13	10	33	27	1	11	3	35	3	27	21	21	26	11	16	7	42	16	10	21	22	25	41	15	12	10	36	32	35	0	30	11	15	7	38	27	27
38	20	28	48	3	24	13	18	5	6	41	13	45	18	33	22	23	9	41	34	14	20	40	8	10	33	3	2	29	7	50	5	43	11	25	28	13	26	17	1	29	7	3	0	16	36	2	44	7	28
28	22	4	30	43	11	4	46	43	39	48	12	33	22	28	11	10	10	2	26	30	36	22	1	4	30	3	10	3	48	8	47	47	41	42	25	6	23	38	47	11	25	35	43	0	5	22	10	3	1
8	8	26	42	34	31	43	46	12	17	5	22	27	9	30	20	7	37	6	13	41	34	43	40	13	2	31	50	50	26	34	11	21	3	11	27	11	11	9	19	33	45	6	35	10	0	41	31	23	10
13	12	37	31	34	10	44	37	30	2	16	45	14	45	8	37	36	34	2	7	38	11	2	13	34	25	26	22	29	40	50	9	1	33	4	29	6	7	34	39	32	23	5	41	48	27	0	1	38	23
35	24	25	50	37	44	3	5	34	50	36	19	38	28	13	25	8	16	3	3	34	34	19	33	12	12	49	47	39	28	49	13	20	47	7	43	3	10	13	45	17	25	23	45	42	26	13	0	26	33
37	36	36	39	7	7	47	37	1	7	27	34	5	19	35	47	8	44	18	20	41	46	22	2	14	32	12	14	48	40	3	7	3	20	8	46	35	17	23	11	16	36	37	3	19	28	43	20	0	39
49	46	43	12	38	25	11	13	17	49	27	15	18	3	27	39	3	39	39	6	36	26	35	17	16	17	27	50	11	20	43	18	40	40	50	17	11	3	38	46	13	30	35	31	42	5	43	41	38	0
14	36	38	33	48	31	9	39	13	48	12	47	35	36	16	2	20	15	33	41	27	46	34	23	8	38	23	36	3	17	32	10	25	21	22	43	44	44	42	7	35	31	1	26	38	20	29	21	9	32
0	16	47	42	31	1	29	36	14	27	6	5	22	31	47	3	13	37	13	7	15	15	1	5	26	28	12	34	33	16	16	26	3	40	38	49	38	26	22	26	1	26	25	16	24	8	49	17	36	24
10	0	48	40	6	35	22	14	48	33	41	48	15	44	41	25	39	44	25	47	38	9	5	46	25	43	10	7	41	23	33	40	44	22	25	23	16	15	42	35	40	15	11	38	48	22	9	41	38	4
35	27	0	38	11	39	23	48	36	47	32	43	39	26	50	21	46	26	46	43	44	20	18	40	31	15	5	29	2	2	42	8	28	2	37	34	7	47	11	35	45	6	43	31	24	7	37	30	28	41
47	30	42	0	13	27	14	50	36	50	28	19	21	41	35	25	29	30	46	19	49	29	8	1	16	22	44	22	47	29	36	41	13	5	26	3	50	18	43	23	12	47	25	18	38	43	2	29	8	41
38	4	12	15	0	48	2	16	6	25	31	9	2	6	7	30	11	14	36	23	49	26	44	7	28	21	20	48	47	50	25	4	42	31	22	34	1	7	9	35	23	38	46	48	30	42	20	25	13	18
17	19	6	50	10	0	42	26	27	11	7	27	33	47	27	4	23	44	22	46	20	38	13	13	28	42	24	34	38	43	2	15	44	4	20	41	13	41	8	12	26	32	4	32	40	27	19	4	3	25
11	22	30	8	17	46	0	2	8	39	48	26	10	8	41	32	8	17	12	45	9	15	49	13	22	44	19	37	2	37	33	48	15	35	21	38	50	17	30	14	37	50	35	16	27	16	28	31	26	25
33	12	49	48	17	34	19	0	5	8	43	1	21	36	38	14	5	46	48	38	47	26	28	31	27	13	45	6	34	41	31	39	18	30	14	49	50	12	8	19	31	11	24	1	10	6	9	37	13	31
39	45	35	13	26	49	26	46	0	43	35	42	15	30	48	13	38	35	17	34	36	26	28	27	15	35	15	19	45	45	43	16	6	27	34	11	39	40	27	1	34	25	41	12	21	49	6	38	42	44
25	3	37	5	38	28	48	22	38	0	28	50	7	16	28	49	22	31	24	24	34	29	14	34	17	1	36	22	21	2	24	17	37	14	2	8	1	18	18	14	32	41	32	25	36	46	40	44	36	8
33	15	13	19	27	13	36	38	17	10	0	6	7	20	7	42	20	9	49	21	41	20	50	47	23	21	22	30	9	10	41	14	35	9	5	39	31	20	8	36	33	29	3	11	36	42	11	12	5	37
32	2	28	47	32	25	45	3	50	49	38	0	43	19	40	43	18	31	24	29	25	36	30	34	12	37	36	49	17	48	8	4	45	34	12	13	44	39	38	10	27	7	44	11	39	45	21	16	13	30
16	24	44	42	44	1	39	50	2	23	4	25	0	25	17	1	45	14	7	29	1	4	37	3	23	48	30	38	44	50	9	25	50	29	32	3	32	43	13	37	13	1	48	20	15	8	2	13	47	35
31	29	46	7	47	48	35	8	29	13	39	38	19	0	4	10	28	39	25	28	15	5	13	35	30	33	26	16	36	36	2	2	50	33	42	35	30	22	49	43	48	2	31	26	25	48	20	5	16	7
7	42	17	32	49	28	12	25	48	8	12	46	32	27	0	49	29	35	4	32	39	13	36	14	12	36	25	23	19	17	45	32	21	20	10	20	20	38	17	45	30	30	49	20	49	8	8	20	18	16
2	20	26	35	43	5	8	47	34	33	5	16	46	16	19	0	25	29	43	44	6	18	18	4	6	30	33	9	33	18	7	11	43	50	12	47	26	9	20	44	27	26	34	21	6	50	35	13	17	29
45	3	32	20	7	31	23	44	48	47	11	5	6	33	27	5	0	37	37	45	15	45	49	18	32	32	1	12	39	22	40	30	4	22	9	37	23	11	16	10	18	47	48	46	4	21	14	11	49	36
10	36	44	22	35	31	26	25	15	49	2	4	45	8	38	7	4	0	24	10	6	30	20	22	16	11	17	7	10	2	19	24	13	12	46	25	39	49	37	29	8	35	37	47	28	34	38	48	27	36
37	16	2	11	27	12	45	50	35	23	23	47	18	3	12	16	22	8	0	47	11	10	4	13	49	15	45	30	30	45	38	13	47	20	42	21	21	7	44	48	27	3	44	39	26	48	23	22	45	24
16	14	13	42	44	8	36	14	42	15	47	21	29	48	20	23	27	6	32	0	34	42	14	27	19	11	7	29	36	37	45	16	42	25	1	41	41	29	36	26	27	27	14	21	18	48	16	41	18	34
15	27	27	14	33	4	22	32	20	19	45	2	43	26	39	27	46	34	50	44	0	50	24	19	48	47	33	40	3	29	39	45	23	7	24	21	4	8	26	6	12	34	42	49	5	7	50	7	50	19
30	10	21	17	20	10	23	41	29	5	29	34	25	22	34	8	27	47	47	41	50	0	38	6	17	12	18	1	40	43	32	31	11	14	5	10	26	35	7	8	3	8	16	49	33	2	37	16	30	40
39	39	5	20	40	16	19	26	39	36	5	2	45	28	49	30	35	15	40	46	16	48	0	42	35	45	45	7	8	12	43	19	14	49	21	40	50	1	46	34	9	48	35	40	38	48	13	50	36	33
10	5	12	46	33	21	4	14	39	25	25	39	17	49	27	44	32	43	40	3	43	34	13	0	37	1	35	1	16	31	16	47	42	13	25	14	17	44	44	15	22	9	9	43	28	17	31	5	6	9
11	34	21	2	3	6	24	30	21	41	16	12	7	42	1	50	16	32	34	42	43	6	42	40	0	44	12	28	25	29	24	45	30	20	43	27	10	33	18	42	25	49	33	19	35	23	18	25	25	19
13	26	40	23	40	30	12	40	6	18	34	18	47	3	24	44	1	4	45	44	17	5	38	8	45	0	25	32	11	31	13	18	12	12	30	31	17	39	33	49	50	19	5	45	36	15	36	46	36	10
26	45	11	14	22	39	18	8	32	29	8	21	12	37	1	17	36	49	12	11	9	47	16	17	1	13	0	5	27	5	6	19	44	41	23	6	11	47	10	40	2	24	22	49	9	23	3	20	20	37
38	16	17	19	4	27	50	4	32	35	46	4	17	44	19	21	1	25	27	13	28	30	31	24	29	49	12	0	21	44	35	12	27	47	46	20	16	30	14	29	39	30	33	29	18	28	37	50	20	50
32	36	8	15	8	46	44	13	21	48	6	23	5	33	19	7	37	22	33	37	18	11	18	28	29	10	21	5	0	22	18	26	19	30	4	46	50	23	4	17	39	21	42	24	25	39	49	29	22	3
23	41	35	20	11	6	47	37	20	38	18	3	11	25	36	17	44	2	17	41	41	34	3	16	21	34	27	9	18	0	25	6	29	44	49	47	47	19	5	48	22	1	31	3	50	9	15	41	32	33
45	43	21	44	21	32	36	10	43	17	30	42	21	47	18	47	24	39	25	5	48	28	25	32	28	32	8	44	10	14	0	24	33	25	45	2	28	35	14	31	44	9	2	36	41	25	15	19	30	47
28	45	32	15	11	34	43	22	3	8	42	29	23	10	22	24	9	11	20	20	16	16	11	7	36	9	15	18	1	39	24	0	10	35	50	17	10	43	23	43	36	29	22	23	36	30	42	23	7	31
44	41	45	12	26	1	46	30	11	44	37	28	40	22	3	5	31	38	19	31	20	24	29	13	26	31	36	43	49	11	6	2	0	5	6	31	37	46	23	19	33	48	48	30	17	22	32	23	4	20
7	43	3	7	36	40	11	47	6	50	29	7	10	46	22	39	6	42	37	39	8	49	34	26	29	8	25	27	27	27	1	3	24	0	50	50	19	36	50	6	18	43	25	22	5	14	37	42	4	37
41	18	42	34	1	43	40	8	25	49	28	8	43	37	25	3	10	4	42	39	43	12	25	23	31	3	46	11	31	19	4	36	46	47	0	39	12	18	17	5	33	45	15	44	22	24	8	32	33	48
49	13	1	42	23	27	23	38	25	12	41	25	12	12	16	5	29	38	41	45	3	38	15	31	50	41	9	9	6	48	12	17	29	34	36	0	23	2	6	16	16	49	49	8	25	19	42	40	49	1
21	31	47	4	48	49	21	17	40	41	6	9	15	26	16	1	32	42	25	6	11	15	41	31	4	19	22	30	5	5	11	11	33	6	17	34	0	32	2	33	27	23	32	50	25	8	7	23	12	3
41	41	4	28	30	47	8	32	46	25	33	21	33	32	49	45	7	45	16	46	21	50	16	19	16	21	21	36	27	13	22	34	11	47	29	16	42	0	25	39	24	40	7	3	23	24	11	25	10	9
21	21	17	27	2	8	5	34	34	4	10	12	4	48	4	31	24	28	33	42	22	34	49	28	33	24	1	18	14	25	23	7	28	29	32	11	7	32	0	35	35	42	41	20	13	15	28	45	40	9
3	17	29	1	15	24	1	25	24	49	35	13	26	18	12	36	30	42	19	24	7	46	38	48	29	35	8	6	20	16	24	46	18	46	30	50	13	7	6	0	32	14	38	33	24	6	39	45	6	14
25	39	43	46	13	25	47	36	8	2	42	34	39	38	26	32	46	12	3	49	30	47	36	37	21	5	16	31	16	7	45	9	13	33	42	18	1	36	50	9	0	6	31	41	28	49	32	29	1	23
30	33	6	13	25	46	25	43	22	27	3	12	13	24	33	37	22	19	6	25	23	6	18	35	31	43	31	16	41	7	41	46	33	13	34	37	6	15	47	35	3	0	48	16	38	35	50	30	22	26
6	18	11	2	36	39	6	11	32	46	28	43	30	32	4	24	44	14	27	19	27	41	2	14	28	45	7	50	31	33	46	8	16	1	35	20	23	21	42	4	15	19	0	36	45	20	35	11	28	30
8	13	40	21	16	9	14	36	40	14	33	21	3	4	40	26	22	43	10	41	30	10	22	1	6	12	4	32	34	28	18	19	41	4	22	5	41	3	25	33	20	7	1	0	34	32	24	17	4	14
16	44	18	13	7	1	19	39	35	3	22	29	13	20	38	32	32	16	13	11	12	10	13	43	31	49	45	8	24	16	35	7	34	41	19	20	28	8	44	20	3	37	45	25	0	12	26	27	38	35
39	3	14	10	7	8	22	25	6	1	23	12	2	6	2	40	47	19	6	24	8	4	30	29	30	22	23	19	17	34	20	31	29	34	14	17	14	39	40	41	38	48	16	38	21	0	41	29	33	25
22	11	35	35	38	13	33	36	28	10	6	13	49	33	29	16	26	10	27	47	43	11	5	24	48	14	28	47	9	44	4	39	26	48	35	41	27	28	27	18	32	40	8	30	15	5	0	9	15	28
10	3	25	33	18	27	31	2	37	36	17	30	24	38	28	1	1	31	6	14	12	7	1	18	49	50	45	23	44	30	48	13	24	24	28	10	40	22	3	7	35	9	6	46	40	33	46	0	3	25
21	37	12	50	11	37	45	36	25	39	14	44	4	28	38	22	50	29	23	1	16	45	45	41	27	19	49	10	27	15	3	50	18	27	21	13	11	13	9	41	21	12	25	9	44	10	14	9	0	19
15	34	19	21	15	18	1	9	37	1	6	22	27	10	33	20	5	12	46	12	35	6	38	43	44	10	8	47	39	16	25	48	19	6	14	16	27	19	30	42	26	33	41	9	29	45	43	30	3	0
27	38	32	31	28	42	11	19	49	35	40	26	41	34	12	49	1	36	17	6	35	22	29	49	4	13	17	33	11	43	29	23	9	22	44	37	48	38	5	42	47	43	23	33	5	31	31	16	44	17
0	15	32	46	48	19	2	19	46	49	22	11	31	19	11	22	37	15	30	12	27	45	22	9	21	11	23	20	25	38	3	31	13	16	29	28	43	42	24	6	41	12	40	29	1	5	1	21	10	42
5	0	38	1	34	7	2	39	43	17	12	45	39	42	21	17	4	18	28	13	36	2	28	23	49	12	46	23	2	44	46	23	12	22	29	7	37	30	9	40	20	30	32	35	43	29	30	15	6	19
13	50	0	49	34	47	50	50	39	42	27	14	28	35	42	25	14	11	19	18	48	19	14	7	8	45	1	21	5	7	22	25	27	34	48	47	27	23	17	25	12	9	34	39	23	13	26	1	45	6
15	40	5	0	39	23	2	12	38	43	25	37	38	36	21	30	31	21	3	29	22	14	25	48	15	36	10	12	19	40	22	41	22	31	26	16	5	8	12	44	18	15	26	33	32	20	6	17	50	38
8	3	31	13	0	13	15	25	5	39	47	12	49	26	32	21	27	16	2	19	15	5	31	43	22	24	33	40	11	38	3	18	41	25	5	47	49	30	50	49	16	16	30	36	14	11	31	15	4	39
29	2	47	23	16	0	37	4	34	39	25	6	23	45	48	37	9	37	32	10	4	26	10	24	47	4	27	25	39	15	29	3	17	10	47	24	33	3	10	30	17	15	14	32	44	32	30	32	19	5
2	7	27	4	2	47	0	24	46	23	5	25	39	18	47	26	13	32	12	39	48	16	3	49	18	14	36	38	10	12	50	20	50	32	20	30	40	7	17	19	37	48	39	37	39	38	18	10	19	23
35	4	18	14	15	5	26	0	17	1	11	19	46	6	9	17	12	16	50	4	43	10	42	29	11	23	18	23	29	4	40	34	48	17	2	22	31	18	25	48	14	24	49	32	26	26	20	24	14	25
34	33	47	19	43	1	37	14	0	37	30	28	46	18	40	43	47	24	39	8	38	40	5	47	8	26	19	39	29	45	29	30	16	16	38	26	14	14	36	15	41	40	14	45	28	37	43	22	12	18
49	20	47	14	41	32	27	37	30	0	42	48	26	43	36	46	41	8	9	10	29	34	43	48	29	38	28	25	22	12	14	3	37	23	7	16	3	34	20	20	20	20	36	5	37	3	18	30	26	26
44	37	3	29	8	20	43	31	50	19	0	29	15	20	6	7	5	22	5	34	16	49	20	26	21	18	5	47	31	26	37	47	35	26	9	22	34	5	19	25	27	17	43	42	44	9	26	33	50	35
25	6	36	47	40	40	19	11	1	30	10	0	25	47	41	18	9	29	28	29	44	27	27	17	22	44	12	26	5	28	2	12	28	9	27	19	12	46	47	12	6	46	18	13	30	32	48	38	44	22
38	50	20	15	26	9	41	50	3	12	25	14	0	15	32	40	38	37	35	11	40	40	41	33	38	32	37	2	34	33	22	7	28	33	24	26	37	12	4	24	48	10	15	21	50	15	6	9	27	24
5	10	33	25	29	2	45	33	22	47	37	26	9	0	1	18	10	33	32	42	7	14	20	32	7	46	35	20	44	19	48	4	9	42	20	24	4	27	2	25	49	8	47	12	19	8	12	37	14	2
30	36	24	40	38	32	4	49	27	10	35	8	47	30	0	38	22	5	28	41	30	17	6	30	45	25	2	32	10	28	27	2	15	3	4	14	45	40	30	4	7	11	7	45	7	37	6	21	50	23
31	19	42	12	35	34	46	17	48	38	31	16	33	29	26	0	36	46	3	49	16	36	48	10	41	19	30	47	50	47	24	20	24	39	46	41	29	5	26	9	19	14	50	37	3	12	1	5	6	3
38	16	33	7	30	1	18	48	14	33	33	38	22	9	37	35	0	34	25	33	39	41	25	31	32	39	11	36	37	4	29	31	46	6	18	20	44	28	9	21	15	46	12	15	15	29	16	25	11	35
42	18	41	35	31	7	48	29	19	28	8	4	39	12	15	32	12	0	34	40	36	32	29	9	40	31	49	37	20	28	37	25	16	15	25	31	39	19	41	15	1	10	45	38	41	21	1	31	30	21
21	2	28	15	29	6	32	30	40	22	23	13	27	15	40	40	35	1	0	14	11	14	37	39	13	48	28	50	35	44	28	24	46	50	44	29	23	26	6	40	12	42	49	38	3	24	36	16	23	12
36	46	45	40	28	17	29	8	38	45	25	29	10	17	22	16	27	21	29	0	41	11	33	32	35	14	43	24	8	23	47	27	28	11	11	6	31	13	14	8	22	27	49	46	36	48	44	30	12	18
2	36	49	50	31	9	7	10	18	21	31	46	33	7	45	29	6	28	31	40	0	10	15	25	46	14	7	12	29	4	16	28	5	35	20	49	42	42	16	4	14	46	14	38	16	1	17	41	4	32
16	17	35	32	14	3	28	19	1	33	21	11	14	44	1	8	16	20	40	30	43	0	48	2	50	5	7	13	29	24	25	43	24	46	2	24	5	10	16	20	44	42	16	10	1	27	44	26	30	2
41	30	35	24	45	16	32	42	3	33	26	34	35	11	50	13	28	41	10	8	23	30	0	28	2	5	24	29	46	43	34	45	10	48	15	36	14	22	35	21	49	14	42	11	44	37	43	36	2	42
6	18	19	3	48	7	29	42	27	27	10	26	11	31	23	50	41	27	36	44	24	35	36	0	25	39	17	36	30	9	33	2	8	37	10	45	30	50	5	7	38	32	49	16	49	40	20	36	11	48
42	14	26	43	1	25	46	3	38	45	40	41	3	4	38	44	45	19	17	11	50	19	18	47	0	4	42	34	46	19	9	8	23	27	25	6	32	26	26	1	44	3	5	1	3	27	24	2	23	15
46	5	10	22	3	42	31	21	5	38	49	10	4	37	40	32	6	20	49	21	26	29	40	22	47	0	38	37	21	9	22	31	34	20	28	34	29	10	26	27	26	42	34	9	42	50	13	48	7	35
42	1	35	19	11	44	9	37	47	50	30	7	45	2	49	31	7	28	13	22	3	17	8	48	46	31	0	25	5	15	39	12	21	20	5	5	11	8	34	24	35	33	50	37	39	6	45	6	24	28
36	9	13	26	23	21	16	23	1	30	9	47	27	33	10	42	15	19	3	17	20	41	40	8	47	27	6	0	36	43	48	21	17	18	4	30	17	32	5	24	17	46	18	36	17	15	2	9	16	38
22	19	49	36	30	19	23	23	9	25	30	30	6	2	37	28	20	10	36	6	32	2	21	49	47	1	25	21	0	7	8	37	46	19	5	49	2	48	35	16	28	44	24	2	17	45	10	12	19	12
13	26	12	39	32	41	13	36	33	18	33	30	45	18	37	40	29	2	23	39	41	27	24	33	40	11	50	12	46	0	22	45	40	38	23	39	7	13	42	37	15	22	45	21	14	20	21	41	11	6
36	32	40	16	42	11	38	29	1	38	22	34	33	1	12	43	37	30	9	6	31	20	2	43	28	10	37	37	34	35	0	7	39	22	22	27	15	41	10	38	45	43	14	11	28	35	27	15	17	12
5	35	35	48	5	10	1	28	4	8	48	13	6	10	12	48	37	35	16	30	8	4	8	11	20	48	33	11	6	40	17	0	10	20	21	38	44	15	29	49	8	20	23	50	43	49	20	47	11	33
27	38	10	36	40	42	5	2	46	18	11	5	48	9	7	38	47	46	41	44	14	14	48	7	8	17	3	5	16	24	47	14	0	22	3	4	34	31	6	33	48	12	47	15	31	45	7	17	5	28
10	32	28	7	25	30	17	43	37	10	1	39	7	5	43	17	32	33	30	41	21	49	38	4	41	44	14	33	1	14	42	35	8	0	6	1	9	1	8	35	9	39	12	48	10	19	35	40	18	14
42	38	23	37	33	6	32	18	9	44	31	43	31	24	44	22	49	39	33	10	14	41	10	24	9	5	37	18	50	25	7	40	15	35	0	34	37	48	46	6	15	25	6	32	10	28	12	5	1	6
33	37	48	15	12	18	24	13	31	39	14	38	6	34	49	35	26	48	47	3	22	19	3	5	36	45	12	19	19	26	41	34	1	40	24	0	45	15	32	47	12	37	50	28	5	47	46	13	43	15
23	17	14	42	44	37	24	12	36	46	9	25	42	28	15	40	6	5	41	42	19	2	8	50	27	4	19	17	29	5	49	45	24	12	41	14	0	33	6	38	12	26	17	50	5	35	37	21	33	13
20	46	18	34	36	1	37	42	14	4	15	45	15	38	40	26	37	25	36	33	39	4	3	33	46	46	18	24	9	12	47	30	30	25	42	6	30	0	14	7	5	8	31	30	26	13	47	40	40	42
2	21	44	44	26	1	13	23	20	4	10	44	6	44	35	1	35	49	3	14	43	25	22	19	2	50	34	13	45	12	31	12	44	38	24	19	40	20	0	30	20	17	22	19	8	2	25	48	3	45
18	37	28	46	44	43	42	38	28	27	16	20	39	20	15	45	31	17	8	26	46	20	50	50	30	33	34	17	43	35	8	49	19	8	26	30	5	23	20	0	31	42	6	43	43	39	50	22	35	19
21	18	4	16	20	36	50	16	42	15	32	8	25	18	29	9	32	6	13	19	8	38	32	15	27	40	21	43	4	8	49	32	16	38	5	41	5	17	14	10	0	1	22	13	50	47	41	17	2	27
35	21	26	23	26	11	19	35	28	11	5	11	4	38	44	40	28	23	43	39	22	31	17	32	12	19	11	50	38	44	41	26	13	2	47	13	46	16	11	38	30	0	9	10	33	16	1	34	21	45
37	15	42	41	31	45	10	46	33	40	8	25	32	21	22	37	19	42	22	50	15	32	45	41	32	41	28	47	32	25	44	8	19	4	5	34	20	36	16	17	44	26	0	10	48	8	47	21	21	37
26	2	27	47	47	50	9	9	7	46	26	7	35	25	21	20	19	7	40	19	10	41	29	26	45	4	47	47	37	43	19	33	13	37	45	31	46	41	18	5	24	41	25	0	49	4	41	39	17	24
32	27	49	37	47	48	16	12	41	49	37	24	25	30	14	49	9	30	27	49	3	6	18	15	8	47	46	46	39	3	6	17	29	31	50	46	49	39	15	17	35	24	43	30	0	2	14	12	43	12
9	10	8	41	30	37	34	35	18	18	7	38	38	10	50	21	42	46	40	46	34	32	19	24	3	35	49	9	13	17	48	1	39	21	29	6	49	9	41	40	18	23	29	32	5	0	21	11	38	6
45	20	41	42	40	16	24	34	15	17	40	20	44	46	31	24	24	46	1	7	35	27	21	12	20	45	28	40	42	30	4	35	23	39	5	19	12	32	45	18	5	36	31	36	30	34	0	40	28	6
50	12	12	10	33	32	28	49	19	22	29	1	46	7	7	47	27	22	28	26	15	26	39	3	7	4	45	2	48	20	30	38	33	32	35	50	27	38	36	29	39	48	16	4	23	49	37	0	44	31
18	6	9	21	32	38	16	48	50	39	34	8	49	50	2	32	44	27	48	32	10	2	39	14	21	30	11	37	33	4	23	41	23	11	29	17	11	17	18	26	28	5	11	16	47	26	4	26	0	48
35	25	23	36	8	9	2	21	44	14	5	43	42	5	9	34	49	11	36	17	20	25	13	36	26	1	28	50	40	19	6	34	12	30	41	3	31	28	17	40	8	14	2	4	45	29	47	10	47	0
24	36	15	36	12	48	38	44	6	13	46	19	44	14	22	6	19	13	32	27	43	31	15	5	29	14	30	21	44	2	8	1	27	26	23	4	16	3	15	38	24	21	4	3	26	17	32	40	9	23
0	29	50	38	9	18	46	31	10	24	46	31	13	46	11	24	32	28	2	47	24	21	18	30	24	18	23	13	36	19	26	9	12	9	46	3	5	35	22	14	17	40	20	13	23	17	40	27	40	24
11	0	31	50	22	32	39	50	10	4	3	26	13	8	49	35	22	10	17	10	45	43	19	28	1	48	43	49	22	17	19	47	34	17	8	4	49	41	49	16	36	45	48	42	50	13	12	3	38	22
47	18	0	37	48	37	29	29	1	50	46	49	5	12	13	10	6	18	5	45	37	29	41	4	17	8	15	11	36	30	21	21	36	33	24	38	19	16	2	34	39	35	41	16	30	44	46	42	41	1
31	23	36	0	30	22	15	17	2	27	13	2	24	10	32	22	14	39	44	35	2	38	7	11	26	7	6	37	40	9	20	25	4	28	34	50	42	25	11	39	43	48	17	5	49	11	29	18	50	43
28	30	31	36	0	42	8	45	15	13	46	46	7	33	29	9	40	37	45	21	2	32	47	7	48	11	48	30	44	33	42	32	8	11	36	40	29	27	20	45	48	2	49	40	14	34	33	10	12	15
19	34	49	49	31	0	19	50	12	35	13	49	13	27	3	16	9	38	4	50	48	45	43	15	9	43	1	37	39	22	27	48	42	42	29	16	37	29	3	13	39	3	1	49	18	8	34	37	6	13
33	34	37	7	44	3	0	47	12	33	9	38	19	3	36	23	36	44	11	5	30	38	24	35	3	17	29	4	3	7	25	46	35	32	23	24	46	30	9	22	41	18	30	26	7	24	50	6	39	39
18	38	15	41	18	24	30	0	39	21	27	43	39	9	23	8	10	39	10	47	33	40	10	14	41	16	38	9	23	46	28	4	18	13	39	3	4	3	13	36	18	29	17	27	19	15	16	1	33	8
14	11	34	25	24	33	1	1	0	30	29	5	28	45	2	12	36	39	22	39	26	8	30	8	50	2	45	2	20	19	26	6	18	2	15	1	17	24	49	28	38	6	48	11	41	50	14	32	47	38
9	49	13	43	11	3	30	17	26	0	43	16	38	15	35	13	17	13	12	32	17	35	20	17	21	5	29	48	11	38	48	22	41	43	45	19	30	34	41	15	22	31	21	6	34	46	8	48	1	50
23	44	38	2	33	25	14	40	17	1	0	17	49	17	20	48	41	32	37	24	31	13	29	23	25	33	13	12	16	46	20	33	16	27	11	49	26	34	23	31	46	6	32	25	24	40	31	23	15	33
7	8	50	47	3	1	29	19	34	13	30	0	30	22	5	7	48	21	3	21	41	11	10	13	23	12	17	50	45	1	46	26	7	48	36	10	11	19	8	7	37	11	31	5	26	25	39	6	8	29
47	32	2	8	40	3	3	18	17	45	9	4	0	41	23	12	46	11	9	15	22	23	31	42	28	39	30	36	47	30	18	25	11	35	47	18	43	42	11	7	46	2	36	43	37	9	37	36	22	33
22	49	1	31	50	16	49	4	28	11	46	18	25	0	8	10	28	3	7	8	5	29	37	9	7	45	10	31	23	19	4	31	1	22	14	28	39	27	43	1	3	12	27	4	23	21	44	36	3	23
31	21	47	23	29	26	18	27	37	41	1	8	28	1	0	26	45	33	4	14	18	11	10	24	49	26	45	36	47	12	24	2	37	33	47	14	28	28	1	6	29	32	9	27	19	14	13	12	33	22
9	23	9	40	9	44	47	20	45	24	14	27	50	50	10	0	48	40	16	1	45	1	20	45	1	39	8	16	23	25	45	32	29	2	19	13	13	10	28	21	15	18	10	19	44	43	7	8	30	1
32	12	15	3	38	16	19	43	24	42	22	15	16	19	3	2	0	7	25	35	26	27	16	30	28	5	10	23	46	49	32	47	22	5	3	46	41	42	31	4	21	23	30	47	27	23	18	2	41	30
32	19	23	49	17	34	4	39	44	42	26	42	8	17	28	17	45	0	7	4	9	33	43	22	31	13	10	45	24	38	5	45	24	3	32	7	29	41	19	27	36	48	19	48	38	31	43	30	36	48
25	23	29	30	9	2	1	5	29	24	4	46	28	31	34	19	25	20	0	22	37	48	19	44	2	49	50	27	2	40	14	49	26	39	49	18	34	17	11	27	1	7	7	2	1	31	4	15	9	48
24	35	31	43	46	25	16	17	49	43	19	21	8	45	38	12	5	33	36	0	30	9	26	13	30	24	30	40	28	47	7	19	47	18	19	28	24	9	37	48	36	39	2	25	41	43	25	43	12	34
1	7	1	12	48	17	38	31	23	39	3	6	5	25	25	15	31	7	27	36	0	48	12	12	27	17	1	43	39	5	1	48	29	18	14	9	31	3	1	27	6	23	28	37	47	28	27	27	6	39
46	12	40	18	12	2	49	11	23	12	38	44	32	11	38	29	25	9	19	12	50	0	48	46	25	6	48	21	25	24	46	49	27	16	49	12	32	46	26	6	49	43	3	3	6	20	28	10	6	15
21	24	46	40	47	40	39	17	19	42	26	50	44	18	49	5	48	34	43	47	8	27	0	38	23	43	22	47	14	45	1	28	37	2	34	47	14	19	36	14	38	41	10	34	40	2	7	24	17	4
10	19	4	22	12	22	27	7	6	25	2	49	7	2	37	32	40	16	17	40	42	8	34	0	50	47	34	10	14	21	40	47	8	35	48	5	39	38	10	16	10	32	13	47	44	48	10	47	37	36
26	9	15	20	27	24	37	34	33	46	20	29	2	38	26	27	22	15	24	13	33	28	19	36	0	3	42	16	9	9	39	25	36	25	14	19	44	1	32	48	29	39	32	21	23	5	16	21	27	32
49	25	41	23	16	45	39	41	8	21	1	48	1	28	29	14	19	45	31	18	9	35	6	7	38	0	31	20	18	3	43	25	9	34	12	34	43	8	22	24	2	43	6	43	32	31	22	32	40	6
39	12	9	31	46	44	46	49	21	36	10	32	29	31	18	46	8	23	19	2	6	16	34	50	9	50	0	31	15	29	43	8	9	11	37	39	26	18	22	15	19	2	24	22	45	40	35	20	5	11
46	7	41	26	16	40	44	49	2	45	4	3	20	42	11	38	16	35	31	32	27	1	45	14	43	45	39	0	48	39	8	40	43	26	30	15	43	45	50	15	23	26	35	21	43	16	45	39	44	38
47	11	37	4	23	23	16	5	30	48	7	34	23	44	10	43	28	36	23	30	50	42	38	32	39	5	3	22	0	29	3	26	49	28	38	19	22	40	21	8	35	44	50	13	37	36	14	18	40	6
14	31	38	3	2	44	9	44	13	47	36	43	6	14	46	17	31	6	23	16	24	22	7	44	10	36	35	29	31	0	8	43	14	21	29	29	25	30	37	7	17	9	15	48	28	42	33	9	40	29
46	41	1	39	16	17	36	29	30	31	4	44	30	16	17	36	14	32	44	36	32	42	13	49	18	11	2	7	33	6	0	24	37	49	32	39	20	3	4	3	45	38	44	30	24	20	10	28	4	12
16	34	39	46	18	30	49	44	19	33	4	17	42	42	35	19	8	9	36	11	25	17	26	48	41	26	36	11	11	42	17	0	5	7	50	19	42	38	36	48	37	25	7	34	18	11	44	21	36	26
35	10	31	33	11	33	10	25	33	16	36	20	12	28	45	35	5	20	23	25	35	6	9	50	25	42	46	44	8	34	26	9	0	15	6	20	12	25	39	13	50	44	49	38	38	11	44	27	39	5
36	34	31	13	12	20	46	24	34	14	13	30	9	32	40	23	42	21	8	20	15	8	20	46	43	44	16	23	26	2	39	48	21	0	6	44	11	44	1	24	10	37	5	37	8	46	10	28	47	20
34	10	1	34	48	35	33	39	38	13	36	15	35	9	34	22	13	46	4	37	47	22	36	50	25	39	1	5	30	18	48	20	37	6	0	18	13	19	41	47	15	50	22	36	25	15	4	22	23	13
28	21	3	39	29	18	15	13	2	20	50	8	15	36	45	31	47	16	26	23	18	47	3	41	26	1	22	14	5	48	27	26	43	44	47	0	30	20	28	38	14	34	15	28	44	44	23	44	40	48
20	28	18	37	5	25	2	34	48	24	8	31	4	46	27	35	43	12	29	31	45	3	4	22	34	26	4	30	8	40	5	2	17	47	22	3	0	19	49	39	28	50	19	28	33	32	47	41	32	48
19	16	9	14	42	2	2	29	7	2	7	16	23	1	20	11	29	38	49	19	24	5	2	22	41	43	22	12	28	19	26	13	32	9	9	23	9	0	29	46	11	32	12	34	17	12	38	24	8	2
41	29	25	42	31	5	29	45	17	48	26	12	49	9	13	5	3	4	13	27	46	33	3	15	6	13	12	9	15	43	34	13	2	43	45	23	17	5	0	48	47	35	36	49	4	10	33	25	41	18
42	47	18	25	34	16	18	1	19	26	17	8	24	38	34	29	5	19	50	36	47	36	20	19	16	39	36	41	10	27	3	30	10	33	35	25	8	23	22	0	23	28	32	15	45	50	6	43	26	34
15	33	37	33	6	38	50	33	17	39	49	49	36	18	14	20	42	34	18	3	8	44	3	14	42	1	30	24	48	32	9	25	14	29	17	30	49	26	31	28	0	24	33	18	36	38	21	11	13	43
50	26	27	5	46	19	18	35	18	47	33	38	40	19	8	13	37	30	45	1	35	8	26	30	44	31	26	9	38	38	25	17	12	1	45	37	29	39	50	24	27	0	12	7	15	25	38	37	13	20
36	30	27	13	7	12	15	43	38	49	2	28	43	34	12	9	43	31	44	23	7	19	49	3	14	11	21	26	20	15	28	9	44	44	35	30	28	40	38	17	44	40	0	17	37	31	49	10	19	26
21	36	5	22	13	22	38	27	7	43	45	3	21	17	33	31	41	37	31	17	29	43	11	33	32	5	32	16	38	28	23	17	6	15	35	25	16	16	3	47	47	25	2	0	7	47	10	34	41	30
21	49	45	46	46	30	24	3	17	6	30	30	46	5	11	50	22	44	31	41	21	28	7	5	29	50	45	28	50	8	13	44	27	34	49	44	39	3	5	19	42	25	16	1	0	19	6	34	45	27
36	42	47	11	3	25	44	10	10	20	43	26	13	17	13	21	35	1	50	24	42	49	45	39	4	19	7	5	38	43	48	5	36	34	7	37	50	31	44	15	26	40	46	35	24	0	40	40	36	39
17	27	14	44	21	21	15	20	17	27	2	31	13	8	4	15	37	36	15	38	44	47	8	48	16	15	9	22	36	11	7	21	11	19	35	2	26	34	10	1	33	27	19	22	40	14	0	38	41	29
24	13	31	27	16	26	14	1	39	19	26	46	38	13	7	28	22	17	14	32	4	40	13	50	22	2	33	17	6	10	27	36	4	29	20	43	29	34	43	32	22	28	22	14	24	16	20	0	42	30
24	41	34	15	12	22	43	30	46	10	17	36	25	2	48	18	13	48	31	4	38	4	10	29	12	1	7	40	43	50	13	15	9	8	32	5	5	6	11	1	6	41	44	18	40	39	8	9	0	7
35	45	11	12	9	40	15	10	10	7	23	43	45	22	32	14	27	4	37	45	49	9	28	8	30	18	26	47	42	38	15	6	5	27	43	20	12	5	5	27	35	36	43	44	11	14	7	41	17	0
7	23	19	47	37	6	21	9	38	47	48	28	4	21	34	43	25	8	13	5	22	47	34	39	21	44	45	28	15	48	34	25	40	10	39	48	35	33	47	38	36	45	36	48	18	19	8	4	8	31
0	48	39	20	6	5	3	34	39	14	13	14	15	32	23	21	13	8	6	44	30	32	37	31	19	26	12	13	9	10	44	25	48	13	6	15	1	20	22	20	48	7	42	41	21	8	28	17	47	21
18	0	50	12	50	27	28	31	25	24	32	49	36	9	23	35	31	27	26	26	29	27	41	50	49	10	5	47	15	49	28	1	15	21	34	8	41	32	46	48	21	46	5	11	35	31	44	10	41	10
4	26	0	27	24	43	32	41	50	1	24	40	6	12	8	29	6	17	15	36	50	18	3	5	47	3	41	22	30	3	30	22	26	24	44	38	24	46	13	37	30	37	11	40	5	48	17	9	43	22
20	28	31	0	21	46	35	19	1	41	38	17	2	3	7	35	15	44	9	38	47	25	38	1	24	23	34	11	31	18	26	7	25	43	2	9	45	43	24	34	44	10	31	49	7	43	2	8	17	29
42	26	37	7	0	23	49	32	22	34	9	30	24	37	37	27	41	49	16	47	9	48	35	38	44	23	3	24	50	33	35	7	7	18	49	33	35	44	41	46	26	29	11	50	37	25	19	37	30	46
1	38	33	6	31	0	40	7	50	23	16	22	45	28	17	45	41	39	32	37	44	7	1	35	24	39	48	22	32	32	36	36	27	47	17	32	37	22	31	50	26	31	47	29	38	2	50	42	7	3
35	39	10	9	40	38	0	43	47	28	43	7	41	34	32	18	29	43	14	21	3	1	34	34	16	8	29	30	37	8	47	16	39	50	34	8	22	45	17	41	50	9	11	15	46	3	1	21	12	11
48	12	12	33	12	13	20	0	22	11	5	17	40	40	12	45	32	34	24	13	12	26	41	8	29	48	48	48	2	45	16	39	19	34	11	13	7	42	26	37	3	42	8	35	25	45	21	33	36	40
49	10	5	7	8	28	18	42	0	23	26	47	41	31	27	9	46	44	36	34	16	48	14	12	30	1	34	33	12	34	18	2	2	50	18	8	36	22	19	17	2	37	32	17	21	29	4	20	29	35
5	50	24	15	36	46	17	10	36	0	30	49	24	20	29	40	35	25	4	15	35	6	27	33	28	36	30	38	1	18	23	32	38	3	32	42	1	17	25	26	6	34	37	46	12	4	10	14	18	46
10	45	48	16	23	24	1	17	43	48	0	28	44	14	26	17	9	10	22	22	3	21	39	47	12	4	1	28	6	30	30	23	43	10	33	9	14	12	20	14	12	15	9	5	14	1	23	16	2	24
9	2	25	10	3	50	37	5	7	22	16	0	37	46	14	34	2	26	40	7	50	21	13	22	12	27	43	15	47	12	9	34	35	2	44	19	10	40	35	16	20	34	8	41	46	45	41	7	16	2
14	25	30	29	31	14	42	27	29	27	7	8	0	18	43	39	43	33	36	38	42	39	36	22	10	41	45	37	28	22	6	48	5	8	18	41	15	26	39	8	34	39	34	10	17	50	41	47	37	26
15	16	45	36	23	38	31	41	44	33	4	11	36	0	32	45	11	22	20	45	4	31	7	23	9	44	15	17	6	45	6	49	35	40	35	38	34	45	25	42	21	45	28	50	8	8	5	20	36	39
38	47	22	3	44	5	7	46	34	25	45	48	23	1	0	7	32	44	24	27	6	9	10	50	17	10	34	8	14	43	15	39	45	50	42	6	13	28	44	37	9	20	33	35	21	44	19	49	42	7
44	33	4	28	16	37	40	25	40	34	25	35	35	45	5	0	49	50	34	36	2	42	45	12	20	13	48	31	48	14	23	17	16	20	30	47	39	50	8	8	7	24	20	19	11	24	2	14	32	5
4	25	44	19	21	19	4	50	48	31	29	13	7	15	50	34	0	30	23	47	38	13	13	46	41	19	44	22	32	31	9	45	21	8	42	32	44	44	45	34	2	40	2	18	11	2	26	33	14	50
35	17	29	46	22	14	50	3	18	5	15	22	48	26	35	25	31	0	29	38	27	11	24	10	26	26	30	8	1	41	37	18	13	48	28	50	38	14	20	28	46	26	40	20	46	25	4	7	23	21
5	6	49	37	12	25	48	17	46	28	27	1	48	7	21	39	22	39	0	18	13	6	25	43	17	34	27	33	9	34	8	38	2	48	17	46	43	5	19	40	34	6	17	4	11	31	26	29	37	17
29	31	15	8	12	16	38	50	33	45	38	11	47	34	15	43	44	43	43	0	21	4	4	14	8	48	35	26	43	24	41	15	7	14	30	5	2	49	22	27	2	32	45	36	50	12	21	48	24	29
9	17	47	31	6	1	47	36	39	29	41	38	38	14	5	40	25	22	50	21	0	38	2	12	20	7	9	27	5	25	4	4	31	25	1	22	18	7	38	2	33	18	40	5	8	28	16	17	19	11
31	37	47	20	43	27	5	26	49	36	10	41	13	36	33	43	40	38	1	24	13	0	37	16	16	15	18	2	7	26	34	3	39	28	36	9	6	36	6	35	34	13	50	46	49	41	28	41	18	49
19	33	3	9	33	43	13	5	4	25	9	13	38	2	45	2	2	30	38	31	43	44	0	46	50	48	19	24	19	45	44	8	39	46	39	11	4	29	45	30	41	9	29	34	21	21	16	2	38	50
22	42	32	37	34	43	19	15	11	10	21	15	8	33	10	29	24	2	42	43	18	15	43	0	16	32	29	13	10	27	30	18	24	9	26	10	50	6	46	11	21	9	27	27	39	28	49	48	3	40
28	50	4	40	40	20	5	45	8	3	2	9	24	3	23	9	7	32	30	16	22	50	43	31	0	1	13	41	26	21	15	25	19	47	21	24	30	24	33	10	28	48	4	44	23	27	48	22	40	5
38	22	18	28	45	27	22	11	31	42	35	39	40	1	26	25	7	45	30	23	21	23	47	26	29	0	27	43	31	4	19	28	35	39	8	13	37	31	29	19	49	31	1	43	39	33	44	21	10	1
18	23	35	48	46	4	4	15	2	30	11	11	44	16	36	45	42	13	50	5	35	32	45	42	40	8	0	31	34	20	49	22	13	1	2	34	11	14	38	12	24	3	14	32	16	4	12	7	1	18
33	26	40	45	45	26	36	1	43	4	31	5	2	29	1	34	18	44	13	31	24	26	14	48	16	21	49	0	9	8	2	17	46	3	8	20	9	16	38	38	15	25	29	27	41	30	2	14	5	5
18	43	50	11	34	10	1	40	5	50	8	29	21	1	40	50	26	44	22	19	45	33	16	38	30	27	2	19	0	2	32	12	30	31	26	35	44	27	14	2	6	38	19	4	32	41	5	38	48	41
29	17	18	25	42	20	35	44	49	1	22	19	11	2	39	12	44	37	20	46	14	8	49	26	34	27	6	39	42	0	35	31	5	27	14	42	29	31	1	2	40	21	32	37	13	30	12	26	49	7
34	15	11	19	21	23	35	25	10	48	49	35	1	12	12	19	25	14	13	3	35	20	28	28	25	36	47	18	29	45	0	36	38	10	42	15	9	35	1	12	23	28	32	39	4	11	27	44	44	5
49	41	7	33	37	31	8	47	43	31	24	43	26	10	39	49	26	47	42	33	36	20	30	39	5	5	8	11	4	1	12	0	1	36	3	47	13	28	14	36	5	31	20	41	20	48	50	10	46	50
25	20	6	44	19	20	22	42	23	35	37	15	13	31	19	20	27	31	11	24	38	6	4	7	13	7	1	17	33	13	24	2	0	18	35	38	41	14	12	26	39	19	41	25	8	5	7	33	25	7
7	22	7	1	7	43	31	36	46	22	34	22	11	33	34	11	14	17	16	21	20	49	48	24	36	49	23	27	41	18	3	38	42	0	15	36	24	6	14	31	30	50	34	6	42	26	4	39	4	26
22	18	47	30	23	10	8	43	10	48	3	18	31	44	21	13	15	41	24	15	42	18	30	1	25	9	13	49	3	22	27	27	15	32	0	3	2	40	46	14	27	20	38	17	5	35	41	34	46	4
11	7	28	3	17	35	8	3	6	11	41	2	6	16	7	23	46	8	39	29	43	41	16	50	27	25	29	38	46	20	48	12	32	9	49	0	47	17	17	8	42	21	14	13	42	21	39	8	33	30
48	18	46	13	18	34	4	49	10	7	41	14	45	32	31	38	35	7	40	1	18	35	45	24	13	24	23	9	23	40	14	42	35	11	1	25	0	1	12	45	35	39	14	6	4	28	29	14	21	19
10	27	26	21	44	23	14	1	14	5	5	12	32	47	11	45	15	46	30	13	50	30	49	18	44	5	28	49	42	31	3	15	32	3	23	13	2	0	5	1	43	10	24	43	8	25	12	31	46	1
40	38	5	1	6	48	30	18	26	18	13	13	2	22	15	20	13	10	6	31	35	4	33	25	14	32	22	3	21	33	13	1	42	40	44	43	4	2	0	30	1	45	27	40	19	2	14	38	39	8
26	18	44	27	4	44	36	6	20	8	50	50	37	9	43	11	40	30	43	27	3	40	2	8	31	18	49	47	33	21	47	45	28	17	37	50	5	11	42	0	2	15	45	48	29	12	31	46	19	35
13	8	30	16	6	50	49	14	39	48	45	13	31	24	3	21	18	11	3	33	25	11	24	42	38	17	46	1	25	22	48	32	46	22	8	26	25	26	32	30	0	29	4	35	10	35	10	30	19	31
50	2	18	50	6	17	21	28	23	37	6	44	3	4	3	40	35	25	39	20	30	18	18	29	15	3	19	35	30	31	4	40	29	16	1	10	15	10	49	9	31	0	10	41	29	37	50	22	5	5
17	7	32	27	1	17	20	4	12	5	19	41	42	28	25	24	26	28	27	27	21	16	19	21	38	12	10	27	49	36	29	47	13	45	43	32	11	45	2	35	29	32	0	30	41	25	26	3	30	30
23	48	6	33	5	28	5	15	38	2	47	8	30	19	22	45	7	45	29	16	45	47	15	30	5	40	42	25	35	4	2	15	24	16	29	31	14	37	50	12	22	16	14	0	47	20	5	21	14	16
1	38	39	23	21	23	42	18	11	34	8	26	50	21	22	17	15	24	10	46	8	27	7	31	16	20	14	6	24	44	47	22	14	44	8	37	27	16	39	44	18	2	25	5	0	8	44	18	20	46
15	9	24	10	42	45	3	35	24	14	29	27	50	45	23	21	50	40	17	23	26	19	28	47	39	14	16	36	37	11	15	18	15	24	33	2	20	18	22	26	16	31	30	42	36	0	13	38	10	4
39	16	43	45	17	30	50	44	10	10	50	30	46	29	9	21	45	10	45	11	23	27	13	1	12	18	49	16	30	36	13	43	20	27	27	31	46	9	41	11	20	36	8	17	23	37	0	48	39	36
41	49	24	4	29	25	29	23	8	44	26	48	42	38	45	8	30	34	50	46	31	33	28	5	41	9	43	14	46	4	33	23	8	48	38	22	24	31	20	39	35	30	36	49	29	40	2	0	46	40
3	4	35	8	33	32	28	46	42	46	14	35	34	12	11	19	11	21	30	40	8	27	8	21	19	46	25	35	14	25	15	3	30	38	11	18	2	1	41	5	14	7	33	25	11	36	33	22	0	18
12	8	43	46	16	12	28	13	8	1	46	1	6	11	20	15	10	44	12	26	42	8	13	24	34	17	22	21	39	8	8	10	14	40	2	1	34	8	9	26	15	42	16	41	33	5	39	19	7	0
46	9	37	47	44	9	20	45	13	30	33	10	24	26	35	49	23	20	36	29	8	17	47	23	14	43	50	3	4	23	25	5	26	16	9	20	47	23	1	3	5	6	25	12	6	26	14	44	43	27
0	22	26	39	6	16	23	7	18	21	34	41	39	20	48	2	47	50	19	7	21	25	17	15	30	29	13	50	7	43	36	15	19	11	19	50	50	7	46	1	39	21	40	29	40	42	19	21	44	41
11	0	32	27	35	46	17	47	24	1	20	39	2	20	28	27	1	39	35	35	37	2	32	19	26	27	23	2	2	8	21	42	35	26	10	26	24	43	9	10	14	25	6	28	41	34	25	45	46	30
9	21	0	50	17	6	22	33	1	18	36	30	49	50	30	19	38	50	18	37	5	26	41	49	23	1	13	18	28	26	18	13	34	41	48	43	9	1	44	40	39	16	40	36	9	33	13	32	15	42
28	40	6	0	27	16	29	41	33	38	37	39	43	36	13	40	46	40	30	44	35	34	23	25	46	34	32	37	3	32	13	25	34	7	32	40	1	29	23	20	42	6	23	37	39	37	9	31	34	18
40	15	14	11	0	16	10	33	31	17	3	4	29	26	40	17	11	39	31	40	31	9	11	35	32	41	47	17	41	37	38	35	26	26	39	32	2	23	50	29	44	48	50	48	15	5	14	50	7	36
23	43	9	15	12	0	40	50	4	16	47	41	44	24	21	4	49	45	35	34	1	10	13	2	3	36	40	12	26	41	45	46	36	4	30	43	32	23	18	4	35	11	33	27	22	22	30	41	34	19
24	9	10	6	45	3	0	50	7	22	47	11	45	35	17	36	9	21	42	6	27	19	32	29	28	20	43	15	27	30	32	44	46	36	23	37	47	24	19	32	33	28	38	37	4	29	40	32	36	13
10	29	4	21	22	49	22	0	20	41	2	49	1	39	13	9	31	23	28	33	20	30	47	9	3	21	23	2	9	43	47	21	9	28	31	45	9	2	37	33	4	44	45	3	38	47	16	44	27	31
35	16	48	29	50	5	14	14	0	27	15	46	17	18	36	43	31	33	18	2	40	12	16	25	22	13	44	27	4	4	25	8	6	18	5	12	5	39	50	19	46	8	14	17	9	36	13	44	47	39
11	14	37	46	15	4	50	11	27	0	8	28	25	1	16	18	37	20	43	45	39	29	43	10	32	35	14	31	10	37	9	20	40	24	22	18	44	12	25	30	24	30	5	16	28	38	29	26	25	47
32	20	33	31	28	12	4	20	10	36	0	26	20	11	36	50	14	36	17	11	31	45	3	42	50	39	35	20	40	11	26	3	3	17	22	29	5	28	47	34	30	43	8	37	40	50	33	32	8	36
8	36	41	9	36	40	15	7	30	17	18	0	39	13	33	8	6	18	19	32	10	20	41	25	26	19	47	23	30	7	19	44	43	16	9	8	45	6	19	47	11	12	4	48	48	10	49	37	48	14
47	14	27	16	5	10	48	21	9	33	13	25	0	22	36	7	25	30	35	11	43	21	21	25	13	28	19	46	46	26	23	18	49	20	47	42	28	35	8	1	2	26	42	3	36	2	43	11	32	50
8	28	16	50	36	31	8	10	47	13	39	21	16	0	5	9	27	39	9	49	50	46	31	36	24	18	45	50	15	39	33	21	43	38	6	44	42	19	13	1	2	24	33	13	20	47	18	23	6	13
14	30	23	32	1	3	46	20	33	32	41	32	39	40	0	1	13	17	13	35	35	48	15	49	45	44	13	35	43	21	5	23	20	41	33	11	7	33	13	23	4	41	47	4	35	2	27	9	17	17
18	39	4	11	23	28	33	31	5	21	41	30	26	34	33	0	21	43	7	19	11	26	34	4	23	4	13	48	3	41	26	3	48	35	32	36	30	47	33	47	30	23	40	30	48	45	40	10	45	47
36	40	3	28	6	25	17	28	28	27	32	11	26	11	29	26	0	1	22	43	37	21	23	28	11	8	12	22	34	32	37	47	50	36	43	48	40	33	44	31	38	36	6	7	31	20	43	7	25	44
43	11	6	18	1	29	30	25	23	30	10	38	28	32	50	25	46	0	30	35	4	31	31	37	12	15	5	50	37	44	26	18	49	5	34	23	13	49	48	22	18	15	4	38	10	46	30	39	11	27
23	28	21	25	26	41	44	22	9	35	4	44	12	43	16	21	31	29	0	22	19	33	32	39	32	18	18	12	2	9	44	33	31	48	22	21	46	39	6	24	24	45	28	10	45	36	8	29	43	20
40	14	45	2	43	9	4	37	15	3	44	21	48	20	41	29	13	21	26	0	27	3	22	12	50	45	17	6	11	23	49	31	11	6	21	32	47	5	6	31	20	46	14	6	4	22	4	14	26	2
5	14	15	46	48	28	32	38	17	49	25	10	44	39	31	46	43	29	26	43	0	12	26	15	46	21	50	44	16	15	6	13	22	44	27	5	8	45	1	38	9	19	21	34	9	14	27	35	3	4
17	9	20	27	45	17	43	29	12	12	38	32	35	16	1	49	33	48	25	41	14	0	22	34	7	37	39	42	29	15	46	7	38	14	45	15	2	40	23	27	14	41	45	20	22	17	9	12	29	28
41	25	48	31	42	8	3	35	43	24	16	41	33	30	21	14	50	5	28	11	8	2	0	15	22	42	7	8	1	17	44	21	20	14	32	34	32	31	17	44	12	49	20	11	34	5	19	26	35	34
26	27	43	19	49	49	41	3	34	34	17	18	11	18	21	35	24	6	24	32	43	34	11	0	38	4	2	14	8	11	46	23	48	31	39	40	29	20	45	24	11	41	21	10	6	3	8	25	3	21
37	13	10	5	30	2	26	24	49	34	32	36	34	12	31	36	35	34	30	12	39	4	23	23	0	20	2	48	9	6	9	18	33	18	44	35	32	17	36	47	11	50	39	6	12	45	45	37	20	21
28	43	12	36	6	12	15	13	39	30	32	32	14	33	24	31	4	49	41	16	3	39	36	24	33	0	8	37	25	28	20	25	23	35	47	44	41	46	41	33	36	45	18	16	24	15	5	41	21	5
48	29	42	11	46	5	50	6	11	16	33	50	34	42	48	35	14	31	2	24	28	36	41	27	50	17	0	7	22	23	8	45	5	13	11	48	42	14	9	49	23	31	45	23	4	39	42	50	2	27
5	47	7	6	14	30	15	26	34	38	50	39	49	47	45	40	5	37	5	21	1	22	17	44	8	24	25	0	29	13	22	26	48	28	37	25	8	28	12	6	14	18	43	18	19	14	45	33	13	50
28	1	48	44	13	23	27	20	2	47	8	38	7	49	29	16	36	19	16	11	27	37	44	28	21	16	19	25	0	7	43	44	1	46	7	17	43	22	39	46	18	12	37	37	8	19	15	14	50	15
27	30	35	46	38	17	5	48	27	12	36	33	17	13	8	39	18	37	43	2	34	43	30	29	26	24	15	8	37	0	25	4	47	14	27	42	25	28	45	47	9	32	15	30	15	26	35	29	12	22
44	7	2	37	23	23	27	43	7	24	16	21	29	15	50	13	26	3	3	18	34	32	43	47	6	46	16	34	4	31	0	50	19	26	37	23	45	8	17	10	12	50	25	35	25	36	23	21	7	33
27	4	25	16	24	4	30	16	41	6	11	26	31	31	36	43	44	25	22	7	17	12	48	42	5	18	12	38	11	5	15	0	50	17	3	45	30	48	8	39	29	50	22	43	29	2	37	6	15	32
19	26	31	33	17	38	13	1	24	48	36	22	27	35	6	48	23	22	49	19	2	10	45	41	18	40	27	9	38	20	5	19	0	3	25	1	23	6	46	1	47	45	13	8	39	17	4	39	37	10
32	25	37	33	35	25	15	37	39	20	11	13	49	29	48	29	5	21	25	8	46	44	32	18	21	48	36	9	10	33	6	37	42	0	2	32	15	39	2	39	33	41	45	41	34	25	13	6	9	5
10	9	36	27	38	4	15	1	31	41	36	8	9	18	21	17	26	5	33	18	22	30	36	1	19	25	10	41	27	9	3	45	45	22	0	18	9	5	13	42	45	30	17	49	37	24	36	49	8	4
35	31	1	29	14	21	47	29	11	6	47	8	46	41	31	3	32	21	44	35	40	49	49	46	3	36	27	4	36	39	16	2	22	35	39	0	22	42	47	41	7	40	37	11	37	27	8	29	36	22
40	9	6	6	44	22	26	34	15	45	49	7	2	35	15	11	30	34	12	40	30	10	41	12	33	24	23	19	33	26	24	13	21	47	21	23	0	24	23	24	50	48	49	2	31	21	38	43	21	21
50	42	33	8	41	45	26	43	10	43	18	21	1	45	20	1	24	29	8	47	40	40	19	6	23	42	40	42	5	12	45	5	19	33	23	47	37	0	15	6	43	30	19	26	34	45	47	33	20	5
44	19	3	4	13	41	6	48	38	26	10	32	9	5	27	24	23	15	12	46	16	43	6	46	2	24	2	31	22	38	38	34	34	38	40	33	25	22	0	8	38	31	6	26	7	36	36	32	21	34
31	22	13	36	6	33	17	19	38	18	37	50	32	46	12	50	20	16	15	21	2	42	45	22	22	40	21	5	50	48	45	8	10	26	18	45	3	21	49	0	14	29	23	2	39	32	20	43	41	27
15	7	8	13	50	43	43	44	45	48	38	38	13	15	39	40	1	2	22	17	36	19	8	49	38	5	25	46	37	43	2	15	15	5	5	40	33	10	29	3	0	27	25	43	32	33	42	4	3	2
47	43	36	31	22	45	10	3	7	12	25	46	18	2	42	8	49	24	31	13	20	24	10	33	47	44	4	29	6	39	46	36	1	33	8	24	12	40	14	11	3	0	12	37	8	5	43	9	31	29
3	10	41	50	2	30	23	49	12	42	33	13	16	34	49	20	37	35	1	28	37	9	42	19	20	11	21	35	15	16	31	23	50	29	14	8	46	41	35	50	24	41	0	31	45	35	6	11	18	4
30	32	2	47	4	6	25	37	28	22	14	16	34	14	28	31	44	5	9	10	6	31	22	36	13	5	29	5	31	23	2	35	16	45	50	42	5	15	34	42	39	1	50	0	41	20	21	10	49	47
36	9	30	21	15	14	50	18	50	41	6	31	6	31	3	3	46	23	11	4	37	1	14	32	8	38	31	16	26	20	13	6	33	8	2	39	15	29	34	6	17	40	9	27	0	16	6	44	39	36
3	40	18	5	20	25	14	48	20	6	1	49	30	8	12	15	24	15	41	46	29	37	31	5	39	12	38	22	17	41	40	5	32	25	17	28	7	1	22	21	10	47	40	47	10	0	22	43	11	38
37	1	21	3	14	8	26	50	30	6	2	25	50	40	46	27	32	27	9	19	38	37	2	29	36	49	14	17	27	24	23	30	5	31	27	34	27	20	43	13	4	34	40	11	8	4	0	16	30	38
25	44	13	45	16	49	7	29	6	41	36	21	18	11	14	37	23	31	32	24	11	15	32	30	30	45	7	19	4	40	40	29	5	4	21	33	42	30	5	20	34	22	4	42	14	5	25	0	34	28
5	47	5	9	42	29	25	4	49	42	11	24	4	24	21	36	50	6	15	1	24	47	29	2	48	45	27	5	50	5	43	12	45	24	39	50	50	19	29	25	40	22	46	15	22	28	7	41	0	37
20	22	41	18	47	31	29	16	32	28	45	4	47	9	1	18	5	50	20	24	18	16	21	45	17	21	7	36	41	12	22	36	21	46	37	49	12	36	14	46	29	33	26	4	22	32	36	24	15	0
