3
8
4	5	2	4	3	1	2	5
4	4	1	5	3	4	1	5
5	2	5	3	4	5	2	4
48	15	31	22	33	22	34	49	17	13	49	13	17	39	41	43	17	10	27	46	34	43	22	36	24	22	20	26	24	24	23	23	18	36	37	39	36	22	14	47	26	28	13	26	32	45	27	11	48	21
38	31	16	15	23	40	45	49	37	10	30	24	40	43	29	43	19	29	40	45	26	10	23	43	34	21	22	50	22	26	42	32	37	17	33	11	26	46	27	21	35	43	35	10	50	29	28	42	11	22
41	42	12	20	48	27	43	13	26	50	12	19	11	21	23	36	24	37	22	46	18	44	21	33	11	24	33	39	47	22	43	12	49	13	32	27	31	19	43	10	10	49	11	41	44	24	25	19	32	15
26	47	45	49	35	27	41	12	12	18	17	24	40	43	17	37	37	41	21	11	20	22	44	22	26	36	36	24	44	37	39	30	47	47	34	34	33	28	19	47	15	45	17	31	27	50	29	27	46	15
40	32	28	45	37	13	31	49	15	19	44	10	39	47	23	28	41	24	46	13	28	50	12	39	44	49	10	28	10	48	19	10	43	28	39	28	34	13	12	47	10	44	24	24	33	14	40	26	42	18
35	23	36	45	48	43	39	25	50	16	39	22	44	15	31	17	21	36	32	11	43	41	34	17	50	11	25	41	36	15	34	33	14	11	42	33	37	46	17	16	44	38	21	32	19	14	14	26	28	25
39	35	14	27	41	48	27	15	25	10	41	33	21	34	22	10	18	36	34	32	31	24	25	28	49	36	23	39	26	21	50	31	22	22	47	44	10	18	46	17	30	37	39	18	12	23	39	50	33	26
44	31	37	23	45	39	28	45	16	49	16	22	45	13	17	42	20	10	21	42	47	40	25	49	17	16	31	36	46	14	11	40	44	47	44	27	39	13	45	33	26	17	35	20	48	23	42	40	22	45
1 5   
1.5 10
1
1.5
14	32	29	19	4	26	15	24	8	30	6	27	45	48	40	40	41	45	35	11	44	48	46	17	50	30	23	29	41	37	1	22	23	29	2	24	13	26	12	39	32	41	13	36	33	18	33	30	45	18
0	49	29	41	12	17	36	15	28	44	10	31	16	38	44	11	29	43	46	8	21	48	45	7	34	46	10	48	43	4	16	50	18	46	1	17	36	32	40	16	42	11	38	29	1	38	22	34	33	1
4	0	21	48	25	10	1	6	1	34	47	7	27	21	37	6	32	6	42	45	3	21	1	45	34	50	50	26	28	22	16	41	36	17	45	18	5	35	35	48	5	10	1	28	4	8	48	13	6	10
39	25	0	28	17	16	36	23	15	44	34	32	6	48	17	45	2	10	27	40	29	6	18	12	39	21	36	39	3	41	45	9	18	34	14	9	27	38	10	36	40	42	5	2	46	18	11	5	48	9
7	22	33	0	38	41	41	33	16	29	23	21	38	1	12	46	16	6	44	28	6	43	37	44	46	17	22	25	34	1	26	6	6	6	41	12	10	32	28	7	25	30	17	43	37	10	1	39	7	5
17	10	13	31	0	11	48	17	18	7	16	17	11	28	27	26	20	20	22	30	18	30	47	36	12	5	7	4	14	1	33	25	38	44	19	35	42	38	23	37	33	6	32	18	9	44	31	43	31	24
36	31	18	17	24	0	18	45	40	10	42	44	11	34	47	11	29	10	28	12	42	38	7	36	4	9	24	3	20	21	25	18	39	14	24	12	33	37	48	15	12	18	24	13	31	39	14	38	6	34
37	1	32	40	17	22	0	29	30	35	6	35	32	1	40	43	45	9	39	19	48	44	1	17	1	41	39	25	2	30	1	39	45	10	40	16	23	17	14	42	44	37	24	12	36	46	9	25	42	28
9	17	47	41	31	34	35	0	2	33	22	45	19	31	30	50	47	31	21	18	23	26	24	50	18	22	21	10	35	33	34	23	12	19	37	50	20	46	18	34	36	1	37	42	14	4	15	45	15	38
33	30	23	23	23	49	47	36	0	49	9	47	36	3	44	19	2	49	31	26	16	12	18	45	45	23	1	26	11	40	43	18	9	26	44	13	2	21	44	44	26	1	13	23	20	4	10	44	6	44
16	27	16	27	29	25	21	47	39	0	34	5	8	32	45	35	45	41	3	49	15	16	41	6	44	49	10	16	5	13	41	34	12	4	46	27	18	37	28	46	44	43	42	38	28	27	16	20	39	20
36	25	9	15	38	16	4	15	13	20	0	6	13	15	14	19	22	8	11	21	21	3	4	31	19	18	32	8	14	5	44	20	37	26	22	12	21	18	4	16	20	36	50	16	42	15	32	8	25	18
38	10	12	19	13	2	19	28	11	47	16	0	3	43	38	8	14	21	16	30	29	20	1	35	48	18	10	3	46	5	38	31	20	43	32	34	35	21	26	23	26	11	19	35	28	11	5	11	4	38
22	22	8	36	29	6	31	8	47	10	26	9	0	5	49	8	34	41	43	43	26	8	5	1	26	23	38	41	2	22	22	5	26	9	31	46	37	15	42	41	31	45	10	46	33	40	8	25	32	21
21	9	22	18	9	9	40	26	45	40	22	39	13	0	16	35	50	8	31	7	22	36	40	12	37	35	50	18	12	18	1	8	39	46	36	38	26	2	27	47	47	50	9	9	7	46	26	7	35	25
18	8	41	21	39	10	46	8	34	30	8	42	12	47	0	42	22	4	28	43	3	38	4	6	5	33	38	15	48	2	44	3	14	4	12	10	32	27	49	37	47	48	16	12	41	49	37	24	25	30
34	13	8	49	32	43	3	1	43	8	33	24	43	6	46	0	37	47	30	40	11	45	44	29	31	45	2	7	10	18	1	12	24	7	4	33	9	10	8	41	30	37	34	35	18	18	7	38	38	10
35	42	7	34	15	11	2	3	21	18	21	3	13	5	49	21	0	12	3	32	12	41	38	46	23	18	21	2	37	3	15	2	46	38	35	22	45	20	41	42	40	16	24	34	15	17	40	20	44	46
12	17	25	27	48	36	41	42	30	41	33	6	1	25	18	48	47	0	46	5	21	38	12	35	38	25	25	44	18	29	25	8	42	29	3	41	50	12	12	10	33	32	28	49	19	22	29	1	46	7
22	5	24	24	27	3	17	24	35	34	15	41	42	41	16	38	44	2	0	41	44	13	27	25	31	46	49	12	44	46	22	18	30	9	23	6	18	6	9	21	32	38	16	48	50	39	34	8	49	50
26	36	49	11	19	45	5	16	2	47	45	8	50	41	38	20	23	16	26	0	28	30	15	47	11	30	46	15	26	3	15	10	48	15	18	20	35	25	23	36	8	9	2	21	44	14	5	43	42	5
26	46	2	43	4	46	29	20	12	4	47	39	28	1	35	45	6	17	14	21	0	16	3	33	32	9	36	19	37	47	35	35	44	49	25	10	24	36	15	36	12	48	38	44	6	13	46	19	44	14
36	2	8	49	31	4	28	42	37	27	1	24	13	46	48	3	24	24	17	32	34	0	31	27	31	28	17	11	6	7	11	22	35	6	23	42	25	29	50	38	9	18	46	31	10	24	46	31	13	46
8	9	42	20	39	34	39	10	35	49	8	13	15	41	32	34	33	3	30	19	14	12	0	16	50	15	11	24	12	48	18	43	35	22	24	47	11	20	31	50	22	32	39	50	10	4	3	26	13	8
39	29	49	31	9	7	47	31	10	25	11	47	37	44	13	44	25	4	48	29	13	46	49	0	25	8	28	18	17	29	3	24	2	5	18	2	47	18	15	37	48	37	29	29	1	50	46	49	5	12
50	48	8	36	16	9	46	12	18	16	45	47	32	31	38	33	43	17	37	13	29	42	48	5	0	21	14	33	14	10	47	4	46	25	13	9	31	23	36	4	30	22	15	17	2	27	13	2	24	10
26	17	24	26	15	26	2	11	50	22	48	29	36	23	29	2	28	16	11	26	19	21	21	39	34	0	1	26	25	22	10	15	7	41	43	22	28	30	31	36	39	42	8	45	15	13	46	46	7	33
25	11	15	20	24	20	22	23	50	33	49	27	9	46	7	45	22	47	1	35	41	4	30	48	22	28	0	33	3	2	8	47	20	10	14	20	19	34	49	49	31	37	19	50	12	35	13	49	13	27
47	33	18	7	23	6	49	30	46	34	43	30	38	44	14	20	38	41	32	14	41	17	40	18	17	24	46	0	16	8	21	38	42	6	14	9	33	34	37	7	44	3	27	47	12	33	9	38	19	3
31	50	6	36	18	1	17	15	48	25	16	1	36	15	19	14	40	11	7	37	6	26	16	33	6	18	5	36	0	47	16	22	22	6	38	27	18	38	15	41	18	24	30	29	39	21	27	43	39	9
43	48	30	37	34	38	8	5	40	38	2	44	33	28	3	10	15	41	50	8	17	5	20	43	32	15	41	45	39	0	50	31	12	13	1	6	14	11	34	25	24	33	1	1	6	30	29	5	28	45
30	50	29	44	29	20	25	34	7	23	32	35	47	49	4	35	28	35	17	28	7	12	21	13	48	11	9	13	18	7	0	7	12	2	17	23	9	49	13	43	11	3	30	17	26	22	43	16	38	15
4	35	6	27	16	13	45	47	30	4	8	13	13	3	5	18	36	6	3	33	9	28	42	28	38	7	11	15	19	19	31	0	38	4	40	32	23	44	38	2	33	25	14	40	17	1	38	17	49	17
18	10	1	20	40	12	33	11	8	21	44	20	46	5	11	33	15	49	19	38	8	1	45	27	8	31	17	36	6	22	37	22	0	47	49	9	7	8	50	47	3	1	29	19	34	13	30	14	30	22
40	30	38	47	24	36	7	26	13	11	11	8	19	17	23	35	19	7	22	14	10	43	3	23	45	49	34	26	48	15	24	33	44	0	4	6	47	32	2	8	40	3	3	18	17	45	9	4	30	41
6	28	11	17	28	30	36	29	6	30	16	10	26	4	38	1	4	15	27	25	16	30	31	15	19	12	25	9	40	20	42	7	41	8	0	7	22	49	1	31	50	16	49	4	28	11	46	18	25	27
18	21	12	39	48	11	47	25	5	40	12	25	2	20	24	44	37	19	24	24	43	49	39	43	34	11	8	28	4	14	31	6	2	45	22	0	31	21	47	23	29	26	18	27	37	41	1	8	28	1
35	1	45	30	4	28	4	18	43	16	23	35	1	32	50	15	17	4	20	17	4	33	30	24	38	12	2	14	15	35	24	30	33	16	23	11	0	23	9	40	9	44	47	20	45	24	14	27	50	50
26	11	10	34	2	40	35	33	30	1	42	31	35	16	43	31	11	22	33	9	31	21	1	12	9	44	43	10	38	18	18	18	29	15	26	20	32	0	15	3	38	16	19	43	24	42	22	15	16	19
24	18	7	3	25	47	24	36	9	10	21	35	12	47	17	28	19	41	17	44	19	39	4	2	9	12	37	19	8	48	16	27	30	21	46	20	32	19	0	49	17	34	4	39	44	42	26	42	8	17
46	18	14	41	5	9	8	24	23	4	11	2	26	36	18	24	16	18	12	25	23	10	15	4	32	14	39	42	33	30	35	30	32	26	31	21	25	23	29	0	9	2	1	5	29	24	4	46	28	31
45	27	32	9	41	17	26	7	11	38	11	1	25	36	31	22	14	35	50	1	18	18	42	14	21	23	15	24	40	17	16	30	34	31	41	39	24	35	31	43	0	25	16	17	49	43	19	21	8	45
26	6	36	21	18	45	29	23	37	20	26	35	42	45	24	35	29	17	24	43	15	31	40	34	16	40	46	39	21	15	1	10	30	19	50	32	1	7	1	12	48	0	38	31	23	39	3	6	5	25
27	41	4	7	23	47	29	5	3	22	50	21	34	41	43	42	37	49	31	47	47	16	42	1	39	14	28	14	50	10	18	50	24	5	3	31	46	12	40	18	12	2	0	11	23	12	38	44	32	11
45	2	18	45	7	28	38	50	5	37	48	19	6	17	8	48	24	18	31	1	29	4	28	29	6	18	41	9	47	41	8	2	32	37	42	47	21	24	46	40	47	40	39	0	19	42	26	50	44	18
49	21	3	28	34	25	7	9	47	14	47	45	13	46	47	21	14	15	26	45	14	47	4	31	37	10	36	20	50	12	30	9	22	6	44	12	10	19	4	22	12	22	27	7	0	25	2	49	7	2
39	10	16	1	4	3	35	19	25	18	5	4	36	19	33	29	46	41	10	19	27	39	42	9	49	13	4	2	31	37	19	50	45	9	18	50	26	9	15	20	27	24	37	34	33	0	20	29	2	38
23	35	13	10	29	20	43	12	36	21	13	4	42	34	13	36	41	20	50	1	44	13	44	6	16	33	24	25	18	18	36	49	12	6	3	10	49	25	41	23	16	45	39	41	8	21	0	48	1	28
33	46	14	22	22	12	32	7	38	46	48	36	8	13	13	20	32	37	40	34	21	18	10	19	41	28	41	22	6	3	32	8	43	41	26	39	39	12	9	31	46	44	46	49	21	36	10	0	29	31
19	43	14	4	9	1	4	21	48	42	1	26	8	43	34	5	6	49	38	10	1	12	3	12	41	22	12	39	45	24	15	7	49	23	36	1	46	7	41	26	16	40	44	49	2	45	4	3	0	42
8	20	37	44	26	24	14	22	43	19	6	39	34	39	17	23	33	42	38	19	24	9	11	39	28	18	2	49	45	47	36	28	16	32	18	34	47	11	37	4	23	23	16	5	30	48	7	34	23	0
47	17	6	45	28	8	42	45	32	3	26	1	36	11	42	43	41	43	21	6	50	45	44	34	47	50	38	21	47	18	28	25	34	23	5	35	14	31	38	3	2	44	9	44	13	47	36	43	6	14
0	19	26	5	21	2	3	21	12	12	29	21	11	39	15	40	23	1	5	47	1	46	16	30	45	35	30	34	28	44	48	18	37	25	40	27	46	41	1	39	16	17	36	29	30	31	4	44	30	16
27	0	9	25	16	28	41	17	7	22	30	28	49	6	6	24	10	4	37	12	32	7	6	14	20	41	16	31	43	31	16	44	19	48	42	35	16	34	39	46	18	30	49	44	19	33	4	17	42	42
11	27	0	11	15	39	30	49	31	8	11	29	9	47	35	44	24	18	20	28	28	22	39	18	23	38	29	43	25	27	17	29	26	24	9	31	35	10	31	33	11	33	10	25	33	16	36	20	12	28
16	7	3	0	46	45	8	27	49	21	43	43	26	40	28	2	2	17	28	4	22	35	47	23	10	7	1	31	38	14	15	29	45	6	8	29	36	34	31	13	12	20	46	24	34	14	13	30	9	32
36	14	12	2	0	40	21	32	21	10	37	15	29	16	3	40	17	42	40	9	25	47	6	4	6	24	22	48	13	7	49	9	12	25	46	44	34	10	1	34	48	35	33	39	38	13	36	15	35	9
4	24	16	1	26	0	6	23	1	11	18	10	40	10	48	34	35	3	31	27	31	19	31	1	40	49	14	18	50	2	50	12	15	7	26	39	28	21	3	39	29	18	15	13	2	20	50	8	15	36
18	17	39	13	35	40	0	33	42	44	43	40	48	45	26	41	21	29	20	42	12	34	19	25	48	50	19	11	29	26	36	47	40	44	4	41	20	28	18	37	5	25	2	34	48	24	8	31	4	46
46	47	30	45	21	18	15	0	2	50	17	39	38	12	35	22	42	18	50	16	45	29	17	1	44	17	25	42	43	46	27	19	38	26	23	1	19	16	9	14	42	2	2	29	7	2	7	16	23	1
19	10	28	33	4	20	32	40	0	40	31	18	26	39	18	41	31	45	1	27	45	23	35	7	6	2	39	42	32	7	13	25	10	1	4	21	41	29	25	42	31	5	29	45	17	48	26	12	49	9
18	26	19	34	45	40	49	49	39	0	34	34	39	42	28	2	45	22	21	48	16	45	3	38	24	39	37	41	27	15	45	21	12	39	13	45	42	47	18	25	34	16	18	1	19	26	17	8	24	38
36	44	17	45	16	2	7	45	9	21	0	31	43	19	29	21	37	13	50	40	2	47	40	47	12	21	45	21	48	34	28	12	9	1	36	44	15	33	37	33	6	38	50	33	17	39	49	49	36	18
3	11	27	49	43	1	29	16	49	36	24	0	30	34	23	47	18	47	13	20	17	8	3	10	4	24	10	28	15	5	29	8	17	6	41	13	50	26	27	5	46	19	18	35	18	47	33	38	40	19
50	25	37	3	28	45	10	50	29	21	25	34	0	45	22	3	36	50	19	10	38	5	34	48	17	21	45	48	7	17	24	1	27	46	8	31	36	30	27	13	7	12	15	43	38	49	2	28	43	34
6	10	14	8	40	15	17	13	26	41	35	19	4	0	30	1	31	45	25	43	12	19	45	44	38	28	10	42	44	45	14	45	45	8	14	33	21	36	5	22	13	22	38	27	7	43	45	3	21	17
19	45	43	45	46	24	15	37	4	12	49	27	29	28	0	23	42	43	17	26	43	21	13	6	2	27	36	48	40	18	6	20	39	7	8	48	21	49	45	46	46	30	24	3	17	6	30	30	46	5
17	5	22	44	18	6	10	43	2	19	47	4	7	16	14	0	49	13	45	29	12	21	49	39	37	50	5	36	21	28	20	18	12	3	1	8	36	42	47	11	3	25	44	10	10	20	43	26	13	17
9	35	38	21	23	8	1	39	43	39	44	42	29	18	3	20	0	24	47	9	6	43	29	50	7	19	7	26	49	25	31	19	9	36	9	35	17	27	14	44	21	21	15	20	17	27	2	31	13	8
11	46	19	40	50	43	19	11	38	28	25	13	15	18	8	43	45	0	35	32	38	40	44	37	33	45	25	11	23	34	46	22	15	22	18	8	24	13	31	27	16	26	14	1	39	19	26	46	38	13
33	38	23	31	4	9	49	41	44	22	26	13	29	13	37	22	19	31	0	18	43	47	24	6	19	3	25	50	50	20	20	12	27	49	32	44	24	41	34	15	12	22	43	30	46	10	17	36	25	2
27	29	6	48	49	1	32	39	17	22	48	12	9	27	7	9	8	32	13	0	39	30	47	19	27	50	28	44	13	22	43	6	29	17	4	29	35	45	11	12	9	40	15	10	10	7	23	43	45	22
2	32	22	3	3	47	48	3	17	1	28	30	5	31	6	19	36	17	6	17	0	13	3	5	42	11	31	19	34	26	43	47	6	10	44	24	7	23	19	47	37	6	21	9	38	47	48	28	4	21
23	30	7	24	50	31	37	12	42	23	47	5	23	42	3	42	45	1	28	45	10	0	46	37	3	35	19	21	33	26	35	1	7	25	39	11	47	48	39	20	6	5	3	34	39	14	13	14	15	32
24	2	40	49	28	4	9	38	35	23	11	37	47	26	9	42	3	12	33	18	10	49	0	4	33	15	4	18	35	24	6	5	8	27	26	10	18	3	50	12	50	27	28	31	25	24	32	49	36	9
20	33	34	15	41	25	44	42	10	13	43	41	19	44	42	49	33	37	2	49	22	17	28	0	13	33	6	38	47	37	7	37	50	34	35	20	4	26	8	27	24	43	32	41	50	1	24	40	6	12
7	41	33	41	34	12	30	2	23	15	39	30	43	44	22	38	32	20	6	20	46	20	17	5	0	45	46	34	9	12	50	49	14	46	27	42	20	28	31	41	21	46	35	19	1	41	38	17	2	3
31	7	32	9	12	17	11	33	26	26	8	36	45	45	15	36	35	38	45	4	45	26	19	39	1	0	27	46	2	31	39	50	20	43	27	32	42	26	37	7	1	23	49	32	22	34	9	30	24	37
20	39	18	35	13	13	36	14	11	15	2	20	19	23	33	29	14	16	33	21	10	43	36	24	18	16	0	24	36	27	4	31	33	23	10	40	1	38	33	6	31	33	40	7	50	23	16	22	45	28
48	14	39	49	1	7	29	28	20	17	21	32	21	28	31	13	41	49	38	38	17	3	47	15	20	48	34	0	34	23	4	6	38	42	30	7	35	39	10	9	40	38	6	43	47	28	43	7	41	34
39	26	1	35	41	27	18	18	39	24	9	14	7	1	9	24	10	36	17	29	38	2	20	2	23	39	28	47	0	39	27	29	4	5	7	4	48	12	12	33	12	13	20	17	22	11	5	17	40	40
3	37	18	34	5	41	32	3	41	19	50	24	47	37	38	29	14	28	28	41	22	8	41	31	47	28	46	32	37	0	27	20	30	18	43	12	49	10	5	7	8	28	18	42	30	23	26	47	41	31
35	15	24	34	3	46	36	17	7	2	25	39	40	1	28	14	21	49	26	29	29	42	31	43	23	33	43	39	19	47	0	8	47	6	3	47	5	50	24	15	36	46	17	10	36	17	30	49	24	20
30	31	48	26	14	46	9	28	4	17	49	20	10	48	18	38	15	3	8	33	15	45	40	36	43	15	12	42	19	9	42	0	34	23	10	6	10	45	48	16	23	24	1	17	43	48	7	28	44	14
2	31	5	9	15	7	32	49	47	20	26	40	19	18	9	6	5	4	47	31	31	48	2	35	38	10	42	43	32	44	19	9	0	27	12	30	9	2	25	10	3	50	37	5	7	22	16	17	37	46
27	22	2	35	39	33	48	46	11	48	23	7	40	37	15	5	22	19	44	19	48	33	25	33	50	15	36	16	12	5	27	48	15	0	17	2	14	25	30	29	31	14	42	27	29	27	7	8	25	18
8	14	42	4	7	41	36	49	42	16	14	34	22	26	33	36	45	29	11	10	12	46	31	21	45	25	9	40	49	49	44	19	16	39	0	43	15	16	45	36	23	38	31	41	44	33	4	11	36	46
40	27	3	3	36	2	32	17	49	10	40	49	50	26	32	19	1	30	3	32	13	33	11	38	49	14	47	47	5	46	34	38	8	3	7	0	38	47	22	3	44	5	7	46	34	25	45	48	23	1
16	50	9	37	50	28	31	46	2	15	24	9	31	5	36	36	29	48	2	49	16	43	12	17	1	29	41	42	23	8	46	2	21	18	50	36	0	33	4	28	16	37	40	25	40	34	25	35	35	45
40	21	39	38	14	30	7	4	44	5	17	46	12	22	20	29	44	4	34	36	13	15	35	6	26	25	13	19	28	8	12	14	42	8	23	37	4	0	44	19	21	19	4	50	48	31	29	13	7	15
35	50	17	19	18	33	41	28	48	36	16	8	16	44	2	11	14	12	27	42	19	9	31	45	37	25	16	31	37	11	31	20	19	36	29	43	35	17	0	46	22	14	50	3	18	5	15	22	48	26
19	39	37	12	36	37	11	29	15	33	12	33	39	35	38	5	25	34	14	28	6	12	25	10	49	24	42	35	26	19	3	4	16	24	3	24	5	6	49	0	12	25	48	17	46	28	27	1	48	7
29	30	49	37	20	26	13	42	40	11	20	6	33	5	15	47	5	1	14	41	29	42	20	33	3	50	11	47	17	19	5	20	26	49	23	35	29	31	15	8	0	16	38	50	33	45	38	11	47	34
46	17	31	19	18	42	35	41	2	38	35	28	43	1	1	12	18	45	16	23	16	8	44	36	28	32	27	18	37	34	47	37	28	5	37	19	9	17	47	31	6	0	47	36	39	29	41	38	38	14
25	13	4	46	19	36	44	27	6	24	13	41	14	22	20	19	46	18	19	40	13	34	32	11	26	8	49	8	44	13	34	3	49	37	30	23	31	37	47	20	43	27	0	26	49	36	10	41	13	36
48	43	17	13	28	48	24	44	12	42	18	2	32	47	42	14	45	25	10	50	42	40	1	42	49	41	3	22	48	4	25	42	44	22	38	9	19	33	3	9	33	43	13	0	4	25	9	13	38	2
43	9	40	43	17	45	2	18	23	25	44	48	23	27	46	45	47	5	9	2	33	43	4	34	4	2	25	42	9	42	27	3	38	14	29	20	22	42	32	37	34	43	19	15	0	10	21	15	8	33
48	27	41	11	19	33	30	8	8	38	4	1	2	11	34	30	41	15	39	15	46	18	11	48	9	10	19	27	2	48	46	10	28	24	38	13	28	50	4	40	40	20	5	45	8	0	2	9	24	3
35	47	33	10	35	30	41	22	44	49	33	10	20	30	12	32	31	44	2	19	8	3	13	26	25	29	37	42	40	39	41	40	45	12	3	30	38	22	18	28	45	27	22	11	31	42	0	39	40	1
37	5	32	41	43	17	8	46	32	40	36	44	33	12	30	48	37	13	38	39	31	36	45	40	21	3	19	6	41	24	7	34	5	34	26	8	18	23	35	48	46	4	4	15	2	30	11	0	44	16
29	27	22	3	7	22	16	44	19	49	17	34	37	47	38	17	47	47	19	36	26	37	17	9	28	39	8	19	18	49	26	36	16	9	1	49	33	26	40	45	45	26	36	1	43	4	31	5	0	29
49	15	2	9	19	2	29	34	2	9	7	50	46	40	44	42	42	12	44	45	4	33	12	49	19	41	3	38	6	1	37	17	14	4	9	29	18	43	50	11	34	10	1	40	5	50	8	29	21	0
22	11	40	20	12	9	28	33	2	10	39	38	37	31	15	28	23	9	43	48	39	12	22	7	15	15	15	35	8	38	21	23	27	21	23	47	29	17	18	25	42	20	35	44	49	1	22	19	11	2
0	11	22	15	7	19	5	3	30	43	44	2	8	27	28	17	25	43	10	32	14	45	40	2	1	41	49	39	26	16	1	40	4	41	42	47	34	15	11	19	21	23	35	25	10	48	49	35	1	12
46	0	21	3	5	8	14	26	11	29	33	6	9	20	18	27	35	41	16	42	46	26	12	42	19	44	47	19	24	46	15	34	26	20	8	12	49	41	7	33	37	31	8	47	43	31	24	43	26	10
47	31	0	49	9	37	12	7	21	5	46	8	10	45	47	37	27	30	2	44	16	40	25	41	40	19	23	17	8	3	44	25	31	11	33	26	25	20	6	44	19	20	22	42	23	35	37	15	13	31
22	2	20	0	11	14	6	1	2	38	49	9	8	38	34	21	1	26	12	2	26	32	3	22	21	13	50	2	50	48	9	39	19	39	44	25	7	22	7	1	7	43	31	36	46	22	34	22	11	33
11	13	50	2	0	14	44	29	26	38	34	28	31	26	41	25	9	46	25	10	39	15	43	3	5	37	20	17	7	33	35	12	10	29	23	41	22	18	47	30	23	10	8	43	10	48	3	18	31	44
36	4	5	5	35	0	16	47	12	49	24	21	3	46	4	48	27	50	10	29	15	46	35	28	20	16	43	41	43	29	44	24	50	8	20	28	11	7	28	3	17	35	8	3	6	11	41	2	6	16
33	46	46	5	15	43	0	1	29	29	17	46	8	15	8	6	24	35	29	37	23	17	12	14	28	7	46	39	48	47	26	49	26	5	23	13	48	18	46	13	18	34	4	49	10	7	41	14	45	32
47	7	24	50	26	37	45	0	14	32	49	5	40	33	8	19	45	26	27	37	24	5	17	27	34	33	28	12	50	17	32	26	18	10	19	11	10	27	26	21	44	23	14	1	14	5	5	12	32	47
8	38	16	42	3	17	31	28	0	35	11	8	19	6	26	20	50	39	42	42	10	4	9	22	18	21	44	29	2	17	22	12	47	7	11	40	40	38	5	1	6	48	30	18	26	18	13	13	2	22
41	16	17	37	17	10	41	3	15	0	21	37	23	47	20	3	35	31	29	18	50	27	45	48	19	34	43	20	31	44	18	1	5	50	15	44	26	18	44	27	4	44	36	6	20	8	50	50	37	9
9	1	49	31	45	27	47	21	36	8	0	19	34	9	25	29	27	49	25	42	1	21	29	12	40	25	48	24	43	32	19	39	11	45	19	1	13	8	30	16	6	50	49	14	39	48	45	13	31	24
8	2	45	29	50	15	8	41	42	28	4	0	26	36	17	45	4	17	3	24	34	45	48	42	29	14	30	1	39	47	42	7	30	31	39	50	50	2	18	50	6	17	21	28	23	37	6	44	3	4
43	34	34	50	11	11	27	23	11	36	2	25	0	47	40	48	23	44	19	48	48	9	22	37	37	31	30	7	2	35	41	3	14	50	24	24	17	7	32	27	1	17	20	4	12	5	19	41	42	28
44	2	36	36	12	40	30	38	9	1	1	45	49	0	31	29	12	29	19	12	7	2	16	16	34	18	36	27	23	30	5	47	9	45	11	30	23	48	6	33	5	28	5	15	38	2	47	8	30	19
29	44	32	31	18	19	34	17	47	8	32	30	37	30	0	44	27	24	9	7	13	16	10	20	33	42	34	8	6	18	49	41	14	21	26	43	1	38	39	23	21	23	42	18	11	34	8	26	50	21
39	8	23	1	13	19	31	43	22	25	6	1	38	23	29	0	31	8	41	27	9	44	26	37	47	50	48	13	6	1	6	33	24	24	13	7	15	9	24	10	42	45	3	35	24	14	29	27	50	45
5	16	4	6	26	12	1	12	30	38	27	16	44	45	37	50	0	5	20	43	23	6	24	24	11	24	13	43	36	44	1	24	36	32	38	1	39	16	43	45	17	30	50	44	10	10	50	30	46	29
20	35	15	10	22	3	34	41	45	19	15	33	16	24	48	34	6	0	20	37	34	19	46	10	18	11	46	13	35	2	29	6	15	43	12	34	41	49	24	4	29	25	29	23	8	44	26	48	42	38
36	9	34	31	47	10	26	16	30	34	50	42	37	8	32	41	10	48	0	46	22	30	24	41	46	19	29	21	1	37	33	26	29	4	26	18	3	4	35	8	33	32	28	46	42	46	14	35	34	12
34	28	47	38	44	48	37	4	29	11	14	44	44	26	47	16	21	41	6	0	12	47	11	4	1	34	47	17	15	38	3	10	48	26	22	31	12	8	43	46	16	12	28	13	8	1	46	1	6	11
35	33	14	3	28	20	6	28	9	11	43	1	6	39	31	23	7	28	7	1	0	18	5	22	1	19	30	25	28	17	36	15	2	28	31	46	46	9	37	47	44	9	20	45	13	30	33	10	24	26
7	30	15	25	39	17	31	34	10	9	39	34	17	29	37	37	20	18	44	6	8	0	6	10	36	49	28	12	7	5	12	22	37	30	36	18	29	22	26	39	6	16	23	7	18	21	34	41	39	20
5	50	42	31	21	23	33	8	39	38	50	25	3	47	45	18	27	39	17	36	4	35	0	28	36	7	13	38	25	34	18	37	37	13	30	49	11	34	32	27	35	46	17	47	24	1	20	39	2	20
48	5	8	44	44	32	1	20	22	21	24	4	22	20	17	38	30	32	38	31	23	20	14	0	33	16	49	12	47	46	47	44	43	43	47	24	9	21	27	50	17	6	22	33	1	18	36	30	49	50
13	37	6	2	46	47	46	8	12	14	5	29	47	26	11	8	11	37	50	34	38	45	15	15	0	27	29	27	3	5	29	32	32	44	37	22	28	40	6	40	27	16	29	41	33	38	37	39	43	36
41	34	38	27	27	8	34	37	42	27	3	29	6	4	32	17	6	14	20	9	33	44	16	6	40	0	28	30	30	19	37	10	17	49	14	12	40	15	14	11	8	16	10	33	31	17	3	4	29	26
29	39	5	35	50	19	35	10	34	6	25	16	25	2	40	18	17	34	31	19	26	5	24	19	45	44	0	42	19	37	2	33	50	29	33	49	23	43	9	15	12	41	40	50	4	16	47	41	44	24
48	12	41	15	29	24	20	4	24	22	23	41	7	37	40	44	40	43	25	37	13	42	13	1	15	44	17	0	30	9	21	31	16	40	40	18	24	9	10	6	45	3	36	50	7	22	47	11	45	35
7	24	30	5	44	35	26	7	37	46	21	47	38	50	25	32	24	47	12	36	45	17	6	16	43	16	44	4	0	29	9	9	24	35	6	27	10	29	4	21	22	49	22	45	20	41	2	49	1	39
44	39	5	4	35	5	34	38	31	36	27	46	19	47	2	6	32	36	21	33	9	20	15	50	40	33	31	10	37	0	24	8	49	17	22	47	35	16	48	29	50	5	14	14	23	27	15	46	17	18
5	32	25	26	23	42	35	22	5	4	2	32	17	4	49	28	16	30	36	28	6	12	21	16	11	12	34	46	37	30	0	39	35	29	15	22	11	14	37	46	15	4	50	11	27	33	8	28	25	1
22	1	49	37	3	46	29	27	46	49	37	12	14	21	11	47	50	43	42	22	49	48	11	10	2	24	7	33	19	19	3	0	14	14	23	45	32	20	33	31	28	12	4	20	10	36	37	26	20	11
37	29	32	47	30	19	22	37	12	30	32	28	18	47	34	21	23	5	42	36	13	25	47	11	31	8	13	23	48	30	30	15	0	17	43	31	8	36	41	9	36	40	15	7	30	17	18	44	39	13
25	25	16	27	13	42	48	31	18	6	2	8	40	22	9	19	5	10	33	9	2	19	49	48	5	21	15	45	21	2	5	28	22	0	45	18	47	14	27	16	5	10	48	21	9	33	13	25	19	22
44	26	5	5	5	19	40	47	35	48	4	30	21	29	16	32	4	44	38	35	29	4	25	37	34	31	38	15	38	41	12	25	16	40	0	35	8	28	16	50	36	31	8	10	47	13	39	21	16	15
20	26	25	28	11	11	50	5	12	46	28	9	21	46	14	9	19	20	40	37	45	29	42	23	7	20	50	1	43	10	14	35	28	48	23	0	14	30	23	32	1	3	46	20	33	32	41	32	39	40
44	26	10	23	26	33	19	22	36	47	44	35	7	35	40	17	42	48	20	31	33	46	3	9	25	50	18	14	9	41	50	33	3	36	14	14	0	39	4	11	23	28	33	31	5	21	41	30	26	34
18	26	19	31	38	6	41	40	40	27	25	32	11	27	22	20	37	31	2	12	31	44	14	2	23	15	23	42	44	27	14	48	18	18	40	41	36	0	3	28	6	25	17	28	28	27	32	11	26	11
37	1	45	12	6	31	28	5	49	13	49	38	11	33	6	5	39	34	7	12	34	48	16	39	27	5	37	45	1	2	42	11	37	42	11	1	43	11	0	18	1	29	30	25	23	30	10	38	28	32
33	37	10	14	35	40	33	48	40	28	32	19	37	6	16	30	23	18	38	25	8	30	40	24	24	37	42	41	25	4	24	11	48	7	33	36	23	28	21	0	26	41	44	22	9	35	4	44	12	43
47	33	5	40	40	34	15	7	29	6	32	8	9	44	41	12	45	49	1	3	2	28	2	34	30	40	37	6	24	12	36	31	46	28	50	20	40	14	45	2	0	9	4	37	15	3	44	21	48	20
16	11	5	31	20	19	6	3	40	45	38	36	48	46	50	6	17	16	36	26	8	25	30	23	8	42	19	33	24	2	16	18	44	2	15	13	5	14	15	46	48	0	32	38	17	49	25	10	44	39
22	27	35	37	44	47	9	3	42	32	9	48	13	3	16	31	2	17	1	17	44	6	35	26	7	10	21	34	1	18	26	47	12	10	16	8	17	9	20	27	45	17	0	29	12	12	38	32	35	16
27	10	29	31	14	45	25	17	26	22	4	29	22	28	44	37	50	24	9	6	30	38	24	4	50	35	3	27	50	9	26	20	34	33	43	46	41	25	48	31	42	8	3	0	43	24	16	41	33	30
25	50	9	49	21	36	21	22	13	12	5	19	8	28	2	19	8	25	25	19	13	22	35	18	42	42	45	2	19	9	39	2	35	18	16	35	26	27	43	19	49	49	41	3	0	34	17	18	11	18
43	21	15	50	15	25	38	3	45	4	4	28	12	22	11	48	1	15	50	7	13	16	24	12	12	15	4	6	15	31	32	40	34	45	28	8	37	13	10	5	30	2	26	24	49	0	32	36	34	12
42	33	26	2	48	32	20	2	35	44	11	6	23	7	23	1	4	23	46	18	19	24	24	27	19	5	18	26	37	38	11	29	16	26	23	33	28	43	12	36	6	12	15	13	39	30	0	32	14	33
38	24	5	41	42	23	41	30	11	35	20	33	2	3	10	31	44	26	7	22	16	5	16	22	17	39	19	30	16	47	24	38	46	6	20	10	48	29	42	11	46	5	50	6	11	16	33	0	34	42
44	44	48	34	47	33	6	35	34	50	21	21	14	26	10	38	14	21	28	40	24	46	47	12	2	23	15	31	19	11	32	40	25	8	30	33	5	47	7	6	14	30	15	26	34	38	50	39	0	47
11	34	35	41	20	36	27	16	32	26	28	48	32	17	46	38	17	23	23	18	26	6	29	44	17	20	22	41	48	45	50	8	26	41	4	27	28	1	48	44	13	23	27	20	2	47	8	38	7	0
11	18	31	40	9	7	26	32	46	34	50	32	30	44	10	44	21	1	43	27	42	17	33	15	3	25	47	10	48	15	46	17	21	6	46	1	27	30	35	46	38	17	5	48	27	12	36	33	17	13
0	9	36	3	14	14	9	9	47	33	17	48	17	17	17	16	33	8	1	19	12	39	43	12	21	4	15	43	18	23	23	48	16	24	44	43	44	7	2	37	23	23	27	43	7	24	16	21	29	15
23	0	30	26	38	36	10	4	49	43	41	34	29	2	25	23	44	6	37	20	2	42	22	27	42	44	32	5	38	42	26	24	39	30	4	46	27	4	25	16	24	4	30	16	41	6	11	26	31	31
18	32	0	45	42	11	6	9	29	28	21	36	32	22	24	48	18	12	8	11	35	35	8	16	7	37	20	27	32	29	14	29	15	41	13	46	19	26	31	33	17	38	13	1	24	48	36	22	27	35
18	38	39	0	6	28	28	36	32	23	44	40	33	6	3	48	24	41	32	18	40	8	30	11	29	8	35	7	45	48	21	36	18	41	15	20	32	25	37	33	35	25	15	37	39	20	11	13	49	29
19	45	49	28	0	3	7	6	2	38	25	35	6	41	23	40	47	9	23	20	6	24	30	11	33	37	50	46	7	48	32	27	46	37	35	14	10	9	36	27	38	4	15	1	31	41	36	8	9	18
31	34	3	3	6	0	48	9	49	48	8	21	25	50	39	46	24	47	35	26	21	25	32	33	40	28	38	44	20	40	32	21	16	25	50	16	35	31	1	29	14	21	47	29	11	6	47	8	46	41
25	10	5	24	23	9	0	17	31	8	21	3	37	35	13	33	50	30	37	42	41	2	44	17	49	21	27	42	22	25	28	33	16	7	48	2	40	9	6	6	44	22	26	34	15	45	49	7	2	35
39	6	27	29	19	23	5	0	30	39	7	42	43	28	14	25	39	5	28	22	14	41	23	11	26	21	10	19	22	30	48	2	11	8	40	38	50	42	33	8	41	45	26	43	10	43	18	21	1	45
41	10	2	40	4	37	47	28	0	49	23	1	39	32	38	18	11	32	12	46	48	37	19	28	41	33	47	46	29	11	23	31	14	8	49	11	44	19	3	4	13	41	6	48	38	26	10	32	9	5
35	17	37	3	17	38	49	48	20	0	14	21	15	24	17	37	33	16	48	14	10	44	6	44	49	35	33	39	4	49	11	15	29	33	1	13	31	22	13	36	6	33	17	19	38	18	37	50	32	46
29	25	37	23	11	1	40	39	1	47	0	13	20	49	12	6	15	39	1	46	42	48	24	10	45	50	45	5	35	41	25	46	7	47	35	46	15	7	8	13	50	43	43	44	45	48	38	38	13	15
40	36	14	26	35	12	7	22	33	14	23	0	3	49	32	48	32	23	14	42	21	28	21	32	28	7	8	1	6	10	25	26	6	24	32	19	47	43	36	31	22	45	10	3	7	12	25	46	18	2
25	40	49	34	33	31	26	35	7	28	2	46	0	34	15	38	16	31	4	36	45	2	8	40	3	39	47	6	29	4	13	24	22	36	3	18	3	10	41	50	2	30	23	49	12	42	33	13	16	34
7	38	23	34	12	13	48	15	34	16	37	31	1	0	23	11	41	21	1	43	39	16	2	19	16	41	16	9	23	4	41	16	12	8	19	26	30	32	2	47	4	6	25	37	28	22	14	16	34	14
38	15	41	9	38	27	31	15	27	19	29	11	35	38	0	39	1	28	21	14	6	19	14	40	40	6	31	39	2	46	42	11	45	40	33	9	36	9	30	21	15	14	50	18	50	41	6	31	6	31
16	45	32	34	44	47	29	3	12	14	38	39	19	29	25	0	45	41	3	33	44	12	10	45	13	26	20	39	49	27	10	39	35	6	28	21	3	40	18	5	20	25	14	48	20	6	1	49	30	8
19	29	34	21	4	1	49	21	15	8	7	39	13	46	3	30	0	15	9	6	22	31	21	28	17	7	44	2	19	29	28	10	47	5	27	50	37	1	21	3	14	8	26	50	30	6	2	25	50	40
6	36	22	46	26	4	11	42	34	12	50	37	17	37	27	18	42	0	5	18	29	15	43	49	13	15	25	28	41	11	44	22	9	48	7	30	25	44	13	45	16	49	7	29	6	41	36	21	18	11
34	22	36	24	18	34	21	26	34	18	26	13	18	42	30	35	1	6	0	4	24	36	5	40	40	6	2	37	33	37	33	40	1	29	8	43	5	47	5	9	42	29	25	4	49	42	11	24	4	24
27	8	38	36	47	42	22	46	10	42	40	6	32	28	40	34	8	36	26	0	14	3	46	27	46	29	22	44	33	47	38	10	18	8	29	49	20	22	41	18	47	31	29	16	32	28	45	4	47	9
12	32	33	29	15	39	10	28	6	8	28	9	9	14	28	15	21	41	17	12	0	11	37	37	7	45	17	41	16	11	1	36	8	37	19	16	30	21	10	20	31	14	4	17	16	50	11	48	46	10
27	11	50	48	21	18	22	17	18	25	26	41	32	1	21	43	46	34	6	18	2	0	31	5	50	2	38	35	10	24	46	9	13	40	36	34	7	20	30	1	42	8	28	18	33	22	47	18	24	44
43	3	15	49	45	38	4	47	25	28	2	41	48	41	4	34	42	45	11	21	35	11	0	44	1	39	23	47	7	20	10	1	31	49	46	32	31	43	38	45	49	11	9	18	1	27	8	43	5	36
33	5	46	44	13	40	26	48	18	21	29	36	36	20	26	29	10	20	24	41	7	48	50	0	23	27	10	29	14	45	7	11	46	6	15	4	16	15	16	39	48	7	37	21	42	8	35	43	31	10
27	46	41	37	49	15	44	44	18	10	13	2	15	19	44	41	40	50	13	50	5	49	14	10	0	12	38	19	30	4	17	45	19	4	6	46	4	9	33	29	35	38	48	28	37	18	7	10	5	23
32	32	33	5	6	20	6	8	36	7	8	39	24	33	22	35	22	5	4	42	31	23	16	17	14	0	49	10	9	33	36	50	43	13	41	39	6	27	3	3	44	18	50	31	26	3	42	23	21	50
15	2	29	21	3	25	22	39	17	23	36	21	12	5	44	26	7	13	12	41	27	18	31	1	33	21	0	21	46	7	28	39	31	11	42	29	17	1	14	9	43	47	48	40	13	10	43	20	24	42
25	3	40	19	47	9	9	33	40	3	13	13	3	4	24	19	28	48	37	16	38	6	2	43	11	10	33	0	49	16	39	38	29	23	21	1	45	24	21	49	47	28	19	27	6	31	17	20	38	18
16	25	4	49	5	1	36	14	15	7	19	36	49	47	39	22	10	14	23	40	41	13	41	39	1	37	34	8	0	31	21	40	5	34	40	45	47	39	25	44	1	24	9	34	10	49	39	17	11	24
37	27	3	7	31	14	35	16	39	42	4	50	49	19	5	48	26	40	10	18	31	49	1	17	50	23	16	24	39	0	45	42	44	44	33	21	7	47	15	30	28	17	40	48	23	39	45	19	9	16
15	23	12	6	13	12	16	26	7	25	33	48	50	2	44	37	27	19	50	29	35	5	49	49	12	21	26	25	47	1	0	16	45	2	38	1	15	7	23	25	45	5	6	47	12	4	27	31	16	26
45	37	49	49	4	11	47	6	39	4	46	13	50	35	18	39	36	43	32	19	20	35	15	46	47	44	2	21	6	41	7	0	9	37	9	29	41	8	23	50	33	22	14	25	33	35	39	21	10	45
40	37	24	18	46	3	43	37	12	50	32	1	18	3	25	10	3	28	33	20	25	36	9	44	40	10	4	24	25	29	30	49	0	29	39	34	15	21	24	16	13	24	48	42	47	6	41	28	14	43
22	27	13	24	35	17	47	19	7	35	49	41	18	22	47	24	1	39	3	45	9	25	16	29	4	13	23	17	8	37	8	47	4	0	21	36	21	15	6	21	48	19	2	27	39	9	45	43	21	2
42	26	19	1	17	5	9	4	35	1	24	21	34	49	12	45	46	14	21	3	24	3	23	11	12	39	28	19	29	29	31	19	16	18	0	22	7	20	10	22	17	29	12	50	2	19	11	8	28	26
28	16	33	11	33	14	13	39	22	48	32	7	24	46	5	50	39	26	38	10	22	16	30	16	35	35	1	3	43	28	34	35	5	24	10	0	47	32	34	11	13	7	1	39	31	3	40	4	35	40
34	36	40	18	47	50	14	24	27	2	45	49	43	19	2	7	38	20	24	50	19	11	39	46	5	45	48	41	16	29	50	42	10	29	35	20	0	26	31	35	40	41	10	27	6	48	30	1	22	29
23	8	11	1	3	8	34	19	42	32	16	23	7	34	1	14	34	32	47	36	11	39	50	14	41	31	21	9	44	29	40	31	14	5	24	18	45	0	39	16	42	25	36	6	1	8	36	10	4	2
27	12	5	46	4	5	30	17	35	28	16	33	49	43	21	6	38	21	16	9	35	6	19	9	7	22	5	36	36	20	3	14	18	26	21	43	16	39	0	38	29	18	32	8	11	21	10	50	29	9
32	22	35	19	37	16	19	43	49	38	35	16	43	13	7	45	50	48	34	20	18	27	42	23	36	36	38	24	29	32	24	44	35	21	41	13	12	4	46	0	43	10	3	15	35	19	2	19	40	43
29	13	26	20	24	32	42	12	48	1	12	20	38	1	18	40	21	47	34	13	21	17	7	13	38	36	8	49	22	30	27	30	4	10	17	39	36	18	37	8	0	50	42	2	20	1	28	38	35	31
16	24	13	5	45	33	1	44	8	50	10	46	19	28	2	17	38	22	46	15	33	48	5	13	19	8	26	26	18	28	36	1	16	32	3	37	33	44	16	1	12	0	18	23	2	37	40	32	40	48
28	13	37	10	36	45	23	41	26	28	3	15	33	46	28	50	30	28	29	9	48	28	40	34	43	28	11	12	10	26	33	42	12	2	40	26	45	42	43	30	20	5	0	12	20	6	41	17	42	39
26	48	32	12	22	36	20	10	25	1	10	37	29	48	9	22	3	10	3	29	40	2	10	25	6	45	22	27	38	8	35	18	45	15	23	28	42	6	27	35	36	12	16	0	9	7	24	19	9	46
44	4	10	47	43	34	13	45	44	23	49	37	16	25	24	45	47	32	20	44	42	25	22	12	27	49	44	9	8	24	27	42	20	37	38	11	9	39	33	9	46	8	48	20	0	49	37	26	18	26
8	42	14	22	15	21	11	33	47	20	41	8	4	33	5	11	24	19	34	22	28	30	4	14	49	49	11	35	4	4	10	20	2	47	45	20	17	15	20	31	42	39	14	10	47	0	43	31	1	35
23	46	26	37	3	42	2	45	34	17	12	3	10	30	16	38	45	1	7	9	25	1	47	8	23	12	42	11	27	6	15	43	35	17	36	21	1	50	27	47	5	7	45	33	28	41	0	2	2	39
35	15	46	48	29	34	8	14	28	48	1	14	11	16	40	6	20	21	13	37	32	19	25	28	32	19	13	40	49	33	36	36	47	19	13	41	10	20	25	49	12	34	5	17	23	26	46	0	40	33
42	23	45	5	11	50	2	34	37	43	26	7	4	26	44	38	24	42	2	25	8	16	3	34	43	6	38	2	23	29	22	38	31	23	45	7	47	41	24	22	49	37	49	43	1	24	12	18	0	27
9	35	14	39	42	14	8	44	44	35	48	42	7	34	15	11	12	47	44	27	24	1	5	23	46	2	7	50	32	4	35	22	4	44	45	46	49	44	27	28	34	27	42	31	18	50	31	3	33	0
7	45	30	12	25	44	49	14	36	25	30	26	37	13	7	36	9	5	15	46	13	20	9	22	43	40	47	23	44	31	32	4	3	21	14	24	31	25	42	2	20	49	12	6	13	8	5	10	21	14
0	7	32	7	14	24	3	34	35	17	29	15	39	9	24	32	3	28	20	15	12	29	28	41	39	26	22	11	14	7	35	31	7	38	7	30	22	21	26	17	8	23	22	1	20	26	6	11	36	34
35	0	46	39	37	38	16	39	17	46	16	7	50	26	7	4	38	15	32	26	29	25	37	7	16	44	6	26	11	18	5	37	39	27	49	26	23	42	45	43	35	9	17	37	42	38	16	1	35	31
38	22	0	33	24	26	41	8	25	6	32	31	41	5	21	1	1	5	6	44	10	48	15	15	41	33	38	27	1	1	40	21	29	36	20	2	24	32	1	4	9	29	42	16	17	28	32	28	17	49
36	33	19	0	30	48	5	15	42	14	28	20	13	45	44	2	1	41	10	48	29	50	8	36	39	6	49	43	3	34	12	14	38	5	45	22	42	45	43	23	10	30	2	35	37	38	5	29	24	1
14	35	7	42	0	32	39	32	40	18	24	41	40	5	46	47	15	31	49	24	9	14	1	29	14	42	20	26	46	15	4	22	11	36	15	4	27	24	15	38	4	17	10	22	6	31	48	23	11	49
11	50	8	26	47	0	42	44	46	12	24	47	13	33	5	8	46	28	32	35	41	32	46	4	29	7	21	33	13	39	8	29	20	1	24	46	44	3	45	41	10	35	20	20	13	27	2	2	3	28
27	7	35	19	3	9	0	24	37	4	18	33	12	7	5	40	31	7	39	33	13	40	27	50	47	39	21	46	16	25	18	9	14	46	50	13	15	3	39	24	27	34	31	41	12	34	46	21	44	33
9	12	41	25	42	23	48	0	18	9	15	48	36	16	48	33	23	17	31	23	29	44	7	1	24	35	10	17	48	23	47	3	39	24	21	18	26	42	16	49	6	36	11	2	43	22	16	38	50	26
30	34	32	33	17	30	15	47	0	26	41	7	8	15	11	11	7	28	44	13	47	2	4	42	5	39	17	2	47	44	43	50	20	2	7	44	18	12	43	24	46	27	30	47	11	36	35	20	36	19
43	1	24	6	37	25	46	24	28	0	23	26	17	12	14	33	15	13	29	2	24	2	19	18	6	19	34	4	42	9	31	39	8	47	17	17	34	38	33	15	28	6	37	16	25	24	11	2	21	39
46	15	43	49	8	44	47	14	2	28	0	40	42	24	43	18	18	33	38	37	32	23	39	22	30	37	41	12	30	20	3	49	27	47	17	18	17	11	3	45	42	13	33	42	15	27	47	3	22	9
30	5	44	50	13	19	18	17	6	13	44	0	13	48	47	8	33	25	20	40	37	29	30	49	41	14	18	1	35	10	1	17	39	28	35	30	46	47	41	5	27	15	47	9	19	24	46	17	15	16
10	36	4	17	25	11	37	27	22	42	25	23	0	39	19	43	27	37	37	15	8	27	8	30	21	12	37	12	23	12	19	11	18	35	25	31	39	7	14	4	40	5	39	24	22	26	33	19	11	29
38	49	28	32	47	24	10	32	43	8	31	29	33	0	39	33	1	50	24	33	15	8	2	9	47	49	38	8	50	12	7	48	42	50	44	13	49	11	47	20	10	7	33	29	7	1	9	3	12	26
25	36	40	30	40	22	17	8	13	39	46	29	7	46	0	28	10	15	26	11	14	8	9	37	10	33	18	36	22	42	27	46	23	12	22	50	34	22	21	41	32	44	40	45	16	9	20	47	50	8
32	14	36	18	24	29	6	4	31	43	1	18	11	38	27	0	2	18	14	3	33	25	45	42	7	5	29	45	34	17	28	9	43	19	32	18	49	10	21	2	28	10	46	1	21	24	48	47	13	28
18	23	36	42	25	50	5	25	45	13	28	6	32	9	39	10	0	46	13	8	32	35	40	15	38	41	24	25	20	39	37	25	25	24	1	35	41	10	29	5	50	21	40	8	28	24	47	50	6	42
28	37	41	45	19	3	34	33	16	39	12	20	22	46	23	39	15	0	11	18	11	12	1	38	37	21	36	5	39	1	38	24	17	49	31	17	46	25	37	14	3	32	23	27	12	9	2	14	42	26
10	41	43	1	8	15	43	46	43	49	17	47	26	10	23	6	2	14	0	1	26	34	41	11	47	39	39	17	9	17	40	16	10	5	28	16	4	47	19	9	1	23	11	24	31	35	12	36	33	17
23	4	23	33	40	14	37	19	32	50	47	40	8	28	43	46	38	44	23	0	22	9	39	31	18	14	3	1	14	48	4	41	43	25	18	25	25	49	20	34	43	6	50	45	16	25	11	10	22	4
32	16	46	46	32	22	7	4	33	2	11	3	21	48	22	26	20	25	12	8	0	3	21	14	1	18	35	42	42	39	33	50	36	26	11	14	10	47	38	22	41	8	46	24	18	26	22	30	25	27
7	11	27	33	47	1	15	15	32	30	38	44	40	14	42	24	6	5	4	2	42	0	2	13	50	47	42	33	35	29	17	32	3	42	45	49	41	32	9	28	22	9	33	8	8	16	39	26	33	8
22	35	50	16	38	18	47	8	10	39	45	27	13	8	19	30	46	47	4	26	44	25	0	13	5	33	30	25	13	8	45	4	9	13	8	8	16	49	46	4	50	42	15	15	35	38	4	26	22	1
31	48	30	38	8	19	43	15	20	22	24	6	19	39	34	31	27	21	33	14	20	15	39	0	5	2	25	21	44	39	35	9	47	4	18	38	9	24	41	30	19	11	39	18	8	44	10	4	8	14
22	10	19	4	49	4	10	24	11	31	7	28	35	43	45	12	46	15	15	4	44	37	46	33	0	13	17	46	28	24	16	43	22	47	21	42	8	39	24	14	43	14	42	24	1	22	3	36	44	45
49	12	48	19	50	6	11	13	17	29	40	13	12	5	11	26	41	13	28	49	45	17	23	6	36	0	40	44	17	10	13	27	45	6	36	30	26	31	11	50	34	37	22	1	14	39	25	2	33	36
17	44	35	11	47	31	3	21	47	32	32	32	33	4	4	9	41	42	32	35	49	46	28	27	42	20	0	2	47	39	21	50	5	40	48	26	42	40	37	13	11	26	50	10	17	2	3	31	21	10
9	31	4	48	42	22	28	17	50	13	14	34	25	30	23	24	11	28	50	23	32	19	50	48	20	15	5	0	48	25	34	33	2	20	14	25	9	2	42	37	4	3	19	19	25	8	32	28	45	46
33	14	26	11	3	22	32	15	41	40	38	14	5	29	27	1	24	45	27	28	34	35	5	30	29	19	2	34	0	23	34	35	35	46	37	11	14	9	26	17	18	36	30	43	38	37	22	21	43	29
36	15	35	45	32	3	49	46	31	3	50	9	37	40	13	27	21	35	44	33	30	5	32	15	27	16	6	30	18	0	45	19	20	16	45	12	39	21	12	6	16	40	22	32	48	30	14	13	19	45
41	9	35	16	12	16	50	30	34	11	44	24	29	40	36	47	24	23	46	33	8	8	28	19	4	30	48	5	4	20	0	15	41	6	24	23	28	33	9	3	45	35	44	41	17	46	33	50	49	2
35	29	8	24	5	8	30	7	13	5	19	33	27	45	9	22	24	13	42	33	16	8	8	1	15	22	15	14	21	32	16	0	27	6	24	19	34	21	30	23	39	1	46	14	34	48	49	32	40	12
10	11	46	27	7	5	42	7	7	1	36	9	17	21	19	32	9	2	41	10	13	9	20	6	33	41	8	14	18	23	39	46	0	40	8	34	43	47	41	49	3	28	31	5	49	15	9	5	30	30
50	7	45	25	40	6	38	21	6	13	36	3	37	38	32	13	50	29	14	18	16	3	13	22	11	12	30	44	26	35	9	8	18	0	15	1	30	36	35	32	27	3	30	17	19	39	20	22	20	8
25	50	29	10	28	13	2	50	29	38	38	26	46	22	21	3	32	17	8	47	30	18	12	46	11	49	35	38	46	49	42	45	18	48	0	49	6	13	12	14	50	26	27	50	9	36	3	37	25	49
45	37	7	39	14	1	49	3	28	33	8	10	46	9	40	28	39	1	21	22	35	35	40	43	24	28	10	16	27	10	21	4	45	30	37	0	21	43	28	40	47	50	20	37	44	30	15	19	48	15
23	18	21	14	25	18	24	24	10	8	26	44	40	29	37	25	13	24	31	17	16	28	43	10	6	44	16	34	10	45	24	42	48	44	23	25	0	11	3	13	34	23	1	37	18	33	35	20	22	42
48	23	42	15	8	47	36	49	22	11	12	8	32	3	9	2	18	5	43	22	47	27	1	36	33	42	17	6	17	50	49	27	22	37	27	32	8	0	12	45	9	14	50	21	8	1	22	30	30	8
43	24	24	17	10	43	7	37	23	48	16	2	10	10	26	42	27	18	4	11	44	19	30	9	38	27	46	21	24	40	27	32	15	16	15	4	36	2	0	17	21	11	34	14	16	6	42	35	10	11
37	27	11	14	22	24	2	23	20	8	34	26	2	3	48	2	44	42	39	38	16	24	10	24	9	10	22	22	35	1	7	34	31	29	43	27	38	32	37	0	8	36	23	29	26	4	7	48	21	32
8	6	41	46	14	4	42	49	40	48	42	42	6	30	39	9	26	15	44	44	1	19	31	6	36	22	37	6	48	13	8	6	23	19	16	32	12	47	33	48	0	17	3	41	3	8	5	2	22	26
5	50	7	13	23	20	30	38	14	49	1	3	29	30	8	47	12	17	17	7	22	33	30	35	6	14	4	32	44	9	15	32	37	46	30	20	44	10	23	10	37	0	14	5	30	22	22	50	28	34
13	44	48	1	12	30	48	49	43	2	12	33	14	40	13	43	11	9	28	16	25	40	25	1	22	1	17	18	36	32	44	43	37	40	7	47	50	7	42	24	10	6	0	23	47	26	44	44	46	32
46	38	45	34	26	38	22	43	8	33	4	6	44	17	3	39	37	48	15	22	5	25	28	21	19	14	17	10	23	26	39	29	37	4	3	26	24	18	6	17	26	31	16	0	18	12	28	42	46	10
5	3	24	45	50	23	42	39	49	26	29	50	44	40	13	33	14	29	10	6	13	46	49	45	50	18	1	37	50	38	21	34	46	39	44	20	7	15	46	23	50	24	50	47	0	5	31	46	47	30
36	32	8	32	16	43	1	19	21	1	26	4	16	33	3	14	22	36	2	28	25	17	20	46	3	8	5	42	33	26	6	18	45	3	38	22	3	14	24	35	11	4	7	49	38	0	21	29	8	46
32	22	1	31	44	37	33	47	1	36	5	18	10	22	39	8	16	13	16	29	26	36	1	24	7	5	4	45	49	11	16	3	14	18	33	47	12	12	25	5	44	10	6	30	8	18	0	36	31	38
44	50	7	48	4	12	39	1	4	20	34	18	22	23	34	38	32	24	8	4	15	26	45	43	21	7	39	39	45	29	45	40	47	10	23	18	16	38	14	6	47	36	11	36	10	14	39	0	8	50
12	32	17	10	48	36	3	27	16	23	16	26	6	2	14	37	37	12	22	11	43	38	48	48	44	17	19	16	12	30	33	5	24	10	37	27	10	41	36	4	47	20	27	31	34	24	8	26	0	28
12	9	6	38	20	1	16	16	2	8	8	9	29	2	11	30	13	50	22	37	30	26	24	20	23	11	19	16	47	9	17	15	19	9	8	20	2	28	3	42	34	22	17	37	6	18	33	23	46	0
14	16	40	28	39	48	29	42	35	8	12	5	17	2	46	20	47	15	40	34	46	44	11	2	42	18	28	23	43	7	49	2	1	23	31	28	8	34	21	30	4	16	7	34	8	7	20	37	14	38
0	42	8	49	25	42	29	31	38	10	3	43	9	36	44	2	8	20	45	9	9	48	6	49	11	33	30	38	23	26	11	1	49	28	12	5	22	18	50	21	34	19	46	44	6	44	1	45	20	2
48	0	41	15	37	46	7	35	23	38	19	7	20	22	31	18	43	15	38	38	42	35	47	13	8	8	43	1	28	11	20	15	46	47	26	2	38	17	33	29	39	16	50	47	45	7	29	11	17	19
15	20	0	36	6	11	1	38	24	12	1	31	19	44	47	34	11	24	17	23	18	34	47	47	7	47	35	12	24	14	17	27	21	13	27	41	31	49	16	3	2	3	33	27	49	18	10	11	26	49
1	21	18	0	32	27	38	36	7	31	7	17	35	10	45	41	26	8	40	35	42	19	1	29	11	33	24	19	48	17	35	22	20	45	16	43	16	5	48	16	45	25	43	19	27	44	37	48	3	28
30	2	37	15	0	25	26	42	10	8	9	15	6	20	42	27	33	6	7	33	19	5	19	4	35	22	43	48	1	27	23	46	11	31	9	9	31	8	7	10	7	16	5	12	33	1	37	7	21	14
49	31	35	27	15	0	40	17	13	40	31	19	8	14	24	6	8	40	36	20	13	33	21	27	15	10	39	19	25	23	31	21	34	8	10	19	17	26	23	19	48	41	48	35	22	41	10	24	18	28
21	26	36	18	41	2	0	42	50	5	7	11	13	36	2	42	32	19	35	3	30	16	33	36	22	36	19	29	14	10	27	14	36	30	31	15	18	11	35	13	40	35	40	12	20	50	45	27	29	21
14	9	39	21	19	32	25	0	29	25	17	18	47	34	44	8	23	42	34	8	37	41	13	26	35	44	4	31	25	26	28	15	25	48	7	27	32	38	1	18	17	7	33	47	50	42	44	17	43	32
16	27	32	49	11	13	50	21	0	50	39	12	17	46	8	44	40	6	10	49	15	42	50	21	5	12	13	32	48	20	27	44	33	39	10	40	44	4	12	39	43	14	14	28	46	31	38	30	34	34
9	3	26	17	48	49	24	18	47	0	30	36	47	1	20	42	26	22	8	13	49	9	4	17	32	26	20	50	41	3	31	33	23	50	25	48	47	21	29	34	3	47	28	33	36	10	48	34	20	11
5	36	7	9	42	47	42	27	18	33	0	4	13	5	11	14	18	21	27	29	35	33	15	3	13	42	16	36	7	42	8	43	14	19	6	9	19	29	6	29	32	21	29	41	48	48	7	4	21	8
46	25	1	46	47	21	50	9	20	27	20	0	34	48	14	49	13	37	7	30	39	9	7	26	3	40	43	13	16	15	45	2	30	26	19	10	32	2	48	9	20	7	25	50	23	21	42	35	13	35
19	47	39	20	1	33	20	40	25	16	22	36	0	48	15	21	25	29	34	50	21	26	14	38	2	46	7	32	46	31	42	29	30	25	49	22	5	41	11	28	8	16	17	19	23	13	8	15	4	30
30	20	43	39	41	50	28	48	45	39	38	25	37	0	6	38	39	10	11	15	9	17	34	7	29	36	15	30	13	45	42	12	50	26	50	41	35	20	50	41	37	45	26	14	48	47	19	35	21	8
11	20	47	42	40	21	39	7	26	10	38	16	14	1	0	3	50	11	28	24	1	3	11	38	14	5	2	13	21	17	31	20	49	2	49	13	20	11	25	44	2	34	24	3	1	10	33	21	46	15
11	6	21	34	34	14	29	19	36	45	30	15	28	18	13	0	33	30	19	46	50	6	42	43	24	17	49	45	9	4	6	1	20	45	4	22	38	22	2	1	35	48	41	23	48	30	32	37	49	18
45	20	41	17	16	39	36	11	46	49	27	19	40	21	1	13	0	36	39	32	12	48	47	20	16	25	12	31	40	40	10	47	46	39	31	2	48	32	13	29	19	44	23	7	37	27	42	46	35	27
50	26	21	29	44	23	8	8	37	30	4	30	41	28	24	42	22	0	25	48	39	22	48	2	8	39	37	45	6	42	44	50	38	32	4	11	39	32	46	16	36	6	16	41	41	26	25	31	17	22
43	5	48	13	49	33	29	8	12	50	26	33	29	3	3	17	34	8	0	41	32	32	24	41	22	1	6	9	27	7	42	21	14	36	2	16	24	2	3	31	9	48	18	43	27	42	34	33	5	44
23	21	2	44	5	5	36	30	39	45	12	45	2	35	19	48	43	3	15	0	40	16	32	49	46	25	29	46	42	48	4	22	36	28	30	44	36	17	8	44	41	40	35	30	36	15	43	26	9	21
15	26	49	23	44	40	2	11	20	2	20	12	17	15	37	42	44	15	18	1	0	8	42	39	24	46	16	6	39	28	4	6	16	38	4	2	14	22	32	29	17	30	3	21	17	38	19	25	8	35
3	45	18	13	43	48	15	7	29	49	48	44	2	26	31	41	42	46	46	9	2	0	34	47	16	22	4	37	9	23	27	48	39	48	24	4	41	48	23	8	20	31	3	29	18	6	47	25	27	5
8	30	40	47	9	40	24	19	26	44	29	43	26	32	19	40	27	24	6	33	11	45	0	8	45	30	6	43	38	1	40	49	28	5	19	30	1	32	28	30	7	21	28	44	10	31	4	36	34	3
44	16	15	32	21	11	5	12	16	26	41	49	38	1	30	23	48	37	6	17	46	47	1	0	14	45	10	11	10	22	50	8	17	47	12	39	9	14	38	22	35	13	17	46	36	28	6	30	26	20
38	43	45	2	8	7	2	49	35	28	6	48	3	29	40	38	14	29	29	21	42	40	17	36	0	30	17	6	9	21	4	21	4	24	4	14	23	31	37	28	2	30	7	27	25	15	31	9	11	47
48	46	12	21	23	17	29	40	5	34	25	33	35	24	14	34	15	38	17	42	23	15	31	5	8	0	11	34	46	11	25	38	32	30	14	43	21	25	23	47	46	1	26	44	31	23	27	25	19	35
47	6	19	24	31	34	44	14	11	50	27	47	40	5	34	24	19	32	20	32	16	29	47	36	26	46	0	50	38	19	31	9	11	49	21	25	9	36	49	26	33	24	22	45	13	20	35	14	30	45
21	39	44	28	23	44	36	5	39	28	30	33	41	46	16	1	23	42	33	10	35	48	13	8	15	5	16	0	29	50	22	44	18	29	13	49	29	30	7	5	46	16	27	19	1	5	17	27	47	32
8	6	37	32	36	15	47	38	15	26	42	18	26	31	38	30	26	7	8	30	25	5	8	43	3	47	4	4	0	5	43	20	17	3	20	47	4	40	1	18	38	35	28	17	23	44	30	22	46	40
28	31	14	17	23	17	23	7	43	28	21	6	3	49	27	25	21	8	15	45	16	12	50	40	19	8	30	28	1	0	29	9	22	19	50	10	8	24	25	36	41	8	21	26	42	32	13	24	9	26
19	7	38	9	15	9	34	36	27	21	45	32	36	23	1	28	50	32	12	37	49	44	50	10	12	3	18	50	22	16	0	17	20	34	12	15	40	2	50	19	33	30	34	44	43	27	13	41	33	17
11	46	20	36	29	36	27	32	46	30	29	38	8	5	49	21	26	26	1	14	9	36	15	46	30	5	30	10	46	46	10	0	1	18	13	7	39	34	12	32	38	6	16	41	20	32	38	23	34	7
16	11	37	26	44	25	35	6	25	22	37	40	34	11	1	42	21	43	1	7	21	36	29	29	42	38	31	47	44	47	1	13	0	40	9	1	16	6	41	49	16	38	18	21	17	10	46	29	48	21
7	35	19	50	6	44	7	43	8	50	36	24	40	2	25	8	15	2	34	8	6	15	31	25	39	25	1	11	44	2	3	21	18	0	8	18	35	34	40	27	12	20	35	42	22	49	49	50	14	27
24	26	46	8	22	18	49	41	29	24	29	46	25	11	21	1	9	32	13	20	50	11	24	34	39	30	13	10	35	25	24	50	5	29	0	13	8	33	1	49	25	23	9	30	43	30	37	31	23	37
2	1	36	1	7	2	29	27	40	8	14	45	1	17	28	44	12	17	18	14	32	3	14	24	46	26	39	15	47	7	15	35	27	8	3	0	27	21	30	1	37	12	5	34	28	44	49	38	44	22
47	28	14	50	46	15	26	6	26	16	8	48	14	11	7	10	15	31	5	16	19	19	31	29	10	37	30	7	36	17	39	9	19	30	23	50	0	17	8	12	29	38	12	40	8	39	3	32	35	48
37	49	42	29	7	45	5	29	43	40	1	6	12	21	46	12	32	8	20	4	24	5	28	33	13	50	45	46	24	11	36	36	9	10	46	17	10	0	2	43	26	21	11	6	30	9	45	38	39	24
9	18	43	14	24	21	27	8	26	34	41	29	33	26	20	27	37	22	30	26	29	8	41	43	22	49	5	35	7	26	27	21	39	28	20	33	28	39	0	22	25	8	34	44	9	41	48	38	3	28
35	44	9	32	25	12	14	4	39	48	24	35	7	34	9	24	13	47	32	16	17	37	2	37	50	32	30	32	18	39	44	47	6	7	10	5	34	31	30	0	36	25	30	4	48	43	37	29	20	36
43	42	45	29	25	19	36	48	17	32	48	20	26	21	9	8	33	25	17	18	30	4	33	44	25	32	26	21	26	28	16	5	47	36	28	28	26	39	48	47	0	38	43	5	35	23	35	2	44	43
10	28	17	8	24	8	9	22	39	33	41	16	42	42	15	20	22	22	49	32	1	36	13	50	16	24	41	16	16	21	26	13	42	6	17	25	11	12	10	9	33	0	34	40	12	39	20	47	44	26
10	35	50	17	17	42	16	11	6	34	44	2	34	16	29	10	46	31	18	42	50	19	39	38	40	39	31	38	23	10	44	36	37	26	46	25	49	1	44	20	50	41	0	32	45	14	21	30	9	38
8	5	21	16	21	25	30	31	3	2	31	25	1	43	31	41	5	19	23	23	8	15	14	24	32	43	29	1	8	26	35	36	18	41	4	21	18	26	18	1	37	22	36	0	26	38	32	46	5	6
41	25	2	7	49	19	32	30	14	24	45	4	50	27	47	19	31	14	2	10	49	48	9	17	20	30	27	11	17	12	25	21	5	4	26	5	6	35	34	31	7	25	29	8	0	27	27	10	11	40
31	50	46	28	10	23	28	17	3	14	29	32	31	45	27	9	43	10	37	18	36	35	35	17	20	50	39	49	39	32	21	22	2	2	1	37	5	34	32	7	49	29	1	18	4	0	41	11	6	26
2	23	16	17	24	31	18	35	38	9	50	28	39	3	9	24	29	21	15	16	4	21	25	34	41	12	17	42	23	8	42	3	25	23	45	18	4	40	4	48	50	44	15	47	32	20	0	4	18	1
38	23	14	13	10	10	24	27	26	45	35	39	31	14	20	29	39	25	6	6	19	45	37	46	13	2	9	5	34	46	18	32	18	49	38	36	15	31	22	29	3	22	1	16	47	37	42	0	17	5
44	24	22	8	22	48	5	36	45	29	43	4	11	36	2	34	20	46	37	31	31	9	29	31	22	32	33	48	24	13	7	46	27	44	8	47	28	49	7	15	43	6	18	33	49	41	49	49	0	45
35	22	28	34	12	20	45	23	43	16	12	11	40	33	30	8	36	38	33	45	46	14	20	37	28	1	45	48	11	13	19	49	42	45	17	34	7	45	7	31	44	33	13	28	14	7	19	29	22	0
49	26	5	50	19	25	48	44	11	5	9	29	37	34	20	50	23	42	40	48	49	41	12	9	35	16	48	23	44	15	1	27	30	12	37	30	23	29	32	44	30	22	38	14	50	49	14	42	3	34
0	18	14	18	28	48	21	8	45	39	33	16	24	49	13	42	3	47	32	41	25	14	21	44	12	17	40	41	35	7	33	17	8	32	35	40	31	7	3	40	15	32	20	18	48	19	22	2	46	18
31	0	13	43	50	23	50	44	48	41	8	26	36	13	1	7	39	25	7	2	23	38	6	5	32	21	9	37	10	3	18	48	6	44	9	45	16	35	33	50	34	20	44	17	23	46	32	27	17	1
20	18	0	23	29	16	45	47	36	5	14	10	18	49	35	13	18	22	48	23	41	43	6	43	25	2	32	4	19	40	21	12	3	41	25	7	16	43	46	44	1	24	19	16	34	32	40	3	30	45
44	22	10	0	37	24	48	31	13	16	6	20	40	7	24	26	26	44	48	22	5	13	7	10	15	34	23	47	31	25	31	42	7	32	41	4	42	28	36	26	15	47	7	33	41	28	1	39	27	50
28	12	18	44	0	1	22	27	5	37	20	14	17	8	22	31	38	44	45	2	36	5	28	45	5	38	5	49	36	16	12	3	3	42	28	1	41	26	1	16	8	30	15	3	32	19	11	30	20	2
46	29	15	38	18	0	17	33	32	46	4	41	12	46	37	49	1	27	43	47	31	41	18	14	48	48	4	43	35	17	11	20	50	44	42	24	24	31	44	43	26	1	14	18	9	8	3	3	18	38
46	10	22	25	33	27	0	28	38	2	33	29	1	38	11	8	14	4	31	27	4	7	37	12	23	28	42	24	39	10	4	13	31	12	15	8	23	35	32	29	4	36	33	41	8	42	23	19	45	10
45	41	3	21	23	1	34	0	3	49	7	43	15	7	35	42	48	16	48	36	21	46	18	16	29	24	50	22	24	5	19	37	23	17	21	25	16	32	23	49	41	10	37	19	13	40	3	23	31	49
13	16	31	25	30	42	3	5	0	36	34	11	16	37	19	13	14	43	19	11	44	24	32	1	49	34	41	40	38	26	33	1	38	24	25	50	31	40	47	48	43	26	18	30	16	24	31	2	33	10
28	5	50	10	24	21	33	16	29	0	15	4	15	46	14	21	46	38	3	14	48	22	46	3	14	3	2	21	3	40	25	19	14	28	45	18	43	7	22	25	18	32	50	21	4	37	1	44	5	25
47	47	2	29	33	41	11	48	17	33	0	20	38	27	22	7	46	41	19	43	9	29	37	42	12	27	38	4	8	19	18	38	46	16	47	47	47	10	4	9	31	37	12	36	50	40	10	29	44	31
12	32	39	25	35	14	29	23	25	25	22	0	8	33	4	49	48	17	10	26	40	28	13	23	34	11	33	24	20	5	47	32	37	8	9	6	34	6	24	48	25	5	15	49	31	26	20	38	50	6
31	20	15	29	42	31	15	22	46	29	17	39	0	38	12	37	46	36	7	19	16	24	29	22	6	30	7	34	37	35	49	49	25	20	25	6	5	20	50	42	47	33	34	29	26	27	21	47	13	10
9	12	9	35	48	30	50	49	50	6	32	11	45	0	45	1	9	43	22	10	39	22	13	9	30	25	12	8	9	38	18	10	2	20	11	38	20	28	48	3	24	13	18	5	6	41	13	45	18	33
16	28	8	6	46	14	3	37	10	6	41	5	6	22	0	22	38	15	5	47	2	33	39	32	31	19	24	47	7	28	24	34	4	10	20	28	22	4	30	43	11	4	46	43	39	48	12	33	22	28
22	44	48	38	32	3	6	44	37	18	36	28	33	47	33	0	37	24	27	16	47	44	28	7	22	10	23	30	40	35	18	43	34	34	43	8	8	26	42	34	31	43	46	12	17	5	22	27	9	30
38	19	25	30	44	20	34	15	39	35	39	39	36	11	36	50	0	33	4	2	15	36	10	48	40	33	8	43	48	16	3	29	36	31	50	13	12	37	31	34	10	44	37	30	2	16	45	14	45	8
8	10	6	38	8	23	38	16	36	24	39	18	32	34	37	16	50	0	48	10	15	33	47	39	5	11	8	15	1	14	32	41	38	38	34	35	24	25	50	37	44	3	5	34	50	36	19	38	28	13
1	12	46	28	41	28	37	17	49	50	39	30	19	33	6	44	11	5	0	50	20	8	4	45	5	26	11	8	20	33	42	4	44	26	22	37	36	36	39	7	7	47	37	1	7	27	34	5	19	35
26	15	1	50	2	42	31	30	25	9	31	10	15	10	26	3	16	6	29	0	34	43	49	9	16	3	17	18	28	47	50	2	39	12	9	49	46	43	12	38	25	11	13	17	49	27	15	18	3	27
37	30	42	14	41	19	9	36	43	19	40	44	38	24	22	38	23	2	19	14	0	6	32	47	30	40	31	29	26	44	34	2	36	44	50	14	36	38	33	48	31	9	39	13	48	12	47	35	36	16
48	17	3	23	10	47	47	35	8	8	42	30	5	46	36	40	17	49	2	24	45	0	35	45	31	23	27	35	16	16	9	17	45	1	44	5	16	47	42	31	1	29	36	14	27	6	5	22	31	47
14	25	45	17	15	13	43	28	50	34	10	40	3	33	22	11	5	22	32	4	18	27	0	23	45	16	2	16	45	35	40	40	26	28	20	10	44	48	40	6	35	22	14	48	33	41	48	15	44	41
20	28	27	38	32	37	14	12	31	19	6	28	45	36	49	5	4	15	13	19	40	18	10	0	47	16	4	47	10	46	31	38	20	29	39	35	27	41	38	11	39	23	48	36	47	32	43	39	26	50
32	10	39	10	20	22	27	15	50	4	36	39	10	16	14	2	14	33	46	43	37	33	3	17	0	6	48	34	22	22	11	6	23	1	1	47	30	42	23	13	27	14	50	36	50	28	19	21	41	35
28	18	31	48	17	34	13	30	4	9	15	43	28	10	15	39	41	37	13	39	22	48	42	38	44	0	29	40	14	46	29	30	36	18	30	38	4	12	15	11	48	2	16	6	25	31	9	2	6	7
21	2	4	39	39	1	11	41	17	22	16	34	25	26	42	13	21	26	35	31	14	23	30	44	22	29	0	39	15	33	17	3	47	21	8	17	19	6	50	10	35	42	26	27	11	7	27	33	47	27
16	50	18	16	6	32	18	8	20	33	18	37	40	33	25	25	40	43	49	22	39	50	39	44	32	38	49	0	43	9	31	34	16	17	17	11	22	30	8	17	46	34	2	8	39	48	26	10	8	41
22	3	27	14	16	14	6	23	48	34	27	39	46	41	30	45	44	11	25	7	34	1	47	14	37	30	43	25	0	1	8	12	17	45	7	33	12	49	48	17	34	19	24	5	8	43	1	21	36	38
2	20	39	32	23	32	47	10	17	28	11	40	47	29	1	22	32	16	2	8	30	47	5	33	41	39	3	36	10	0	38	31	30	38	27	39	45	35	13	26	49	26	46	28	43	35	42	15	30	48
3	15	3	20	45	45	47	7	26	12	48	25	36	39	36	16	2	20	49	46	41	17	29	24	2	48	41	49	35	40	0	14	3	6	45	25	3	37	5	38	28	48	22	38	27	28	50	7	16	28
20	40	46	19	46	8	16	2	18	47	30	6	46	29	14	21	14	28	36	30	37	12	38	36	21	50	14	1	8	45	20	0	33	46	5	33	15	13	19	27	13	36	38	17	10	23	6	7	20	7
36	27	46	42	31	47	23	6	18	4	37	3	21	43	30	22	17	8	33	29	7	8	5	23	23	45	11	23	33	42	49	40	0	48	50	32	2	28	47	32	25	45	3	50	49	38	42	43	19	40
50	23	21	19	38	27	43	15	8	1	12	33	42	49	27	19	24	48	48	26	30	49	35	28	17	15	13	48	47	3	4	48	5	0	47	16	24	44	42	44	1	39	50	2	23	4	25	33	25	17
16	23	41	31	29	10	13	41	22	27	29	5	48	32	38	18	17	12	36	41	12	22	35	44	3	6	12	15	25	11	24	27	38	33	0	31	29	46	7	47	48	35	8	29	13	39	38	19	17	4
32	8	44	24	38	30	41	25	27	21	2	28	1	13	42	19	50	13	44	34	16	50	3	12	45	18	10	9	43	12	48	32	22	26	8	0	42	17	32	49	28	12	25	48	8	12	46	32	27	44
27	33	22	28	25	37	20	19	23	46	24	17	20	31	37	15	13	24	32	5	16	45	50	9	48	27	19	25	24	14	6	27	36	4	28	2	0	26	35	43	5	8	47	34	33	5	16	46	16	19
41	46	20	38	5	17	24	35	41	45	33	20	18	47	26	44	8	30	23	22	20	45	6	25	36	40	41	14	29	22	16	12	2	45	20	45	3	0	20	7	31	23	44	48	47	11	5	6	33	27
28	30	33	24	40	31	24	3	4	5	31	20	15	1	34	5	48	17	36	48	5	22	18	28	47	48	25	16	17	1	39	45	20	1	23	10	36	44	0	35	31	26	25	15	49	2	4	45	8	38
16	39	30	28	47	15	12	48	6	9	5	24	9	22	4	12	1	16	5	26	38	42	42	23	12	24	37	11	1	37	45	44	29	9	25	37	16	2	11	0	12	45	50	35	23	23	47	18	3	12
19	38	10	12	25	25	47	27	27	13	19	47	19	4	36	49	42	27	22	27	49	27	22	6	1	8	19	21	40	5	13	47	23	5	12	16	14	13	42	44	0	36	14	42	15	47	21	29	48	20
8	22	48	19	46	5	47	5	50	37	15	30	20	42	21	29	3	50	6	30	9	42	50	37	18	20	42	34	6	2	7	33	3	7	11	15	27	27	14	33	4	0	32	20	19	45	2	43	26	39
34	37	14	14	3	44	6	17	31	10	21	12	46	1	22	29	32	36	1	23	44	2	42	25	21	20	31	7	10	22	10	8	46	48	6	30	10	21	17	20	10	23	0	29	5	29	34	25	22	34
34	37	39	33	45	18	12	10	6	31	12	37	5	21	12	36	35	28	11	13	16	41	12	29	50	10	49	1	16	23	5	45	17	37	27	39	39	5	20	40	16	19	26	0	36	5	2	45	28	49
40	9	38	2	10	13	4	19	27	36	18	34	8	42	13	31	26	40	16	3	25	25	28	19	12	39	7	4	17	24	30	22	49	15	31	10	5	12	46	33	21	4	14	39	0	25	39	17	49	27
48	33	12	19	7	27	18	20	32	22	10	7	34	2	13	10	33	28	12	20	11	17	11	38	6	41	16	12	41	38	32	40	48	36	43	11	34	21	2	3	6	24	30	21	41	0	12	7	42	1
22	36	24	15	31	5	16	32	18	49	33	8	40	19	15	48	49	6	28	24	4	11	15	19	47	17	33	34	50	44	6	41	2	41	39	13	26	40	23	40	30	12	40	6	18	34	0	47	3	24
19	36	29	18	30	39	39	23	37	30	24	4	11	45	4	48	15	27	47	14	19	42	33	20	50	48	28	30	28	44	34	5	46	37	41	26	45	11	14	22	39	18	8	32	29	8	21	0	37	1
13	48	32	25	44	12	22	23	23	18	17	13	11	4	12	6	14	42	49	29	1	5	44	13	49	12	43	19	8	34	48	34	11	18	21	38	16	17	19	4	27	50	4	32	35	46	4	17	0	19
17	28	14	38	5	18	26	16	35	38	49	35	1	4	43	34	42	18	46	18	41	16	49	40	3	45	23	37	19	18	8	4	43	1	12	32	36	8	15	8	46	44	13	21	48	6	23	5	33	0
34	11	32	17	17	1	14	49	38	3	6	19	27	36	12	36	46	47	20	2	13	38	31	23	27	5	33	47	28	6	23	23	37	2	25	23	41	35	20	11	6	47	37	20	38	18	3	11	25	36
0	13	26	14	24	48	24	45	15	47	30	13	48	11	20	36	46	24	8	44	30	47	46	34	21	22	26	46	5	22	14	44	38	47	33	45	43	21	44	21	32	36	10	43	17	30	42	21	47	18
13	0	27	19	48	46	44	36	27	41	22	8	26	35	20	17	31	37	6	29	15	45	35	15	35	23	3	37	16	43	33	8	16	33	42	28	45	32	15	11	34	43	22	3	8	42	29	23	10	22
36	21	0	21	15	13	45	38	31	18	46	23	32	35	44	19	27	2	10	9	2	41	50	18	33	40	41	20	44	45	47	34	19	47	28	44	41	45	12	26	1	46	30	11	44	37	28	40	22	3
19	42	35	0	24	17	3	28	33	47	15	17	12	25	33	14	38	13	5	28	39	46	50	25	28	37	37	28	25	50	27	2	37	32	31	7	43	3	7	36	40	11	47	6	50	29	7	10	46	22
35	32	47	32	0	49	5	38	43	8	22	42	37	5	40	40	33	13	38	29	37	29	36	23	4	38	37	36	41	4	21	39	42	2	24	41	18	42	34	1	43	40	8	25	49	28	8	43	37	25
6	18	7	46	44	0	29	33	40	5	3	20	50	4	3	15	46	33	5	44	32	11	31	15	37	6	24	40	23	48	31	11	7	49	30	49	13	1	42	23	27	23	38	25	12	41	25	12	12	16
26	22	23	16	30	4	0	27	4	30	29	37	38	19	4	38	38	19	32	16	25	2	27	46	32	15	24	47	48	42	37	44	37	2	26	21	31	47	4	48	49	21	17	40	41	6	9	15	26	16
49	17	11	15	7	43	18	0	16	3	25	49	30	23	20	10	33	22	13	11	36	39	24	26	41	11	13	45	15	30	46	15	7	36	15	41	41	4	28	30	47	8	32	46	25	33	21	33	32	49
30	34	9	37	47	19	46	41	0	13	6	44	40	40	21	13	12	4	6	23	16	6	44	3	48	25	23	26	11	44	23	18	44	44	28	21	21	17	27	2	8	5	34	34	4	10	12	4	48	4
19	43	10	42	48	49	11	4	26	0	24	8	45	23	31	31	19	17	6	46	26	32	41	10	48	47	17	19	32	8	34	22	41	25	8	3	17	29	1	15	24	1	25	24	49	35	13	26	18	12
1	1	38	46	10	3	37	48	16	14	0	28	31	13	1	43	3	30	39	36	41	9	12	25	29	30	41	39	41	44	47	21	38	50	36	25	39	43	46	13	25	47	36	8	2	42	34	39	38	26
49	48	40	10	22	7	34	47	43	30	3	0	29	15	16	29	18	34	18	23	33	14	26	1	4	28	36	42	45	49	38	33	43	37	46	30	33	6	13	25	46	25	43	22	27	3	12	13	24	33
21	32	47	17	8	43	22	14	21	15	17	27	0	49	3	43	9	36	45	29	37	14	2	47	34	6	1	36	3	11	17	46	32	2	30	6	18	11	2	36	39	6	11	32	46	28	43	30	32	4
21	4	6	22	2	23	41	40	21	39	36	37	26	0	40	22	27	50	20	26	35	12	10	8	23	38	2	5	40	2	21	26	7	35	8	8	13	40	21	16	9	14	36	40	14	33	21	3	4	40
12	12	45	9	13	22	47	31	16	1	39	43	12	50	0	13	49	42	1	18	45	6	36	13	20	8	44	34	4	43	7	16	17	6	18	16	44	18	13	7	1	19	39	35	3	22	29	13	20	38
27	35	22	2	43	10	30	8	45	12	25	41	6	21	38	0	43	18	47	41	49	40	33	35	9	39	46	34	21	49	2	22	36	30	13	39	3	14	10	7	8	22	25	6	1	23	12	2	6	2
49	27	5	8	49	35	21	47	24	45	15	29	15	33	37	36	0	4	38	35	5	46	20	22	44	17	16	5	14	29	3	34	43	40	36	22	11	35	35	38	13	33	36	28	10	6	13	49	33	29
8	36	32	19	47	10	23	6	27	25	29	28	16	4	24	27	28	0	41	36	38	11	24	11	6	12	22	47	2	13	16	16	10	21	23	10	3	25	33	18	27	31	2	37	36	17	30	24	38	28
2	30	16	10	21	33	17	41	2	29	26	47	33	45	21	30	38	25	0	19	31	31	20	5	23	2	31	15	39	5	29	39	47	19	37	21	37	12	50	11	37	45	36	25	39	14	44	4	28	38
18	37	9	7	18	42	40	2	43	14	8	1	28	25	24	6	9	29	45	0	26	38	23	45	24	24	46	41	6	19	45	30	19	18	33	15	34	19	21	15	18	1	9	37	1	6	22	27	10	33
31	2	46	48	44	15	23	12	50	15	7	29	4	23	48	10	9	27	34	28	0	24	25	20	29	12	25	44	42	3	34	10	11	13	49	27	38	32	31	28	42	11	19	49	35	40	26	41	34	12
20	34	36	41	31	45	14	4	37	16	35	21	20	41	39	45	27	33	8	39	47	0	41	24	45	8	5	25	24	50	49	18	21	13	44	11	15	32	46	48	19	2	19	46	49	22	11	31	19	11
10	8	27	10	10	12	18	40	5	15	47	10	48	37	23	46	22	25	17	5	4	22	0	40	44	25	44	48	26	8	7	33	39	13	32	5	27	38	1	34	7	2	39	43	17	12	45	39	42	21
13	41	2	35	20	25	45	32	28	16	14	38	13	35	18	33	17	48	38	3	46	8	49	0	25	18	26	50	18	7	12	16	3	3	7	13	50	17	49	34	47	50	50	39	42	27	14	28	35	42
2	19	48	15	8	33	22	6	15	35	8	26	47	10	13	49	40	37	7	34	29	18	16	34	0	27	44	16	8	38	17	38	35	5	14	15	40	5	8	39	23	2	12	38	43	25	37	38	36	21
27	47	24	6	28	42	18	38	22	7	41	43	40	32	4	13	18	28	18	29	41	8	32	33	50	0	27	38	32	39	8	2	22	37	30	8	3	31	13	49	13	15	25	5	39	47	12	49	26	32
33	10	48	4	24	7	37	40	27	34	30	32	33	37	32	17	22	24	28	13	49	18	36	14	5	18	0	17	24	31	29	41	26	1	25	29	2	47	23	16	48	37	4	34	39	25	6	23	45	48
10	19	47	40	43	21	39	29	45	29	30	38	35	38	16	21	9	42	32	1	48	47	23	20	38	7	39	0	10	28	35	39	4	42	16	2	7	27	4	2	47	9	24	46	23	5	25	39	18	47
3	17	42	29	6	16	48	34	9	14	48	19	22	25	40	6	8	16	23	17	31	10	9	3	37	8	8	14	0	7	43	17	6	49	47	35	4	18	14	15	5	26	5	17	1	11	19	46	6	9
35	8	40	39	42	39	46	16	27	10	31	37	1	1	1	44	47	18	3	31	38	3	30	1	12	23	27	25	30	0	29	18	5	14	15	34	33	47	19	43	1	37	14	42	37	30	28	46	18	40
44	24	31	50	10	45	31	22	39	1	15	21	10	29	48	10	49	8	46	17	33	34	40	29	24	32	1	33	14	20	0	28	35	22	11	49	20	47	14	41	32	27	37	30	13	42	48	26	43	36
6	43	1	47	11	46	29	30	19	41	11	15	5	4	3	34	27	4	13	30	1	29	2	13	35	30	44	19	34	20	39	0	45	10	35	44	37	3	29	8	20	43	31	50	19	41	29	15	20	6
10	37	4	37	33	7	7	29	49	1	20	21	26	44	16	48	33	13	50	25	35	36	6	15	34	6	21	17	49	33	19	40	0	14	39	25	6	36	47	40	40	19	11	1	30	10	42	25	47	41
24	43	26	32	41	20	11	41	11	26	8	22	40	8	30	1	18	41	49	36	1	14	7	26	39	20	17	41	42	1	12	27	28	0	3	38	50	20	15	26	9	41	50	3	12	25	14	15	15	32
4	39	30	18	18	27	20	2	50	34	45	5	45	47	14	14	33	49	37	7	29	28	36	27	38	22	29	5	43	4	13	49	22	41	0	5	10	33	25	29	2	45	33	22	47	37	26	9	36	1
50	14	44	17	32	2	14	48	19	27	1	50	25	6	19	16	26	21	15	36	15	16	28	29	5	25	22	48	17	40	11	11	9	11	31	0	36	24	40	38	32	4	49	27	10	35	8	47	30	28
34	43	47	15	39	5	13	34	23	38	18	48	15	20	3	42	26	42	30	36	48	19	43	22	19	39	25	44	34	20	30	32	25	4	44	31	0	42	12	35	34	46	17	48	38	31	16	33	29	26
27	34	48	22	41	13	22	2	18	17	2	4	45	43	7	15	14	13	18	38	16	8	49	10	24	17	17	42	25	23	16	47	7	46	2	38	16	0	7	30	1	18	48	14	33	33	38	22	9	37
22	50	44	8	35	7	3	24	35	29	50	14	32	33	27	46	19	48	50	13	9	1	35	49	32	42	29	49	5	11	43	6	31	43	1	42	18	41	0	31	7	48	29	19	28	8	4	39	12	15
4	30	44	40	45	1	47	22	12	11	48	28	21	1	50	38	5	13	28	25	36	23	23	36	27	4	5	41	41	7	27	48	16	39	41	21	2	28	15	0	6	32	30	40	22	23	13	27	15	40
29	30	44	38	11	3	21	37	23	5	7	29	29	40	22	30	24	22	27	37	47	8	24	15	27	14	6	26	35	24	40	29	34	37	35	36	46	45	40	28	0	29	8	38	45	25	29	10	17	22
30	12	27	21	30	36	34	47	11	30	2	18	22	48	5	49	3	21	30	27	2	17	1	43	9	31	37	45	13	11	35	33	43	39	22	2	36	49	50	31	9	0	10	18	21	31	46	33	7	45
2	1	40	27	17	10	8	11	4	39	23	21	10	6	2	31	21	35	44	28	4	33	21	18	36	6	25	10	12	49	10	26	25	4	34	16	17	35	32	14	3	28	0	1	33	21	11	14	44	1
24	47	45	47	24	8	47	7	21	29	17	33	49	3	44	5	50	11	7	12	2	26	32	11	28	18	35	11	28	18	40	46	33	13	4	41	30	35	24	45	16	32	42	0	33	26	34	35	11	50
24	37	43	49	21	18	31	27	31	41	49	5	5	24	23	16	14	22	42	4	18	2	25	41	23	32	39	10	33	49	33	44	9	40	3	6	18	19	3	48	7	29	42	27	0	10	26	11	31	23
22	14	2	39	9	18	4	26	45	37	44	27	30	23	9	1	29	41	24	15	29	50	6	6	22	48	17	19	50	2	4	1	46	29	36	42	14	26	43	1	25	46	3	38	45	0	41	3	4	38
46	33	44	16	16	18	15	7	24	38	2	16	48	12	35	47	1	6	40	9	31	26	26	44	13	30	29	42	7	36	28	45	28	41	1	46	5	10	22	3	42	31	21	5	38	49	0	4	37	40
15	7	47	5	45	6	30	50	30	47	48	6	16	48	16	18	22	22	44	33	20	16	25	40	48	45	38	5	47	36	12	44	40	41	38	42	1	35	19	11	44	9	37	47	50	30	7	0	2	49
26	12	38	49	28	7	43	29	47	37	5	36	6	50	36	42	41	3	19	34	25	50	28	37	13	50	35	41	17	4	27	25	1	7	17	36	9	13	26	23	21	16	23	1	30	9	47	27	0	10
33	37	12	38	13	38	12	24	37	10	38	8	5	44	47	22	39	21	26	37	48	25	5	15	45	29	47	15	5	48	26	17	15	16	19	22	19	49	36	30	19	23	23	9	25	30	30	6	2	0
