3
2
3 2
5 3
3 2
38	16	50	29	45	24	27	11	25	50	24	47	18	40	17	30	17	42	31	24	49	47	34	44	14	32	50	30	25	45	21	17	45	15	44	19	49	28	46	27	20	43	49	14	30	46	38	19	47	45	29	44	49	41	37	39	25	19	29	47	32	10	22	38	17	26	15	38	22	29	16	29	24	35	49	27	39	50	33	11	25	30	22	35	36	29	33	46	13	11	27	22	21	39	30	39	43	21	36	36
27	46	31	37	17	39	26	25	19	48	16	36	40	21	45	28	22	18	50	24	42	29	26	22	40	19	21	20	30	16	35	40	47	22	14	22	12	32	30	11	36	31	22	15	17	38	23	14	22	38	35	18	46	47	45	23	33	23	11	41	33	34	15	39	21	19	27	39	26	25	17	20	50	46	38	29	15	42	21	42	39	41	44	18	38	40	28	21	38	39	19	20	21	38	33	42	28	32	28	41
1 5   
1.5 10
1
1.5
39	28	17	45	11	31	25	47	4	44	15	36	19	2	1	37	46	50	42	43	19	44	49	7	47	26	31	37	28	1	18	19	33	17	36	44	6	1	4	39	42	41	29	15	50	30	40	22	15	39	8	42	31	48	38	43	45	5	21	12	39	24	38	7	47	36	37	43	21	36	29	20	31	3	5	43	36	13	27	36	21	36	50	6	47	35	20	21	35	12	7	1	27	29	20	45	24	9	13	34
0	48	23	42	32	26	35	30	4	34	20	13	32	47	12	28	45	20	26	15	5	2	25	16	17	29	30	32	21	41	27	31	30	48	36	1	40	32	28	2	2	33	32	5	23	10	13	24	8	34	2	50	35	20	15	38	12	40	36	7	35	16	38	19	34	44	11	28	1	39	35	2	44	50	3	43	27	31	12	24	43	15	44	20	23	37	38	10	30	48	40	14	22	21	44	11	30	34	20	3
31	0	34	43	24	3	14	6	11	10	27	20	15	5	27	39	46	16	45	38	16	26	30	42	28	22	7	34	46	26	19	43	41	41	41	11	44	31	10	34	43	3	14	14	31	28	12	22	44	28	45	16	7	47	26	47	8	32	32	10	41	11	20	45	2	40	47	43	49	46	35	44	48	16	39	36	37	37	3	25	9	38	50	45	37	20	46	2	13	11	18	28	47	20	16	4	42	26	45	25
25	13	0	13	28	29	12	50	30	39	24	24	18	37	23	45	1	36	41	36	19	14	20	27	44	18	24	20	9	11	8	3	39	16	45	44	18	26	5	35	26	27	24	43	11	40	21	8	21	29	50	25	30	1	44	27	35	11	13	11	35	31	11	10	31	19	37	21	5	9	34	16	50	41	15	9	45	49	24	33	46	40	26	35	4	12	20	25	48	23	16	15	25	36	40	46	28	46	13	4
7	38	9	0	28	37	6	25	5	22	30	48	14	1	39	43	6	12	27	18	48	46	46	40	10	48	29	12	6	19	48	49	12	3	13	18	43	11	15	36	5	21	28	46	27	4	24	25	33	28	5	4	49	26	22	34	24	11	3	35	19	18	6	41	18	3	36	8	42	30	14	44	25	1	30	25	17	27	3	37	3	44	26	44	3	3	3	26	12	36	3	11	7	34	3	11	19	29	21	44
43	7	7	29	0	4	40	10	2	9	26	50	29	23	14	47	43	30	17	31	14	7	30	42	4	50	18	18	2	19	41	16	11	21	50	39	28	23	1	20	14	26	16	15	36	30	3	18	22	1	17	41	25	12	16	9	31	33	44	21	11	15	3	5	24	19	8	32	50	24	19	32	15	35	10	19	6	43	9	14	19	5	27	41	1	31	43	12	38	38	1	17	12	49	2	7	47	37	1	45
5	32	33	1	46	0	31	4	15	18	24	45	11	13	10	9	32	15	20	3	46	11	16	8	24	41	39	36	48	10	8	48	30	6	43	16	10	32	7	23	24	50	15	9	17	49	2	4	41	18	39	14	31	19	47	32	1	15	25	28	37	1	50	24	15	31	34	36	45	43	32	9	25	43	12	40	5	35	15	22	15	4	46	39	48	42	40	23	46	6	7	17	5	37	19	21	27	24	23	2
48	43	4	49	31	18	0	31	4	8	9	15	48	16	32	2	11	5	21	41	1	44	42	26	43	34	34	30	9	40	10	23	29	8	24	29	12	34	44	22	8	29	16	9	4	27	2	21	20	28	37	13	34	41	33	17	7	11	3	30	41	17	31	20	30	45	21	6	2	11	5	33	17	11	30	12	4	19	24	26	35	50	22	44	24	28	48	9	4	7	41	49	1	28	25	34	16	31	21	48
42	26	44	46	15	46	18	0	1	17	18	30	23	2	34	5	46	34	3	2	6	14	33	42	14	46	26	37	2	12	34	14	26	9	46	33	48	37	23	32	25	38	10	2	16	32	24	20	42	17	40	36	24	39	20	19	28	38	46	39	1	1	43	16	30	5	13	3	21	44	7	21	24	49	7	25	34	1	23	40	8	14	1	20	50	13	41	26	29	14	43	3	41	50	43	39	26	16	27	17
44	44	37	42	41	22	9	22	0	33	45	20	29	37	46	20	20	45	46	26	48	1	40	40	17	4	18	27	13	41	32	35	42	26	23	42	37	47	50	25	12	31	10	32	16	36	8	36	41	30	35	50	42	35	21	15	32	1	26	16	8	30	22	44	36	44	1	6	18	6	47	30	26	28	48	4	48	17	6	2	25	19	47	14	31	40	43	10	39	16	14	33	9	10	40	38	14	14	18	14
14	35	25	13	14	44	15	33	19	0	7	8	1	38	42	9	4	43	35	36	22	40	45	25	41	19	34	11	11	44	47	40	50	37	27	45	9	37	26	43	9	27	39	29	33	45	8	35	18	1	20	29	43	21	13	2	39	49	22	10	14	18	37	2	1	43	34	32	46	4	5	18	32	17	49	33	45	46	12	41	44	39	38	38	21	39	36	4	44	30	34	22	36	26	6	1	45	14	1	19
30	41	19	6	33	21	2	38	49	6	0	11	50	2	39	16	10	28	28	35	26	15	30	35	45	6	36	32	27	31	44	20	17	21	26	38	33	50	41	15	15	3	2	1	20	15	37	15	24	37	47	48	14	4	27	28	19	6	38	27	12	6	33	14	27	40	11	21	50	11	1	41	28	33	31	46	46	24	47	3	34	10	9	38	22	38	34	36	6	50	1	9	4	27	16	32	13	1	2	20
7	1	45	43	36	2	34	28	14	23	21	0	9	2	14	10	47	50	42	37	21	38	1	42	5	37	37	11	46	21	37	44	32	50	35	31	34	49	36	38	13	24	17	22	14	3	10	39	29	27	46	42	25	10	10	37	43	27	7	3	12	9	2	35	29	8	38	5	18	39	24	37	33	37	16	16	35	1	18	11	23	38	21	29	11	45	40	42	27	9	36	37	3	11	19	4	49	39	47	38
35	49	20	9	22	27	30	20	26	9	22	23	0	25	33	18	42	18	27	39	36	29	45	7	1	2	20	30	32	8	36	21	46	38	20	36	1	50	9	14	19	33	17	39	10	1	28	20	3	23	44	26	14	33	12	3	11	37	40	38	36	21	21	12	19	42	16	25	16	27	3	35	46	9	33	31	31	7	25	26	21	6	20	47	46	45	29	44	1	10	21	38	35	41	44	29	46	36	6	25
37	18	12	22	47	47	38	13	22	29	49	7	1	0	17	27	44	42	31	33	26	45	3	44	5	49	33	11	5	14	17	31	38	40	23	15	3	27	11	33	41	7	15	5	5	20	40	12	28	17	31	23	40	46	44	8	36	41	25	12	18	16	43	5	20	37	25	48	26	22	31	38	5	17	13	35	44	49	10	28	41	17	39	45	48	43	28	9	3	6	50	12	41	49	1	8	34	19	41	32
13	36	36	50	16	4	10	48	41	14	42	24	35	17	0	27	39	5	20	30	30	35	5	46	14	48	16	46	13	34	1	17	8	26	24	37	42	2	11	15	35	23	34	28	22	25	20	11	15	46	43	34	31	41	12	42	13	17	9	27	25	25	4	3	29	25	42	10	11	32	38	14	20	43	32	39	30	11	50	50	9	4	7	40	20	29	45	41	10	35	10	30	38	19	47	44	24	43	45	2
40	11	29	20	18	9	5	45	34	2	33	20	23	38	42	0	6	30	20	7	5	33	42	37	14	45	13	15	17	23	43	8	24	47	9	50	35	7	12	16	47	47	5	14	21	49	33	47	46	41	22	17	1	29	47	15	27	39	17	36	35	18	41	50	23	46	45	50	44	49	6	41	29	47	49	50	31	7	48	30	42	16	26	27	9	33	19	25	32	40	29	49	5	30	17	4	35	5	20	20
33	40	9	38	33	2	10	24	5	3	32	22	15	28	23	1	0	13	34	46	9	50	26	45	50	26	36	26	23	13	39	1	32	49	48	18	17	10	41	45	26	29	44	34	40	12	45	33	3	4	28	37	27	39	11	24	44	49	19	40	35	31	23	16	1	8	7	12	38	41	26	19	47	46	25	16	32	25	30	31	39	5	11	4	31	47	33	50	7	3	48	36	24	12	12	15	13	9	28	42
39	46	36	4	36	50	29	20	46	6	46	16	33	11	1	21	50	0	42	37	9	14	9	27	35	46	19	12	5	17	10	28	17	37	37	25	5	28	18	18	48	37	9	31	14	29	13	17	36	40	12	15	39	33	50	26	2	11	33	7	20	46	32	32	30	21	33	4	16	29	3	23	6	7	40	29	23	3	16	28	38	22	43	47	5	29	29	16	25	40	7	47	44	14	11	20	13	25	3	20
30	38	35	45	33	29	21	19	34	43	40	23	18	30	21	45	22	50	0	16	16	44	24	48	28	25	12	31	26	5	48	35	13	36	14	25	1	10	31	1	37	34	6	34	44	31	39	45	21	44	17	47	17	18	38	20	35	27	35	14	1	44	25	18	27	34	13	21	32	46	5	1	27	6	41	50	5	43	2	30	9	32	21	27	2	8	43	42	7	4	49	49	7	11	35	34	33	35	33	31
32	46	15	22	49	4	2	9	33	36	19	19	24	7	50	7	20	35	36	0	22	8	46	34	39	47	33	20	31	32	36	26	3	32	10	25	43	16	6	41	23	25	47	31	41	41	47	10	49	23	26	27	19	36	21	38	45	22	48	35	5	12	37	47	14	27	5	45	44	12	37	37	45	22	36	48	43	14	43	34	24	44	3	12	19	7	19	49	36	21	43	29	50	38	35	19	23	32	18	24
24	6	43	40	45	16	21	19	43	2	32	39	49	1	9	4	2	39	11	47	0	16	24	36	34	19	28	42	23	45	31	37	30	10	38	12	20	31	10	37	25	2	44	40	7	40	4	35	27	1	30	47	1	28	1	25	33	26	11	8	4	25	11	49	24	47	40	7	28	36	41	26	45	15	5	37	50	27	23	11	13	42	6	15	27	39	47	4	17	1	16	35	40	38	24	14	28	35	27	26
29	30	1	2	23	1	7	39	29	49	11	48	17	34	27	10	37	42	38	6	39	0	38	22	22	5	15	24	26	20	8	16	9	48	1	38	39	24	5	42	48	15	15	13	43	46	41	37	13	26	44	34	32	43	2	28	22	27	6	29	13	13	23	21	1	25	42	24	30	35	34	41	43	36	18	50	11	50	9	23	28	42	31	45	7	16	28	43	19	3	31	10	6	4	6	39	1	12	16	37
10	46	29	35	43	22	44	2	17	36	32	21	4	10	9	40	38	30	49	40	32	8	0	40	32	50	41	19	20	32	4	46	23	27	12	32	38	15	37	40	37	35	18	45	31	31	7	40	23	18	33	49	25	11	32	47	32	15	4	5	33	49	8	5	20	18	2	7	33	44	1	8	18	6	36	50	2	25	12	24	25	28	35	6	12	26	18	27	16	41	37	27	32	22	13	34	44	41	45	44
7	6	27	24	27	31	15	14	13	1	30	2	14	45	3	7	15	34	13	46	17	44	7	0	48	29	32	14	49	15	48	22	23	37	50	30	50	16	9	15	40	9	37	44	24	49	10	38	26	13	47	16	41	23	15	31	48	28	26	7	40	37	34	35	47	49	30	49	22	44	35	7	20	44	19	3	26	27	14	16	14	27	24	9	1	31	6	17	25	41	39	3	36	24	9	12	43	35	48	11
22	14	9	21	18	39	24	33	3	48	20	18	47	48	19	24	44	2	8	50	25	50	37	46	0	18	28	27	11	46	23	34	25	17	4	31	25	42	19	23	41	28	31	11	1	37	16	45	34	21	38	5	24	36	17	4	22	44	33	32	26	20	34	15	44	3	49	28	40	48	11	29	31	10	42	31	42	33	47	45	7	13	22	18	38	17	29	26	19	38	4	34	27	11	26	23	40	34	7	17
18	2	28	43	5	25	25	48	27	36	26	23	32	34	22	19	39	32	10	45	44	7	23	19	18	0	38	9	48	43	1	24	17	11	32	30	48	31	18	8	14	6	13	12	28	18	43	32	14	16	47	36	46	46	48	20	42	34	26	29	37	11	3	47	25	6	42	7	35	23	18	44	15	22	10	14	22	42	39	10	11	35	11	4	29	42	43	47	18	23	41	41	24	16	6	48	12	14	5	17
49	7	30	18	41	32	32	24	27	30	16	28	5	11	5	6	7	26	3	26	16	45	18	49	5	43	0	1	47	23	21	21	5	17	38	48	3	12	29	19	20	39	44	27	27	17	33	42	41	23	33	42	6	26	49	5	7	34	29	8	18	31	32	8	33	27	9	31	28	15	20	33	13	41	12	39	15	34	16	21	28	20	15	42	34	46	35	11	39	40	25	50	46	36	32	26	41	21	10	17
39	20	41	31	49	4	11	33	47	21	42	9	11	28	3	21	26	47	33	39	44	14	6	15	48	23	34	0	13	6	5	9	2	42	37	22	17	20	32	45	15	14	47	4	29	34	34	9	11	45	3	14	38	12	18	44	6	36	11	35	33	2	11	3	22	20	50	12	18	7	18	16	20	1	11	42	37	36	37	50	29	12	40	47	18	27	4	45	26	18	7	13	37	29	29	33	46	32	15	37
14	2	12	13	9	25	4	43	33	27	47	36	12	18	27	44	16	49	38	31	17	16	2	41	48	49	39	14	0	2	26	18	45	5	41	19	48	4	21	13	35	46	26	16	50	10	13	26	4	15	16	18	44	14	24	27	23	11	25	27	9	26	15	4	15	11	20	5	5	40	1	38	35	46	39	32	38	38	4	24	32	27	43	3	30	45	31	2	29	8	39	26	14	9	3	24	36	11	9	46
21	16	48	36	49	25	34	23	11	38	37	14	47	21	2	31	11	42	43	31	18	32	10	40	34	36	49	40	46	0	9	37	39	39	48	43	46	40	32	23	30	23	40	47	45	27	4	24	16	35	22	41	43	11	17	46	44	43	43	15	1	18	17	44	15	45	25	13	50	27	18	39	43	13	21	17	29	36	7	6	29	43	27	1	24	6	47	47	18	10	42	21	17	13	5	42	18	31	21	15
6	29	7	4	10	18	22	20	46	9	15	28	29	40	6	27	11	35	18	13	27	27	29	6	47	33	39	50	22	8	0	49	50	38	14	43	43	9	11	47	35	30	11	26	20	50	45	11	5	13	11	19	49	18	20	41	37	4	16	49	39	4	9	7	34	10	12	38	40	24	31	12	39	40	29	16	19	14	47	15	8	29	39	8	6	25	13	8	24	20	46	39	36	9	34	46	17	29	15	48
20	9	9	5	41	44	31	32	4	21	41	9	43	39	19	5	37	48	27	26	8	2	45	1	2	23	39	18	34	33	25	0	39	49	46	7	19	6	7	4	11	1	32	25	28	49	49	4	34	19	10	22	45	18	10	40	50	25	6	49	6	20	19	49	21	8	6	35	41	20	11	7	36	36	13	26	24	40	31	4	41	15	34	16	16	49	2	19	35	5	38	23	12	6	28	32	20	5	24	19
43	20	23	22	13	46	38	46	29	11	31	45	37	3	9	21	38	35	35	44	17	11	16	10	3	9	30	46	10	5	2	36	0	34	22	2	26	21	38	21	11	20	16	40	2	9	50	11	6	36	34	42	42	31	6	26	8	39	47	13	41	38	7	17	47	35	23	2	46	25	49	40	27	34	34	25	29	37	45	34	39	41	13	16	13	49	13	38	40	1	15	25	2	8	21	40	24	5	30	30
36	31	23	26	13	20	1	34	18	29	2	10	18	46	2	35	13	17	46	26	42	42	27	38	32	30	19	23	36	14	11	22	7	0	38	13	4	5	47	9	50	12	48	29	16	10	10	49	47	47	40	30	4	40	37	28	17	6	33	24	24	42	38	45	36	24	17	38	11	11	10	12	3	40	38	3	9	39	43	36	22	36	46	45	17	33	46	26	36	11	1	41	10	50	42	26	36	41	42	5
10	34	12	8	33	4	9	21	27	44	39	1	20	17	32	15	4	10	4	2	34	31	20	31	38	40	9	30	30	43	17	20	12	37	0	50	45	46	24	16	33	6	20	3	39	34	16	8	49	44	35	27	26	50	40	28	18	50	21	42	21	45	38	29	30	13	41	35	36	49	30	29	1	8	18	20	49	39	35	15	25	42	40	8	10	15	2	24	9	9	29	23	28	13	37	37	1	26	30	26
30	11	49	41	8	7	12	32	12	35	18	6	16	27	43	27	27	27	20	17	40	32	23	5	30	8	18	3	24	20	50	14	41	40	45	0	23	49	16	21	24	34	5	4	20	39	30	21	36	2	39	4	26	29	24	38	12	46	36	19	31	43	36	43	30	27	36	18	18	20	36	49	22	18	14	45	29	6	21	43	37	17	44	35	14	29	30	6	42	45	22	19	14	34	6	3	42	39	24	31
48	33	44	5	27	47	26	39	32	43	49	13	17	39	14	6	20	50	18	50	5	6	1	32	6	17	26	42	35	20	24	15	16	47	15	36	0	30	12	31	34	14	34	47	15	44	12	19	36	38	24	22	18	24	12	50	49	42	44	19	4	13	47	2	37	22	13	12	5	42	27	45	9	15	34	48	46	31	13	31	5	41	9	36	17	9	43	20	8	43	22	2	33	28	16	18	6	26	15	26
28	42	4	34	22	34	42	7	5	21	27	48	3	43	33	11	32	34	2	46	15	49	8	44	42	7	47	15	7	43	8	49	26	45	19	17	36	0	43	45	50	7	40	15	8	10	42	48	2	24	15	17	15	33	42	19	18	17	25	40	39	39	22	40	41	11	43	28	34	19	43	30	25	5	14	20	49	46	50	18	43	48	31	43	14	8	42	43	24	18	4	1	27	42	5	6	17	2	29	2
14	33	45	49	8	36	30	37	45	14	39	19	14	49	34	20	35	11	41	22	39	48	28	18	46	16	35	13	30	29	8	28	18	48	12	39	2	14	0	41	31	38	9	20	44	21	14	30	14	42	38	45	6	18	37	38	2	7	22	13	30	14	38	12	22	41	28	23	2	3	13	7	36	18	35	27	12	41	2	49	6	48	33	2	13	33	1	36	3	11	19	43	7	24	11	4	7	42	6	15
44	49	50	33	26	17	38	44	1	30	31	43	14	45	30	46	46	2	3	5	21	32	8	41	8	26	23	35	24	36	9	31	3	45	30	44	27	50	10	0	27	5	30	18	4	15	21	20	4	21	7	30	25	47	41	33	49	32	5	32	5	16	26	39	2	15	18	11	2	18	43	13	25	20	11	25	29	16	2	36	7	49	37	27	45	41	33	9	47	13	11	38	32	6	19	2	16	33	43	49
22	10	50	22	13	30	1	39	19	17	21	6	46	24	4	47	18	50	6	34	38	49	34	24	46	44	41	33	40	7	43	35	28	18	21	41	49	24	50	15	0	40	4	16	40	15	43	28	16	50	6	25	31	48	25	18	24	29	39	34	9	22	28	17	24	5	19	45	21	42	39	40	28	48	12	43	41	28	31	11	39	1	24	3	20	17	45	3	37	7	8	45	15	15	43	33	27	38	48	37
1	30	24	15	30	6	20	10	20	14	1	31	49	37	36	17	23	8	10	38	9	48	15	49	33	14	4	15	13	8	10	39	10	8	45	39	26	11	43	47	40	0	43	12	24	12	29	17	34	26	2	12	16	48	14	29	19	24	39	1	16	10	33	49	33	27	17	7	23	10	28	30	41	48	35	16	20	23	48	46	45	1	35	42	40	12	35	22	37	46	29	27	12	47	2	8	24	9	36	26
29	15	36	48	19	46	27	20	3	10	2	12	28	42	25	14	5	5	23	23	11	49	17	24	28	15	28	33	33	20	50	4	23	33	7	4	48	26	45	14	43	36	0	1	19	1	45	27	20	41	12	4	13	1	1	18	40	40	23	6	22	37	24	6	36	22	2	50	46	9	15	48	18	9	7	44	22	22	44	7	7	27	44	7	41	42	36	25	11	16	34	6	41	50	22	34	37	13	4	30
5	29	45	17	43	33	28	49	22	37	10	18	27	31	18	33	22	49	8	43	7	35	46	15	10	16	29	19	4	18	5	6	27	31	42	39	46	2	7	18	43	39	35	0	46	38	27	4	3	40	48	7	37	45	39	8	23	45	33	3	18	8	12	14	40	26	17	18	24	30	30	7	42	24	11	7	14	22	7	8	11	10	5	29	35	46	25	38	15	44	34	7	18	25	5	2	20	22	31	27
9	29	42	1	20	12	32	43	42	39	11	5	45	35	41	13	40	6	14	7	21	20	50	46	31	28	46	5	30	11	34	6	4	47	31	25	13	34	16	43	19	44	42	25	0	15	11	7	31	42	14	4	7	17	9	24	48	47	16	37	44	43	24	13	13	27	10	31	1	18	13	36	40	43	3	13	28	31	42	7	46	42	18	36	25	26	1	15	7	5	1	23	13	48	34	12	18	24	15	2
24	9	43	8	43	27	30	31	37	14	15	6	42	31	16	17	17	4	50	4	4	47	11	36	50	18	8	9	44	48	40	37	23	47	7	32	24	33	35	34	18	3	26	31	17	0	23	47	1	25	26	46	50	40	24	33	8	18	38	24	1	6	44	2	49	25	30	21	17	30	41	18	40	5	11	43	24	35	33	7	44	14	28	26	21	40	31	1	44	44	50	42	34	20	40	23	32	25	36	45
23	31	45	3	31	22	23	32	13	37	7	46	2	18	16	43	32	43	42	40	14	30	5	24	45	45	40	28	15	47	44	10	39	16	11	39	43	21	23	7	33	18	44	23	8	31	0	37	27	4	17	4	41	29	35	29	12	36	14	50	21	2	32	23	9	9	42	12	4	17	30	45	31	38	33	33	48	29	3	41	43	23	16	41	46	15	24	19	8	3	10	38	48	23	42	39	42	36	38	33
5	7	16	45	50	37	37	27	27	15	49	1	3	33	48	23	43	8	21	10	44	48	13	5	28	30	19	32	16	12	16	39	37	19	21	32	1	20	43	35	29	30	45	30	44	6	3	0	30	8	26	16	49	43	50	37	1	2	45	49	47	32	17	46	20	9	14	12	41	22	18	16	40	32	43	36	22	29	28	3	20	48	13	14	31	17	26	24	31	44	43	32	16	18	32	17	14	48	11	45
25	32	30	15	30	12	3	8	46	24	50	21	41	6	4	27	48	34	37	38	3	16	49	25	49	43	50	37	29	48	2	3	3	36	47	15	40	46	1	21	27	5	45	34	32	16	43	35	0	49	28	24	21	29	45	41	28	41	18	44	23	46	50	25	2	23	6	45	30	26	37	36	13	3	10	21	26	16	50	41	14	18	14	33	13	46	8	2	47	30	39	7	1	36	6	8	37	39	17	32
22	44	46	23	8	10	34	38	6	32	33	7	9	6	2	49	39	10	9	28	48	16	34	40	50	27	24	39	9	26	41	29	30	5	35	29	20	14	14	37	36	26	34	48	31	7	4	7	27	0	20	33	39	2	14	30	41	26	46	43	48	43	46	26	8	18	1	40	38	15	35	10	34	14	42	22	21	29	22	10	32	9	17	36	49	12	7	38	32	43	31	29	4	47	27	3	12	9	10	23
31	24	7	18	45	38	35	30	31	26	4	37	36	15	34	11	38	1	40	39	7	50	3	31	37	27	42	25	17	45	30	32	27	48	14	37	11	48	37	41	17	43	16	34	19	26	23	8	8	32	0	11	38	1	41	16	6	40	31	30	43	38	6	34	45	12	12	42	39	46	37	36	13	7	21	19	5	33	34	2	33	13	13	44	34	40	6	44	22	6	23	38	22	10	17	5	45	26	4	8
42	23	13	37	42	8	24	16	27	19	45	44	23	50	19	47	29	28	23	17	49	35	22	3	24	34	25	29	1	7	31	15	18	44	43	41	40	42	16	27	2	31	49	28	50	37	5	31	13	17	9	0	44	44	25	13	34	27	38	19	36	20	48	43	32	44	19	38	3	34	3	23	39	9	16	27	48	13	9	10	36	31	42	23	15	42	44	43	25	45	38	46	33	12	47	8	39	43	2	39
1	3	43	27	7	46	10	33	39	17	50	1	12	8	4	10	44	19	23	3	14	13	47	16	3	31	2	44	23	19	40	7	34	45	3	18	25	25	30	3	38	30	6	22	44	32	16	32	7	42	43	37	0	24	40	41	39	43	39	13	6	34	37	4	48	12	40	15	17	42	26	18	24	45	16	16	26	1	27	15	9	12	34	25	49	2	11	28	34	22	1	40	15	48	9	24	42	35	44	23
45	19	3	17	15	5	38	30	22	16	13	37	17	33	18	8	5	38	45	36	34	13	39	38	44	49	20	2	23	35	12	6	49	24	26	7	25	41	40	11	8	7	48	7	32	41	49	31	46	45	37	12	41	0	41	20	26	27	23	23	49	25	13	32	4	12	46	25	26	20	15	25	43	45	22	38	11	42	3	14	40	49	21	10	32	28	49	3	35	29	29	11	35	36	3	27	19	19	14	26
38	37	47	41	50	37	25	14	50	37	36	17	35	31	22	42	35	22	18	22	26	8	19	24	22	20	38	48	31	6	15	14	16	18	50	26	6	17	41	46	2	34	23	28	37	12	11	43	27	25	24	21	42	24	0	30	20	12	47	29	37	13	32	1	38	4	17	49	7	29	45	36	24	40	25	33	37	40	21	47	39	34	3	29	44	7	3	45	39	43	1	50	40	32	43	44	36	4	6	1
38	39	22	39	41	20	12	44	5	11	45	43	3	31	35	14	49	36	14	14	17	49	32	33	8	12	33	9	38	35	5	9	27	12	21	42	7	24	6	18	33	1	28	35	8	19	21	8	16	19	45	5	44	50	44	0	44	31	40	11	25	19	10	29	41	45	38	26	20	16	6	5	12	44	40	32	5	20	32	29	24	4	23	32	50	27	44	9	22	45	21	19	6	17	1	45	50	32	7	33
21	11	14	33	30	38	8	26	3	12	49	49	25	47	6	37	4	6	14	7	21	12	3	27	17	38	6	46	4	23	24	4	1	26	41	28	38	4	37	29	12	40	5	22	29	16	21	11	47	32	13	34	48	46	48	3	0	37	36	36	17	3	4	29	3	8	20	33	47	8	43	9	16	28	48	36	8	9	6	4	39	29	37	40	19	39	2	6	8	40	38	20	20	34	23	5	38	33	18	40
14	8	15	41	18	13	44	17	14	44	31	41	46	45	49	27	25	37	44	15	20	9	41	43	33	42	43	46	12	31	23	31	20	20	27	9	42	49	26	11	18	31	45	41	24	43	6	2	39	25	42	1	7	12	7	1	41	0	41	48	7	6	31	34	47	5	29	24	28	29	46	36	6	9	17	11	10	49	29	21	16	1	29	46	32	17	8	31	17	5	20	6	29	4	8	14	12	27	20	2
48	36	50	24	1	44	40	7	39	49	31	31	10	32	26	13	14	18	24	31	20	19	10	30	35	29	40	14	20	13	45	14	32	14	46	14	30	10	39	34	35	21	50	28	19	29	12	18	40	48	48	32	5	13	26	48	1	17	0	18	5	38	42	26	31	37	16	50	28	11	25	43	32	13	8	34	10	49	46	29	13	21	50	36	40	4	50	29	45	18	9	31	37	30	24	33	48	29	22	5
21	19	18	16	19	8	20	12	13	20	25	4	8	39	35	27	40	45	10	45	12	50	31	15	48	42	33	44	48	28	15	17	39	17	12	29	22	46	7	23	21	31	24	42	46	24	1	28	45	8	22	6	36	44	27	48	45	31	33	0	29	39	33	34	25	26	21	26	31	12	7	9	19	11	40	27	18	5	39	6	30	7	17	33	50	30	29	14	40	22	4	29	31	36	16	14	19	38	14	49
10	8	36	20	19	29	45	47	42	6	30	39	5	6	2	16	9	27	16	27	32	29	30	16	35	15	12	40	25	38	32	24	28	38	38	3	7	29	18	24	28	4	48	26	34	21	3	39	19	1	36	47	43	24	21	29	29	23	8	22	0	11	41	24	43	30	31	21	17	41	2	29	38	27	21	13	16	48	6	32	9	17	4	15	7	46	7	14	31	32	27	40	27	25	22	8	20	13	47	42
23	17	3	37	17	48	32	16	6	14	43	28	33	18	19	45	36	1	6	39	10	5	1	40	42	4	5	29	27	17	26	25	42	48	40	36	39	41	7	8	11	46	25	11	22	37	22	2	5	13	27	5	19	27	4	8	45	40	40	18	45	0	47	33	42	40	32	22	34	23	3	4	50	26	41	1	2	36	47	38	33	22	44	27	23	22	8	16	24	4	26	10	4	39	16	18	25	8	30	22
1	38	49	30	15	44	23	7	20	24	17	48	41	9	39	44	49	5	17	35	41	29	1	41	10	25	48	44	9	44	6	43	23	43	34	1	42	45	12	18	35	34	12	22	23	27	31	16	5	46	16	23	47	15	22	33	11	34	24	16	28	11	0	28	7	45	13	38	1	39	34	49	48	8	41	33	24	35	32	6	45	36	14	28	49	31	21	27	2	21	45	19	3	48	44	44	35	44	7	27
22	37	22	34	50	35	12	50	27	41	2	45	45	6	31	10	42	48	28	37	39	17	45	34	4	29	12	10	4	44	9	19	46	37	45	30	26	34	15	6	22	6	47	6	50	23	17	49	22	46	27	12	38	16	7	5	21	16	28	36	44	25	28	0	18	7	32	44	18	28	28	15	2	20	44	33	34	20	45	22	48	43	15	16	4	5	5	48	34	49	25	32	43	28	29	7	6	11	4	38
10	35	15	14	22	37	4	6	45	34	45	28	18	30	13	49	7	35	18	20	48	28	48	43	14	6	25	29	2	31	31	12	16	42	14	30	34	25	9	5	27	49	22	14	20	13	16	8	20	22	48	30	46	35	34	20	42	2	28	37	37	36	4	2	0	22	34	1	44	6	44	33	35	48	26	10	42	9	19	41	22	11	8	2	31	18	25	11	44	48	24	31	34	38	11	38	41	26	44	43
23	11	34	49	10	45	24	1	11	46	5	35	23	21	25	36	17	47	13	29	20	21	39	26	23	40	18	29	43	43	47	19	25	10	22	38	45	1	48	3	15	28	42	33	13	12	24	25	20	21	6	36	6	22	2	16	8	13	5	3	6	5	25	7	42	0	3	10	24	24	2	46	16	31	48	13	8	50	46	38	4	28	13	47	34	21	32	24	25	26	18	11	47	18	39	29	37	26	37	28
13	2	49	21	23	17	40	15	7	27	42	43	18	18	10	6	41	32	46	3	41	12	16	36	5	29	37	8	5	31	1	50	41	8	8	32	14	7	41	36	49	16	42	30	20	32	11	47	49	30	2	21	20	49	18	50	3	9	44	46	27	25	44	37	30	4	0	40	30	31	10	40	32	6	12	32	5	32	24	1	30	21	37	5	26	27	49	27	11	11	42	40	25	5	40	36	39	48	47	25
32	41	26	31	9	46	29	38	8	42	30	6	29	36	6	19	30	31	2	25	18	27	28	42	41	33	30	41	39	17	10	25	18	32	31	41	6	47	27	34	23	10	13	4	17	2	1	32	21	5	12	50	23	32	42	37	10	25	32	21	2	42	6	31	47	33	23	0	14	31	21	45	30	8	1	38	41	26	8	7	23	29	2	27	27	3	6	1	46	46	24	23	36	7	35	43	40	28	20	21
38	1	7	22	36	12	29	37	32	43	30	41	14	45	40	25	24	10	29	25	44	15	25	43	22	32	44	1	21	6	35	24	30	44	34	12	31	44	36	39	46	4	26	3	21	32	2	16	14	45	16	10	6	10	36	32	11	34	19	6	47	24	7	15	1	43	15	2	0	36	12	24	26	46	3	46	10	50	2	38	20	8	36	2	25	46	21	40	5	37	34	50	14	33	38	11	38	43	43	23
44	19	14	3	31	9	3	31	30	1	42	10	41	36	9	39	47	38	39	49	2	42	8	36	27	38	32	12	17	36	26	34	50	49	11	13	3	29	12	10	12	26	29	25	1	47	36	31	18	4	1	40	5	5	9	1	23	32	50	7	50	15	35	34	46	18	7	29	10	0	15	30	21	36	40	10	24	43	21	37	43	22	17	32	40	6	44	37	46	8	45	32	46	23	34	50	42	23	8	4
49	10	29	11	34	18	7	19	17	32	43	22	40	42	7	15	28	30	22	30	31	22	15	12	5	35	50	3	50	29	26	44	28	38	30	19	22	29	23	16	25	13	25	32	2	13	47	26	18	38	14	5	40	19	29	4	31	32	28	26	41	10	40	43	50	32	37	11	47	41	0	10	20	6	47	29	31	1	1	4	50	44	19	30	42	48	6	38	18	15	31	41	4	19	33	1	43	45	11	50
8	40	16	49	21	43	17	30	47	3	20	20	48	1	32	14	7	19	1	30	18	28	18	39	38	10	6	8	28	10	31	44	13	36	9	49	47	19	28	8	27	26	8	8	31	17	17	24	12	32	50	12	44	35	1	7	28	1	14	18	15	46	41	40	36	45	35	2	9	43	36	0	20	50	17	50	17	14	19	3	23	13	15	12	11	50	18	10	5	37	13	30	25	30	4	3	49	46	10	9
29	40	44	34	46	10	29	6	32	39	39	26	34	40	8	13	33	11	26	22	20	37	42	9	36	16	48	33	3	19	40	35	5	37	21	36	25	42	45	26	36	30	39	31	38	12	29	29	43	37	1	29	27	38	28	36	10	30	34	15	43	13	34	48	22	12	50	44	8	13	23	18	0	21	41	9	4	3	11	24	30	42	17	32	23	27	13	15	16	39	38	29	7	43	19	33	49	18	4	21
31	48	7	29	28	13	40	1	32	26	9	50	36	49	10	10	2	18	32	21	19	3	26	12	1	49	14	12	38	25	29	41	15	40	3	38	42	44	21	22	4	19	20	23	42	24	39	41	4	15	24	13	40	4	42	48	14	34	23	12	15	25	36	11	3	38	19	13	35	30	20	21	49	0	43	32	3	16	50	32	50	20	13	8	4	5	14	2	38	47	18	23	14	37	10	15	10	25	37	21
29	44	48	31	3	22	3	41	43	30	24	47	27	24	42	17	5	4	45	32	10	9	24	8	1	3	6	4	10	29	31	30	21	43	7	7	9	46	48	10	38	15	21	10	12	20	11	22	18	5	49	20	10	38	44	5	12	9	41	2	29	25	50	20	32	12	17	7	36	33	42	4	25	39	0	8	33	32	23	41	3	17	40	22	25	48	47	28	6	28	5	28	50	45	42	35	39	2	42	46
25	6	7	41	21	16	16	27	27	16	40	46	30	20	36	37	34	22	44	34	6	46	2	31	31	30	6	41	38	7	20	14	11	4	50	31	3	36	18	5	19	6	48	20	5	19	4	10	33	1	38	41	36	48	29	22	32	1	33	31	44	5	29	40	25	38	4	11	13	50	4	26	29	45	25	0	27	49	26	4	8	25	28	12	27	26	23	9	17	14	47	18	3	2	10	19	42	37	15	41
37	21	18	39	27	16	13	21	37	21	19	31	20	28	1	49	11	14	21	8	41	24	37	32	40	8	46	41	41	34	27	29	7	37	46	15	16	9	19	15	19	17	11	21	18	27	29	11	45	12	19	25	14	28	8	46	31	4	41	37	46	28	13	30	11	13	32	1	48	26	36	5	43	38	16	10	0	42	49	41	34	25	34	33	18	16	11	2	34	38	47	9	41	20	21	12	24	28	6	6
24	15	30	26	42	23	11	33	25	43	33	17	14	18	7	28	12	37	44	29	50	41	14	45	5	28	34	37	42	21	33	23	30	24	6	27	15	50	15	44	50	39	15	8	16	22	10	46	2	3	15	11	18	29	20	36	2	32	33	15	42	17	36	19	13	44	15	14	40	40	16	11	8	45	17	22	13	0	27	12	2	9	28	18	18	39	47	13	31	19	30	7	44	6	17	44	38	17	10	39
44	19	4	46	29	23	12	41	31	15	44	41	23	20	38	22	10	36	24	45	17	3	21	6	47	32	9	41	44	6	49	16	5	25	14	43	37	42	46	16	8	5	38	23	3	35	17	2	12	6	17	11	13	42	41	21	37	41	2	49	20	50	23	45	25	32	15	9	47	31	2	3	21	22	26	44	14	24	0	2	34	41	27	6	50	37	30	24	39	49	27	28	8	22	39	5	39	13	45	1
44	33	44	46	36	49	23	35	35	3	33	45	41	3	29	17	38	31	20	50	21	18	21	34	10	3	17	44	34	29	49	38	23	15	13	19	3	27	17	30	48	42	3	4	24	25	15	2	28	13	13	4	50	47	15	1	19	9	14	28	38	29	20	46	11	14	29	36	28	22	40	32	27	36	36	14	2	30	38	0	34	33	40	33	24	15	32	34	35	38	49	5	44	35	42	45	13	46	27	31
15	48	43	30	38	13	21	25	17	43	16	35	16	10	49	25	31	5	33	46	41	19	48	10	49	30	16	22	3	12	22	8	9	32	26	46	45	48	41	16	9	23	12	1	26	26	28	34	41	21	23	47	28	46	19	16	42	2	1	40	10	43	36	45	6	20	4	11	22	36	41	31	35	29	45	10	37	25	15	41	0	12	9	28	14	28	36	48	50	49	15	40	49	11	18	29	30	35	28	43
36	36	27	28	23	20	5	20	47	17	24	32	25	37	6	1	6	37	2	26	14	27	38	13	5	5	17	44	20	9	19	46	13	20	49	6	36	18	50	20	14	24	18	8	38	28	48	6	7	10	3	22	5	31	10	3	17	39	11	5	26	14	8	24	8	30	11	9	25	25	21	23	2	3	38	48	28	3	29	48	10	0	40	50	30	19	11	37	45	41	17	7	13	32	15	13	45	31	24	3
19	32	3	26	16	3	34	36	49	1	42	3	39	29	39	35	27	34	21	7	43	23	32	45	3	14	23	8	16	21	18	7	36	39	24	45	11	31	13	35	38	27	23	23	2	38	44	42	27	35	38	32	28	34	10	1	42	38	4	19	18	37	21	47	16	40	35	41	48	50	25	11	9	23	34	47	10	30	22	20	11	20	0	12	37	36	21	50	13	30	1	39	40	27	13	49	43	17	8	42
22	13	20	43	22	26	8	4	1	16	49	13	47	35	40	12	37	50	15	6	22	7	15	33	39	17	12	10	25	3	14	49	18	17	23	48	24	28	25	44	41	40	30	38	6	48	31	43	18	11	25	3	49	7	48	11	43	30	38	30	22	38	27	30	35	12	27	36	30	20	27	28	20	23	9	32	37	14	33	3	30	29	39	0	32	43	31	38	6	37	40	37	31	36	42	3	44	18	12	7
8	12	19	7	34	30	50	27	16	44	41	16	23	30	29	24	47	32	28	3	9	27	16	17	23	41	27	22	33	11	15	47	42	11	48	38	36	48	43	25	42	29	12	11	16	37	29	24	2	20	16	45	25	21	11	38	33	9	13	19	15	44	7	1	42	24	39	34	3	22	43	32	4	1	26	1	2	17	16	8	2	12	8	22	0	35	26	15	10	9	9	45	47	16	47	18	37	40	18	22
18	50	47	23	37	12	2	41	32	16	42	38	18	32	5	15	10	4	10	39	48	42	46	36	12	34	42	11	22	1	44	6	16	6	31	34	23	3	44	31	46	4	32	42	15	49	26	19	32	9	37	16	23	18	21	12	33	30	26	32	48	47	46	27	14	27	5	46	49	38	37	10	47	11	38	12	1	45	11	30	42	20	38	35	8	0	1	50	45	20	28	42	36	10	19	29	12	6	29	36
6	29	5	1	30	48	13	45	42	28	17	47	47	17	15	47	20	37	33	17	9	26	19	6	40	34	18	16	14	10	37	24	29	39	49	40	7	12	23	17	48	5	27	19	20	29	28	19	1	1	18	35	38	50	27	44	43	18	39	23	38	23	22	13	50	37	34	26	3	49	50	29	9	26	33	50	2	50	41	32	6	19	7	27	20	37	0	39	6	34	28	26	32	46	45	15	18	6	16	29
45	5	28	6	1	39	4	43	34	35	47	4	25	30	10	39	28	19	23	24	35	1	5	43	34	47	20	13	20	20	18	2	37	44	8	49	12	47	9	5	40	22	4	44	32	46	33	48	8	13	38	1	31	22	25	32	39	18	4	49	2	20	12	16	18	18	2	8	11	48	13	16	43	10	9	39	42	43	2	7	19	12	20	16	8	1	47	0	46	7	42	46	25	11	4	27	4	28	32	15
11	15	40	14	9	14	46	15	30	21	15	44	12	19	12	1	6	33	10	36	7	38	25	10	25	29	5	34	34	34	37	46	36	25	40	36	48	25	20	39	23	3	49	25	19	33	7	31	41	19	43	13	24	47	43	50	8	35	25	43	9	44	16	23	49	19	17	37	40	1	13	27	33	11	43	1	13	6	43	18	33	3	5	50	18	46	7	41	0	50	25	28	28	21	16	46	33	44	12	28
32	13	29	32	3	36	29	11	5	28	46	19	45	28	17	8	5	50	48	29	3	17	49	4	5	19	26	9	30	45	43	12	22	18	38	2	20	35	48	41	5	24	23	12	2	18	9	6	36	25	45	39	43	4	46	38	42	43	18	10	15	24	36	8	2	42	32	22	30	5	39	3	17	33	45	26	49	3	44	11	36	37	38	7	37	36	47	23	41	0	35	29	29	36	39	39	40	12	10	15
22	6	6	24	50	17	36	46	2	42	28	44	40	11	3	42	31	12	34	37	15	23	4	28	34	20	24	15	8	31	44	16	2	19	15	9	23	50	44	35	34	18	30	25	18	10	45	13	26	32	33	20	42	35	23	5	26	9	32	44	4	12	18	37	49	50	4	41	33	8	36	18	25	29	29	23	16	5	33	15	12	12	35	15	6	13	36	25	3	39	0	36	1	5	38	49	23	49	27	2
23	21	24	37	28	43	25	8	38	13	18	34	18	9	1	6	7	31	43	21	38	41	34	39	5	45	43	8	13	7	41	38	32	39	2	33	2	30	8	5	14	24	32	16	39	22	35	12	29	36	15	41	20	1	45	7	8	17	46	19	9	6	48	48	35	33	46	40	38	48	17	42	48	10	15	39	45	7	49	41	7	35	38	23	23	39	24	49	7	34	36	0	10	29	6	3	21	42	45	23
7	14	50	46	48	35	37	29	42	31	41	6	14	44	29	33	17	16	41	7	12	42	33	37	47	23	11	6	46	20	3	12	38	25	20	12	21	35	31	41	23	15	38	21	18	38	2	2	11	33	29	16	6	2	11	48	2	45	19	14	29	23	7	28	36	33	37	4	49	22	2	29	43	12	44	24	45	37	8	29	50	7	39	3	1	8	15	26	19	34	32	23	0	27	33	35	16	27	22	25
18	18	8	47	15	25	5	1	48	15	34	7	3	29	2	12	9	12	35	37	35	6	37	16	35	23	32	25	35	3	5	41	2	15	29	35	18	11	31	45	22	20	5	16	24	40	40	47	49	1	23	13	7	24	41	39	9	4	24	47	27	25	35	39	48	14	9	23	39	4	19	4	42	2	9	33	40	9	49	15	7	22	10	5	45	6	10	21	37	22	37	2	5	0	44	43	17	19	8	15
22	12	22	12	30	39	43	23	12	30	35	17	46	4	5	45	28	23	17	13	7	34	47	4	8	14	4	44	18	14	42	10	33	28	16	24	32	46	16	7	44	50	22	48	9	40	9	16	39	18	15	20	33	27	34	22	5	3	31	27	10	31	5	10	9	44	1	44	1	10	36	46	28	10	3	44	14	44	10	16	13	7	4	17	13	33	33	34	37	16	12	31	4	24	0	14	42	20	25	14
42	8	32	15	37	17	14	25	1	50	13	10	19	9	31	2	41	33	33	46	10	1	46	12	29	29	22	3	6	31	11	27	23	24	45	13	24	8	3	5	3	19	1	42	6	45	13	3	25	10	9	5	11	2	2	6	11	6	43	42	8	35	18	38	5	40	8	13	32	26	30	9	27	30	19	2	3	5	26	10	21	23	49	25	33	10	49	1	37	37	25	6	26	28	15	0	12	19	21	17
9	8	16	22	37	45	7	4	12	39	20	48	39	16	47	12	25	14	23	9	9	13	45	27	15	27	12	31	32	2	46	13	40	43	15	35	1	50	45	32	42	41	11	12	4	29	9	10	20	50	24	37	21	31	37	11	23	22	1	50	19	26	14	1	18	48	11	14	49	9	8	36	8	19	41	29	16	25	47	33	44	39	32	1	35	25	49	1	46	32	22	23	21	25	27	46	0	27	38	48
2	3	4	36	5	33	32	37	30	47	35	3	43	41	37	41	15	32	21	33	10	8	29	24	14	48	12	38	49	50	6	2	13	8	32	35	5	37	14	21	23	43	1	44	30	50	43	13	43	28	12	2	25	49	46	22	32	32	32	31	33	47	32	46	43	44	45	43	46	12	17	32	17	27	12	7	20	29	35	17	30	27	37	41	47	8	6	20	26	19	5	21	47	11	23	30	20	0	37	32
45	19	29	36	39	14	14	33	44	1	17	28	45	49	3	35	23	13	6	35	10	28	5	2	21	28	19	25	22	27	33	28	12	37	29	12	9	19	45	25	25	50	41	6	30	15	28	14	7	5	13	16	44	44	13	32	2	48	27	26	22	18	40	43	40	42	15	47	4	29	32	40	45	47	40	48	37	24	11	21	9	17	1	23	21	45	37	41	8	7	14	36	25	18	31	40	33	39	0	10
8	14	16	9	43	7	29	32	25	2	9	19	2	23	37	47	39	30	40	26	35	24	4	29	39	29	42	12	37	11	22	9	29	18	26	30	21	7	50	42	24	48	39	7	50	44	15	15	4	1	10	9	8	40	43	49	48	25	38	46	41	22	4	34	48	22	10	15	23	43	27	43	30	33	26	1	46	20	49	39	18	44	13	28	36	20	8	48	20	41	9	47	16	8	45	8	32	50	1	0
27	37	46	15	29	17	3	13	8	32	46	48	45	34	4	2	26	25	47	11	3	41	33	18	3	30	16	25	33	7	16	30	2	13	35	10	36	30	1	8	22	3	37	44	23	18	25	30	7	14	8	10	17	14	27	39	41	44	36	45	39	35	10	35	35	23	15	6	44	43	48	28	11	6	28	2	8	38	50	2	19	50	25	36	24	48	30	7	5	13	44	48	37	42	1	45	43	32	6	48
0	39	41	43	47	24	32	40	1	34	43	38	39	43	7	36	32	40	29	38	13	14	36	12	31	40	9	4	36	13	47	24	49	5	42	8	31	3	47	15	17	29	23	42	39	9	35	23	34	11	26	38	15	45	41	44	23	40	43	1	24	7	39	29	13	6	40	16	44	11	47	44	10	39	46	6	16	3	2	45	50	36	18	20	32	40	19	14	24	47	31	37	38	16	41	23	30	9	2	15
47	0	41	42	50	4	24	13	31	47	11	8	26	44	31	11	9	15	2	39	48	39	19	14	49	42	38	49	34	20	16	13	27	33	40	38	37	31	42	29	34	20	42	9	30	30	11	46	47	18	42	41	44	45	30	16	39	46	10	49	11	13	31	22	4	45	11	3	46	39	5	29	47	15	13	13	47	10	24	13	48	38	14	1	5	20	12	47	30	14	46	12	19	24	49	2	48	49	7	6
16	16	0	49	47	14	32	40	29	9	20	21	24	36	27	5	47	26	4	40	49	29	48	16	13	44	47	47	26	34	39	46	26	9	40	20	47	29	46	10	46	23	24	26	26	23	43	12	21	34	3	9	10	33	7	2	45	17	38	15	9	2	44	22	46	42	21	33	30	44	38	21	26	31	12	9	39	37	40	34	9	13	22	43	8	18	38	50	1	30	13	23	47	23	39	25	41	42	40	13
1	17	14	0	28	28	1	4	38	20	42	7	33	3	3	3	20	20	7	8	45	49	29	16	23	9	12	24	38	33	42	49	37	1	45	5	27	39	13	15	14	15	28	7	39	16	32	4	12	11	41	7	12	47	17	39	1	30	39	33	14	17	8	22	48	40	29	5	47	15	37	18	40	38	21	8	45	36	17	7	7	21	47	45	3	44	27	31	5	21	25	2	41	30	44	26	32	27	47	47
33	48	17	44	0	26	2	30	46	29	38	20	44	49	30	27	7	3	20	7	1	39	27	12	15	8	3	26	39	16	39	50	39	35	45	46	16	41	41	41	13	5	41	48	50	25	32	27	29	36	6	13	13	32	28	11	35	20	26	27	13	45	9	38	23	34	21	16	16	4	21	14	8	4	23	29	2	20	1	37	45	30	27	12	19	12	29	44	13	23	30	25	19	13	44	45	20	4	24	4
5	37	17	34	38	0	8	10	48	32	37	10	48	50	38	18	8	34	4	8	49	50	3	10	39	15	14	27	16	9	49	38	5	19	1	36	22	18	40	25	8	43	22	12	35	47	42	36	50	1	20	9	12	5	39	14	4	19	23	16	6	34	40	31	10	8	28	37	21	23	1	41	26	44	39	35	21	6	29	22	2	16	13	2	5	42	46	12	29	47	43	3	21	14	10	13	44	44	38	35
36	15	34	45	42	13	0	39	25	3	23	39	48	37	29	36	48	49	40	44	31	16	45	25	20	42	20	39	39	4	31	32	15	19	41	34	45	22	1	42	36	5	50	14	37	33	34	26	12	19	20	46	3	16	12	1	36	23	30	7	12	39	31	49	18	21	20	20	34	35	7	35	12	10	14	2	18	26	7	9	14	33	12	15	47	2	31	45	3	44	12	39	40	28	28	39	11	25	39	27
25	4	8	43	45	30	16	0	10	27	45	31	22	24	22	16	46	50	41	47	24	4	3	32	34	19	17	19	44	18	1	26	43	27	27	49	25	14	42	13	22	22	31	25	2	47	30	16	29	44	46	32	41	23	13	11	28	48	47	48	9	42	10	36	27	50	19	48	38	50	6	39	20	40	41	41	32	32	31	42	22	2	30	33	5	18	21	13	45	2	33	5	29	40	5	40	39	41	24	46
47	7	32	42	35	12	20	49	0	29	39	47	32	28	27	45	12	50	12	33	35	30	29	46	48	33	47	11	14	48	38	25	14	4	25	3	24	8	16	12	41	40	21	14	20	26	31	48	40	5	24	26	36	35	16	6	30	4	44	36	6	35	13	37	34	46	6	4	37	42	16	5	7	49	16	11	13	8	6	47	3	12	32	14	26	16	45	32	47	12	48	42	32	15	1	12	34	10	44	30
24	29	4	40	43	27	37	36	50	0	5	31	41	47	26	17	36	42	47	5	35	33	21	3	7	34	15	8	41	41	39	44	13	34	29	8	3	5	3	9	13	34	16	28	3	48	39	12	30	12	9	7	42	1	6	35	20	15	36	15	40	8	6	38	14	11	38	1	47	48	8	29	15	36	34	38	48	12	38	50	40	31	14	3	6	25	16	28	10	17	36	17	35	26	6	50	15	31	44	2
32	28	2	10	37	42	33	33	17	41	0	28	28	24	40	2	27	29	27	11	14	24	17	14	43	17	2	40	50	42	48	9	43	45	48	11	40	41	21	39	26	20	35	1	12	2	41	19	21	30	6	44	23	49	18	4	5	1	31	49	36	44	4	33	45	19	7	10	27	24	22	12	46	19	46	25	3	11	10	34	43	45	48	31	31	26	43	36	27	29	8	21	17	23	31	43	28	49	44	35
1	22	1	19	33	31	38	3	32	8	32	0	11	47	49	6	47	46	19	20	48	40	34	3	37	46	11	16	42	40	26	48	46	35	6	15	5	2	18	44	22	44	14	16	19	40	33	32	46	29	3	40	8	25	31	1	8	29	34	24	19	24	39	1	2	3	32	5	49	11	2	26	2	29	7	16	3	29	2	13	14	22	2	41	10	43	38	22	9	19	40	41	45	43	19	5	26	44	45	18
16	15	33	9	6	23	39	48	8	31	22	41	0	50	41	29	9	30	44	17	31	46	32	7	22	1	26	46	8	19	45	44	23	11	27	21	26	20	14	11	14	9	27	41	19	42	5	47	24	22	11	47	46	41	13	18	39	15	20	19	47	4	12	29	23	3	1	11	6	6	39	50	16	16	30	26	2	25	34	11	40	44	11	47	43	32	7	37	48	17	7	18	4	25	14	13	14	23	21	10
24	7	10	48	43	1	31	9	20	3	22	47	13	0	5	12	34	16	48	41	6	25	8	19	16	40	31	7	39	23	50	6	28	5	34	3	10	20	8	36	41	29	38	8	16	36	22	48	4	19	41	50	42	17	9	40	7	16	9	35	38	48	22	9	39	5	32	41	39	7	9	21	37	27	41	8	43	9	31	20	39	23	39	41	34	35	49	46	27	12	42	1	30	5	33	29	43	35	16	16
35	31	28	27	6	40	33	15	27	33	9	3	43	38	0	50	16	7	45	34	27	32	42	31	1	28	30	17	38	13	40	9	16	47	6	37	39	19	43	43	43	38	20	13	26	23	28	13	32	39	31	43	31	3	39	49	4	1	4	41	11	15	1	43	11	13	29	40	28	27	19	18	48	26	32	25	43	25	32	50	12	46	8	43	12	2	1	13	27	26	48	33	7	49	11	47	21	22	30	32
17	49	19	13	11	42	1	19	9	24	24	31	16	21	15	0	7	28	21	25	22	1	3	50	32	6	48	45	7	43	4	5	1	14	42	45	33	42	48	21	23	4	23	36	24	11	42	12	25	3	41	15	16	2	9	22	39	40	36	9	24	35	46	11	13	38	22	50	48	15	7	2	16	46	3	28	11	39	9	26	2	27	1	44	42	34	32	17	43	5	45	3	33	23	48	17	9	16	34	11
35	4	33	25	9	34	11	42	49	1	41	43	2	35	8	42	0	37	17	6	46	27	24	31	47	30	2	4	42	39	17	27	11	17	19	31	41	37	40	24	14	11	50	50	39	42	5	20	37	7	48	44	24	37	22	5	39	13	2	8	37	19	14	36	16	22	14	10	31	10	19	23	5	12	45	30	47	20	22	25	7	5	27	6	35	48	29	40	28	28	27	24	22	22	9	39	49	18	15	23
15	13	9	32	15	34	39	36	11	4	24	34	16	43	14	3	43	0	7	44	9	43	11	39	2	38	1	36	42	45	34	19	25	41	16	26	35	9	13	47	48	11	24	16	3	41	42	46	44	10	3	22	18	35	3	33	25	36	42	27	39	30	28	26	33	19	20	7	14	31	40	30	18	47	4	20	2	17	9	38	33	12	35	1	17	32	34	19	41	47	20	37	35	3	14	7	26	26	17	24
24	15	46	41	12	7	6	41	31	22	39	32	3	15	25	28	26	18	0	9	22	20	35	3	7	7	41	26	47	32	46	21	14	4	15	35	43	18	14	32	8	9	26	5	37	29	38	21	3	32	44	42	4	43	32	48	35	14	40	17	23	20	40	27	19	32	38	38	3	34	26	50	16	3	41	46	3	21	43	6	27	20	8	33	29	43	8	45	38	13	5	18	2	17	1	49	23	37	29	32
34	39	4	26	25	22	37	44	21	17	10	41	14	32	25	24	34	23	19	0	15	26	11	6	39	30	24	27	26	3	15	37	14	18	50	31	13	25	41	50	48	50	20	40	37	48	44	49	49	4	46	31	21	36	5	40	29	20	2	49	10	46	49	20	21	33	7	31	44	39	22	2	4	1	3	28	49	37	6	47	15	49	33	44	29	35	46	23	22	22	46	34	6	18	30	34	44	19	9	35
2	6	25	20	35	32	42	33	22	30	41	22	22	40	31	30	50	31	23	41	0	15	19	49	25	39	3	25	41	11	29	18	45	20	31	27	37	7	40	15	2	44	41	11	29	2	6	6	44	45	20	45	32	4	41	40	40	3	15	9	25	41	6	24	8	11	46	33	43	32	31	22	29	17	19	22	27	40	33	44	42	30	27	10	7	32	14	26	35	18	14	41	46	2	45	22	37	39	43	48
23	37	6	9	22	13	27	31	18	20	8	47	18	47	49	2	6	6	38	9	39	0	24	13	15	2	5	24	30	28	39	27	41	7	25	33	30	30	25	20	10	24	30	36	3	14	2	20	22	30	17	2	4	26	45	17	50	34	33	40	12	44	27	27	36	40	19	29	1	25	25	46	5	6	23	11	15	7	40	10	30	50	6	48	9	6	26	8	23	16	31	29	36	8	23	33	34	25	43	31
36	43	34	36	35	34	16	6	49	18	34	32	31	17	44	7	30	39	31	29	24	23	0	24	5	19	46	44	30	17	40	1	14	3	24	48	22	21	1	15	45	3	28	30	32	22	38	20	21	35	39	1	48	37	20	44	37	7	30	16	16	23	5	6	40	28	49	39	40	48	46	20	5	2	5	35	50	23	48	34	26	8	14	23	40	13	13	18	25	21	17	17	43	19	7	12	43	16	11	40
28	18	44	7	19	32	29	2	23	7	2	35	35	26	16	34	4	21	10	45	13	38	17	0	30	28	9	35	43	35	9	48	29	45	39	17	31	12	6	45	42	6	40	7	5	30	3	31	48	29	35	27	49	13	47	31	23	42	37	18	31	5	23	10	24	20	11	18	29	19	27	22	3	7	3	21	25	49	3	6	38	46	20	18	46	2	36	39	23	44	38	21	50	25	26	43	27	10	46	20
44	50	23	17	49	30	13	5	3	35	10	13	17	20	45	48	45	8	45	38	32	39	6	49	0	3	18	36	26	50	9	45	27	25	45	33	14	4	8	50	41	9	3	27	2	17	50	16	9	6	46	16	8	35	26	43	2	31	14	48	17	7	14	31	11	22	46	16	11	18	43	8	40	22	43	46	4	42	26	14	42	46	47	13	11	37	44	50	36	23	26	32	20	2	34	34	21	39	29	24
18	31	49	27	26	7	44	34	34	43	33	32	18	35	42	34	23	17	23	37	26	45	5	16	39	0	14	42	47	48	28	23	26	22	31	42	37	1	17	13	3	39	50	1	33	41	40	2	43	10	30	30	46	31	3	44	34	50	34	18	18	11	23	10	40	46	17	12	31	12	23	17	26	29	31	3	19	39	45	15	33	47	46	27	10	21	8	29	14	37	38	3	45	32	5	11	31	14	45	16
41	43	11	49	48	34	10	6	47	8	24	6	32	20	34	10	35	43	23	45	8	41	24	41	24	49	0	22	45	4	50	32	20	26	6	15	10	10	24	8	43	21	29	45	2	29	41	11	47	24	44	2	2	35	42	14	41	47	17	37	48	25	41	37	32	32	49	28	47	38	7	29	21	2	26	23	39	15	14	18	16	28	35	18	19	4	13	50	9	19	27	15	23	23	24	30	16	47	48	43
4	47	17	13	42	5	3	45	28	30	18	8	43	9	9	3	47	14	30	39	15	29	6	42	43	12	33	0	22	8	9	47	44	6	12	1	1	41	43	16	47	2	44	20	4	10	22	3	50	39	6	45	22	20	7	12	36	48	50	50	29	38	23	1	18	20	47	28	48	48	21	33	41	12	50	50	39	8	47	33	27	20	17	33	3	27	6	2	48	46	6	36	6	11	46	34	34	20	31	1
43	48	42	22	12	4	19	11	43	30	19	3	16	18	50	49	44	10	21	7	5	22	7	44	12	23	48	16	0	50	49	25	22	32	25	15	20	1	14	45	19	2	49	25	1	42	27	22	29	40	2	40	23	5	30	26	39	33	30	12	26	29	7	6	19	43	40	13	31	16	40	28	22	31	41	32	13	29	33	47	9	9	31	33	24	44	42	19	20	44	7	36	39	38	18	22	22	22	28	35
17	16	15	16	12	31	41	26	12	16	50	48	44	25	25	45	50	28	50	17	19	4	28	22	23	24	36	2	30	0	22	2	4	43	38	9	30	46	34	29	7	44	26	48	27	17	24	19	43	45	6	13	47	47	36	1	32	7	17	32	15	31	2	42	3	41	1	18	14	8	13	36	40	4	7	16	12	32	31	2	49	35	34	28	43	40	5	39	10	12	2	5	34	45	12	30	28	26	20	6
46	26	32	8	8	12	18	2	18	14	48	47	42	32	38	48	2	6	28	13	27	10	28	30	2	3	26	16	37	27	0	5	48	42	36	3	36	43	4	42	8	22	47	45	39	18	49	30	47	7	22	29	5	13	24	28	11	25	6	7	49	43	27	21	48	19	33	15	48	35	29	3	41	17	25	14	44	29	29	9	31	18	17	23	31	9	1	10	50	16	28	48	12	33	14	3	38	18	22	16
13	12	13	47	36	41	43	40	8	30	12	47	25	6	26	24	18	8	4	39	4	34	35	50	13	50	13	47	21	15	35	0	26	24	12	49	1	24	7	23	16	13	16	41	38	33	13	6	23	43	14	31	10	44	8	39	19	42	22	48	48	44	20	47	28	10	29	5	10	4	43	16	47	17	29	26	33	48	15	11	23	42	37	25	22	29	33	3	48	5	43	34	39	24	20	49	5	24	16	3
5	19	34	45	29	40	20	3	36	37	23	16	49	45	25	38	14	27	36	1	5	4	33	3	45	8	39	42	34	14	7	14	0	16	12	10	27	5	48	3	35	43	37	24	10	21	47	42	43	20	2	7	41	30	7	31	28	15	28	15	36	2	28	45	39	9	30	39	46	37	29	29	48	5	8	34	20	22	46	43	43	15	33	41	39	30	31	35	12	7	32	23	42	50	1	43	1	45	49	17
5	44	22	50	33	14	45	15	3	31	41	21	30	42	16	32	50	39	34	35	11	28	9	28	48	41	35	48	29	21	4	5	34	0	34	37	9	15	21	6	2	36	47	50	35	37	43	19	12	44	30	13	16	45	32	42	10	35	39	1	41	10	17	30	33	14	7	11	12	18	29	50	32	7	9	3	5	36	4	50	16	16	31	36	41	16	28	50	41	6	14	11	5	4	38	1	4	43	1	39
15	22	28	24	4	48	45	50	10	14	11	15	17	30	17	26	36	32	38	41	15	10	29	34	28	8	48	25	44	4	3	45	22	26	0	11	48	31	4	47	1	31	42	22	36	34	14	49	40	2	30	33	6	44	14	40	45	18	29	41	4	2	45	19	35	5	12	8	9	47	11	35	44	18	4	10	29	23	9	23	38	42	7	31	38	9	46	22	17	42	11	27	8	40	15	18	24	43	42	42
27	18	13	17	31	22	26	18	46	27	48	42	7	49	14	26	36	27	23	3	40	2	8	7	7	11	44	34	28	23	9	50	32	38	22	0	26	29	47	40	31	41	16	41	44	5	50	47	15	5	16	18	14	32	4	26	1	30	46	30	17	49	7	3	49	40	1	42	42	31	31	8	21	6	9	11	31	7	2	43	31	33	6	4	15	44	39	20	4	6	32	13	40	16	8	32	46	31	4	4
13	8	47	19	17	50	12	1	14	20	2	40	15	47	38	24	15	41	18	44	7	44	11	16	45	8	8	35	45	17	35	4	8	6	39	30	0	20	42	33	48	48	20	15	40	20	16	8	35	46	1	41	35	20	22	5	27	5	7	31	3	47	39	44	30	19	34	24	47	39	14	25	15	32	37	2	24	33	43	30	48	3	31	24	20	49	29	14	8	34	33	33	25	37	12	48	29	5	43	38
28	10	4	25	15	26	32	20	29	1	42	18	19	27	13	17	42	12	42	39	2	27	39	32	23	30	23	50	1	27	14	14	19	23	7	15	31	0	1	25	44	17	20	25	9	16	48	9	30	4	8	50	13	32	38	32	46	48	25	37	21	7	25	6	12	3	44	49	5	40	49	48	15	45	34	33	26	10	35	18	34	21	44	18	2	4	9	13	4	39	22	16	9	18	35	23	22	2	45	27
32	14	40	12	36	40	26	47	28	6	7	30	18	1	8	10	41	23	9	43	48	5	39	34	40	44	44	45	16	50	24	43	47	14	38	39	1	37	0	44	5	49	4	19	3	15	42	32	49	11	3	26	38	3	35	43	49	4	7	7	43	45	41	38	22	5	27	32	17	43	45	29	36	7	3	34	25	45	47	49	22	37	46	49	3	19	21	22	21	17	36	29	6	43	26	29	18	33	26	7
35	18	21	14	21	18	14	42	45	27	39	21	19	16	36	44	38	24	45	50	40	30	17	34	39	42	28	47	22	1	22	18	16	28	40	39	50	14	36	0	27	32	29	30	42	2	44	23	44	32	8	27	30	33	16	26	44	46	35	2	32	28	32	31	8	3	7	19	27	4	27	48	4	34	27	27	18	50	18	18	46	47	32	19	48	42	42	2	43	20	1	6	19	35	33	8	40	24	38	39
24	5	22	30	42	15	46	8	49	39	27	34	5	2	48	25	25	27	7	3	49	6	22	18	50	47	21	43	14	47	22	28	28	42	8	22	2	11	38	43	0	43	17	3	30	50	31	43	46	3	31	10	4	43	4	1	18	2	48	18	20	14	17	38	22	13	7	21	24	14	13	21	8	19	44	20	11	32	3	41	12	19	25	38	44	48	35	29	42	7	29	25	7	47	12	27	13	4	47	4
15	16	21	42	15	44	42	23	13	27	29	5	13	6	38	50	5	25	38	37	41	14	49	21	26	16	46	32	36	4	24	50	15	4	33	27	30	46	16	15	2	0	20	44	19	21	47	18	1	12	26	19	9	2	6	36	24	18	47	5	7	45	49	26	3	13	44	13	6	29	29	49	46	30	18	19	38	26	19	8	46	2	36	27	24	8	28	6	20	48	30	6	12	37	2	3	9	10	18	30
15	30	8	10	7	33	49	37	36	34	20	35	43	37	31	36	48	30	35	11	42	39	25	36	11	42	1	12	21	3	19	10	31	1	45	9	46	32	22	40	8	26	0	17	22	38	50	15	12	28	43	48	1	33	15	30	27	2	17	37	3	35	9	32	5	8	25	5	48	13	39	13	29	27	4	2	9	20	14	6	38	48	28	24	8	45	1	17	32	11	9	33	31	37	46	36	40	20	24	42
38	39	38	27	39	18	17	49	47	30	29	6	16	33	34	36	36	31	6	28	20	29	40	3	30	39	21	27	21	8	20	11	19	37	40	30	36	22	8	26	5	9	46	0	48	25	33	32	14	5	20	25	37	35	6	49	21	18	24	26	49	7	27	45	45	39	33	46	24	19	3	6	18	13	36	44	36	15	38	3	5	31	50	2	43	17	17	20	45	2	20	37	1	25	30	33	34	29	5	24
23	48	7	38	5	37	47	12	44	7	50	19	40	6	45	10	12	41	35	15	48	37	28	45	11	23	13	25	19	6	49	17	7	28	36	13	41	46	50	37	36	13	27	25	0	28	30	36	8	24	24	48	15	40	16	24	48	7	43	23	33	20	1	34	23	4	18	32	13	33	32	45	4	38	40	36	8	33	23	50	18	46	31	12	17	7	25	47	41	41	10	36	27	4	15	16	5	4	3	33
18	46	2	14	11	14	19	15	45	28	50	1	7	22	29	38	22	23	33	26	39	13	20	7	5	11	30	40	16	7	22	25	19	48	17	3	23	41	11	10	31	12	46	24	44	0	16	47	50	21	43	29	13	39	47	3	50	22	47	24	15	12	43	1	43	3	40	36	14	13	43	28	23	5	32	32	2	43	47	46	26	24	9	40	49	26	21	9	37	4	49	23	44	14	43	42	7	13	30	6
48	27	39	1	27	49	3	38	43	2	23	43	46	39	47	34	36	10	20	29	19	17	50	3	14	25	30	24	26	12	21	9	33	27	13	4	10	35	4	42	38	38	1	24	10	22	0	16	41	26	48	27	16	30	31	34	27	48	14	46	15	13	7	32	48	15	19	45	2	24	12	24	35	40	49	5	16	11	37	36	36	4	4	47	8	19	16	1	7	21	48	38	17	43	45	27	27	8	42	23
40	33	35	49	16	33	16	43	25	48	20	44	24	10	49	9	32	2	40	45	34	12	23	49	9	48	18	2	41	10	37	6	32	39	49	17	45	41	47	3	1	2	37	29	46	18	15	0	41	19	40	10	17	32	4	27	25	4	47	6	18	9	38	23	49	46	11	27	14	21	27	24	50	12	31	19	4	39	38	34	2	48	11	37	50	49	44	28	19	8	32	46	26	16	13	47	48	5	2	31
9	9	46	7	10	21	12	49	46	15	41	5	30	2	42	14	22	4	2	9	45	2	36	49	42	17	45	40	11	40	43	23	32	22	33	8	29	42	25	19	28	9	26	15	16	13	25	21	0	2	39	28	44	5	9	47	41	19	46	42	7	10	8	33	14	20	39	50	6	31	32	20	27	44	28	50	46	44	19	45	25	47	50	33	50	37	12	28	24	29	32	43	42	35	29	48	29	28	10	18
11	15	11	43	37	49	48	10	13	35	46	10	7	13	42	19	34	47	48	17	39	8	32	19	47	34	43	28	22	12	41	48	49	8	34	10	19	4	35	25	12	33	48	16	14	50	4	14	24	0	44	30	25	28	16	1	9	16	43	5	21	20	46	29	36	30	44	1	4	26	12	7	36	35	38	1	32	1	5	17	17	14	37	27	27	18	3	8	1	45	22	10	8	34	4	42	17	21	45	30
4	46	6	26	44	34	39	30	10	34	12	10	20	20	32	35	7	16	14	25	43	7	11	40	40	32	5	41	33	14	10	23	47	33	17	19	30	6	4	36	27	34	14	10	29	43	45	21	30	49	0	13	9	38	48	1	9	27	21	13	2	27	30	11	45	42	16	13	48	32	28	3	48	2	31	49	30	7	13	21	47	37	5	44	24	36	4	15	3	37	29	11	9	26	18	19	42	37	39	12
8	28	17	46	33	33	19	39	33	40	7	16	47	37	4	33	36	27	30	24	15	9	23	17	15	12	21	28	31	45	33	2	29	16	47	47	9	47	20	5	36	25	26	40	12	16	7	45	30	31	29	0	15	32	22	48	40	2	49	49	30	26	14	3	49	16	14	5	29	37	21	24	18	42	21	6	30	3	25	1	22	41	26	43	45	31	2	8	41	23	23	36	3	48	14	14	20	8	37	35
13	1	29	12	19	11	11	29	7	46	26	35	44	24	43	36	7	19	36	49	8	39	22	8	30	45	17	8	43	48	20	24	1	28	3	50	31	2	41	36	27	46	46	22	21	49	40	20	44	27	30	10	0	32	8	12	38	26	9	47	28	41	20	44	40	30	44	22	41	49	1	3	43	17	45	18	12	18	3	3	17	34	47	47	4	2	25	32	31	8	22	10	9	16	33	33	20	11	45	36
25	9	46	20	50	35	3	16	50	40	6	49	7	19	41	25	48	26	12	16	4	29	17	31	18	4	39	1	8	6	18	2	9	42	36	30	47	21	29	38	36	13	16	24	27	20	9	39	37	12	3	30	2	0	15	45	50	9	13	33	6	16	26	24	42	23	36	19	6	27	42	13	40	49	44	1	31	8	37	14	44	11	31	46	34	18	46	12	4	12	32	18	16	3	35	34	36	47	9	1
48	27	42	33	20	26	9	10	15	29	1	37	12	27	45	15	23	35	12	8	19	16	47	15	41	9	28	44	25	28	20	12	38	9	8	25	8	34	26	40	9	24	26	20	7	39	14	1	36	15	6	46	34	16	0	14	35	5	36	16	14	11	12	20	43	44	22	38	43	20	20	41	46	29	36	12	34	16	6	3	4	32	33	26	42	25	36	10	45	9	3	6	42	2	21	44	47	11	4	10
45	43	29	2	7	45	15	28	49	8	9	30	43	10	44	44	15	34	46	15	11	5	22	43	16	15	22	15	12	33	26	39	47	5	21	12	16	42	38	7	3	23	12	32	48	35	6	39	47	24	37	8	10	23	16	0	6	38	6	40	43	39	30	44	21	19	34	21	36	7	23	22	9	42	45	25	6	27	37	41	23	43	40	31	49	4	11	35	11	10	9	5	17	7	45	18	19	40	13	46
43	47	8	41	3	15	16	37	25	11	21	9	3	16	16	50	12	2	13	11	40	25	48	36	7	14	10	1	46	8	42	40	43	16	24	22	23	30	8	22	24	26	44	15	43	46	35	17	24	7	45	43	3	12	39	35	0	37	3	45	25	27	11	23	28	38	5	15	47	47	1	25	23	31	44	33	32	4	36	30	29	14	4	46	35	13	48	46	20	4	17	49	22	24	47	10	38	26	20	33
45	32	41	20	9	45	47	9	14	15	44	46	1	6	43	22	37	9	37	5	16	24	3	23	33	18	1	43	31	46	50	38	38	6	2	5	50	29	8	18	37	8	33	5	13	15	34	15	9	2	2	45	41	25	34	9	34	0	21	31	35	22	35	43	46	1	45	34	47	31	43	46	43	4	34	38	24	46	6	39	7	35	38	14	49	45	12	47	34	32	17	20	32	30	1	2	9	22	24	12
5	8	23	12	36	28	31	45	31	29	7	26	11	5	21	8	20	5	22	41	7	35	12	22	47	48	20	8	23	48	6	21	40	38	1	31	5	24	16	37	11	45	44	9	27	37	15	40	6	41	10	13	22	36	16	21	36	11	0	35	25	27	20	29	1	32	20	40	46	35	40	37	48	19	32	23	24	2	48	47	26	31	42	3	19	31	41	50	46	22	28	10	17	11	27	32	4	23	20	28
20	27	30	29	46	47	42	21	29	1	37	24	6	1	35	27	2	2	28	12	38	42	25	27	32	31	1	50	40	32	15	5	50	17	3	26	47	33	30	28	26	42	19	21	20	38	47	3	47	6	22	41	23	13	36	31	41	6	11	0	18	36	13	40	1	21	42	48	32	45	6	3	47	30	25	25	3	35	42	7	35	49	35	22	2	36	22	26	6	1	50	30	7	42	23	42	44	12	37	25
25	27	8	4	8	3	13	35	33	44	49	44	34	32	39	34	37	10	42	18	10	48	44	28	49	35	17	2	37	8	4	8	50	43	45	27	48	8	24	14	47	43	43	25	20	33	32	45	7	10	24	18	28	5	36	28	13	8	19	41	0	15	14	24	42	34	3	4	44	10	18	15	1	21	10	6	30	40	26	28	40	2	8	37	33	22	41	9	13	31	7	2	50	4	23	13	13	3	49	36
22	14	26	48	17	37	45	7	42	19	48	19	39	12	13	10	1	1	44	33	29	35	14	17	31	14	13	21	48	50	1	1	20	2	47	44	38	14	13	40	24	1	4	14	3	32	46	9	50	50	26	6	45	37	27	49	42	14	5	46	29	0	27	12	2	18	37	42	21	41	20	33	7	27	45	12	27	14	39	7	20	13	4	42	44	49	31	11	38	9	13	37	16	34	20	41	26	19	5	30
31	29	41	27	12	33	21	23	48	6	11	23	39	38	2	34	35	2	30	4	35	46	27	34	27	39	45	23	42	6	7	42	2	7	49	46	13	33	19	17	10	34	23	48	29	50	35	12	13	38	16	11	27	40	49	44	3	36	46	12	18	38	0	17	35	25	16	30	49	9	41	3	31	24	9	43	44	35	16	33	9	13	33	32	3	31	46	45	13	9	21	22	28	5	28	41	1	37	32	40
36	47	39	2	2	22	20	15	25	42	9	47	8	42	48	49	34	10	22	12	29	38	10	34	31	26	4	1	47	12	40	2	22	25	23	35	28	44	17	2	12	25	33	9	33	10	19	15	6	14	43	22	43	37	9	46	3	26	39	22	2	36	27	0	19	39	20	7	2	12	4	24	17	12	36	13	25	30	7	34	27	24	29	26	46	35	49	41	20	6	48	27	17	10	50	31	6	4	46	32
26	8	7	33	1	7	46	21	45	34	29	4	33	47	8	30	1	48	6	48	27	43	25	2	35	13	10	23	47	8	43	49	29	46	19	40	21	8	43	41	15	16	20	31	38	46	23	43	25	8	25	10	19	2	50	50	29	14	4	23	27	49	7	30	0	36	10	27	28	46	24	42	12	20	42	9	30	48	34	9	2	36	10	31	34	7	3	29	31	6	5	1	6	4	9	15	13	19	25	4
14	32	14	40	6	46	7	32	5	8	6	15	49	6	47	7	37	15	34	47	35	39	35	2	34	12	12	30	4	1	47	19	13	1	2	15	16	1	40	41	36	42	10	33	2	1	40	21	48	49	1	48	18	41	20	50	18	37	46	30	44	25	37	23	30	0	31	46	15	28	46	45	34	3	39	37	36	2	31	48	28	49	4	2	2	14	25	4	13	42	26	25	13	23	25	22	28	1	14	45
35	39	49	18	7	29	36	11	44	30	19	29	14	8	39	31	8	40	28	22	2	29	24	24	7	5	26	4	2	43	43	7	6	30	31	24	7	3	4	5	44	9	50	26	4	50	35	10	28	39	46	46	44	10	24	15	12	14	20	19	33	6	33	18	4	21	0	8	33	6	48	35	9	20	19	34	19	40	1	17	50	9	33	6	23	9	30	43	45	8	18	7	39	21	42	9	19	15	7	50
22	9	46	5	50	39	39	50	28	19	20	35	49	46	41	16	22	49	21	28	48	3	17	40	5	33	30	13	9	15	17	33	41	12	46	29	22	9	45	2	37	47	6	14	50	30	22	29	22	19	21	12	10	37	48	45	43	15	26	48	3	39	47	1	17	7	35	0	23	2	19	42	13	48	10	9	45	29	25	50	49	3	3	17	41	48	38	31	14	26	47	29	4	42	14	23	9	44	25	28
39	39	23	42	24	42	17	28	46	46	18	44	29	45	13	43	8	8	16	17	32	45	11	20	2	30	30	14	29	32	42	38	2	41	11	24	47	9	47	31	10	10	18	1	6	30	33	7	3	28	14	5	42	36	46	44	22	11	24	7	27	30	30	20	33	9	47	45	0	19	4	24	35	37	21	30	39	34	9	47	19	9	12	41	47	35	2	13	20	12	37	2	36	6	43	28	35	28	50	32
45	39	42	6	41	11	21	35	8	14	35	26	50	6	1	2	16	21	47	5	47	5	38	8	28	47	1	44	14	48	34	21	32	49	9	29	26	47	22	30	18	39	19	49	6	7	46	50	15	40	5	4	19	39	25	8	40	31	38	3	45	38	36	5	41	48	24	32	9	0	43	35	16	16	16	2	17	39	48	10	49	39	37	50	33	30	43	17	16	38	9	47	43	26	16	44	33	50	18	37
21	26	7	40	47	41	6	14	9	39	31	7	48	28	25	45	4	36	42	17	20	37	9	21	32	20	25	31	27	37	4	3	14	1	27	32	16	16	30	47	13	33	35	17	48	9	42	49	16	36	34	16	21	26	33	35	48	10	25	6	8	34	8	30	25	31	35	26	7	12	0	32	30	31	24	50	22	40	26	3	43	6	26	37	41	47	44	24	25	36	34	17	3	45	18	47	23	33	13	1
6	5	37	33	41	6	15	25	17	10	45	48	50	49	4	26	26	42	29	39	18	4	7	29	1	46	23	19	31	2	40	5	22	50	5	49	32	11	50	4	43	14	37	31	50	17	5	4	9	26	41	33	26	18	42	6	28	50	28	9	45	32	42	4	38	5	31	36	30	50	25	0	30	33	24	25	5	39	25	5	42	37	4	40	25	29	16	21	37	12	43	46	46	32	9	19	40	14	16	16
5	9	34	26	29	42	4	38	47	21	4	50	1	3	32	39	16	36	6	31	44	13	30	1	45	34	48	27	46	6	40	3	21	14	46	17	40	19	9	14	50	32	46	39	25	29	38	50	36	14	23	50	16	38	18	44	43	47	14	41	34	5	47	13	31	46	32	26	20	39	17	23	0	10	27	22	9	5	44	23	37	39	8	19	21	12	24	29	22	31	27	11	33	19	26	27	44	28	39	25
23	36	2	2	11	40	37	41	27	4	7	41	38	6	15	2	12	18	50	42	43	28	40	44	32	28	27	44	43	13	26	2	37	32	44	29	31	7	8	30	2	15	4	15	18	14	13	19	9	44	2	31	32	1	27	32	39	24	18	32	36	30	12	37	25	47	25	38	49	1	26	30	21	0	13	4	24	9	19	32	20	9	50	12	11	28	35	50	49	25	26	42	10	11	46	29	1	40	8	6
34	23	15	8	46	40	4	7	44	11	7	47	18	48	18	47	2	24	30	31	16	44	25	39	45	15	17	49	50	34	37	9	18	20	37	24	24	40	22	30	36	42	22	6	29	30	4	6	1	41	5	29	21	26	1	17	8	30	24	25	45	22	6	9	20	25	41	35	45	43	25	15	19	48	0	12	27	17	26	29	33	6	2	13	39	46	21	48	43	46	14	45	45	38	49	48	33	14	8	29
30	42	41	7	39	7	34	19	31	21	33	6	35	15	31	19	40	23	39	27	17	25	3	26	21	27	17	47	1	20	24	46	37	13	3	49	6	6	26	12	45	5	50	37	24	32	3	21	13	31	28	21	14	12	9	9	34	8	6	11	12	23	24	16	9	5	25	5	12	48	30	31	7	41	39	0	18	29	47	36	10	37	4	46	10	50	28	20	43	30	32	21	50	11	21	12	14	45	37	28
43	44	10	48	34	21	27	33	30	1	19	8	40	23	16	39	3	48	39	49	37	31	6	18	42	13	45	22	47	6	6	42	5	24	16	49	29	1	1	35	7	44	11	2	25	47	1	2	3	3	35	21	10	27	24	26	3	38	41	15	42	16	10	25	27	45	34	21	50	42	21	1	27	40	33	5	0	9	7	44	20	31	39	16	21	24	48	40	27	26	45	24	37	38	1	47	44	21	21	44
10	19	50	16	43	22	10	26	46	28	39	34	21	35	37	37	43	14	31	13	17	35	29	26	7	5	6	4	34	37	43	23	37	15	23	26	14	37	40	17	24	29	3	30	47	20	8	49	20	14	35	4	21	5	37	17	28	50	31	11	13	22	33	23	39	19	32	9	12	48	24	20	17	32	2	25	4	0	10	14	22	29	26	48	14	27	43	21	13	5	40	42	48	17	36	40	31	39	44	33
28	2	49	16	22	39	47	48	26	26	33	47	22	22	12	10	42	35	34	45	6	13	3	40	11	4	17	26	10	26	24	28	29	46	4	36	24	2	4	7	18	44	8	21	26	1	33	12	27	24	44	30	36	46	1	33	46	8	39	24	50	5	16	11	38	19	46	29	5	41	24	49	37	41	8	42	42	18	0	21	46	15	31	36	42	37	38	12	33	42	24	16	5	31	35	39	27	36	6	12
31	33	34	2	24	1	41	29	30	44	17	33	45	28	29	17	4	8	46	5	49	3	5	37	15	38	1	6	9	31	4	35	6	23	8	47	43	9	23	4	31	30	25	44	37	34	29	1	49	34	9	49	24	8	25	33	27	33	16	43	21	14	26	11	44	39	39	33	4	2	5	41	23	24	40	12	49	49	20	0	36	35	12	12	49	48	27	32	50	28	18	39	9	46	4	18	29	18	37	45
21	2	3	15	25	50	40	12	23	5	2	46	29	27	5	2	12	22	13	11	34	9	32	9	34	35	45	31	31	27	10	14	23	45	39	26	36	27	47	29	25	14	10	9	15	12	6	8	44	41	40	46	17	27	14	10	13	9	25	20	42	22	29	47	46	46	5	43	33	42	50	4	25	13	5	14	20	46	16	48	0	34	5	41	27	40	3	41	10	28	7	19	11	16	31	38	50	14	46	23
22	47	29	2	10	8	15	50	8	40	30	33	13	8	33	46	23	14	22	38	46	50	20	23	43	42	33	44	6	43	16	18	36	10	1	39	27	37	12	2	36	39	2	36	43	26	17	1	3	7	40	39	42	15	47	1	24	41	45	21	41	11	46	41	12	12	44	19	40	12	15	24	13	42	8	2	37	15	24	31	48	0	15	49	28	38	11	34	29	40	29	33	44	46	47	26	34	41	16	6
17	21	40	36	44	46	42	40	43	39	24	40	6	46	15	42	45	22	19	40	1	49	11	23	32	2	5	28	25	34	36	32	20	47	16	41	50	44	35	36	4	31	34	22	33	29	5	27	7	42	26	18	42	14	41	34	45	47	32	37	37	27	26	49	26	21	4	2	11	11	19	29	27	34	23	14	7	18	49	5	16	24	0	9	50	44	35	34	3	47	12	32	38	4	35	20	21	19	42	4
26	15	42	34	19	5	14	10	4	6	10	6	40	19	14	23	34	22	48	12	8	26	23	13	3	38	16	38	49	47	39	48	22	15	6	36	12	17	27	49	30	20	4	28	30	18	17	18	30	50	35	14	42	47	43	42	19	4	6	44	7	38	11	34	19	2	28	7	40	11	41	45	31	31	41	19	41	40	17	47	32	20	24	0	45	39	32	10	21	10	47	34	5	50	16	18	24	28	45	46
7	18	37	26	27	45	39	9	28	40	34	37	36	14	7	24	47	4	9	28	43	8	38	14	18	14	11	4	36	20	1	32	25	28	5	2	9	39	23	4	1	4	25	36	6	28	26	22	43	46	17	1	1	7	3	43	20	47	15	6	8	41	49	35	41	7	37	1	14	8	35	24	5	1	47	47	24	50	16	38	30	12	5	37	0	41	38	33	26	19	12	14	9	5	30	9	49	44	9	44
39	37	41	41	44	3	19	16	28	33	15	27	42	47	44	17	47	15	11	14	27	50	5	3	3	15	23	39	8	20	6	11	12	9	21	31	47	13	46	26	12	31	36	13	46	23	44	38	20	13	5	30	16	3	12	33	10	27	14	34	4	42	32	36	38	29	45	6	22	23	28	8	5	10	50	28	16	50	46	50	20	48	18	39	43	0	32	36	42	29	32	37	39	49	46	41	26	49	19	31
7	35	16	39	7	39	35	13	17	47	35	2	7	49	50	32	42	14	22	40	50	44	10	25	9	29	47	5	14	16	25	44	27	19	6	4	36	44	27	11	36	27	28	25	43	30	37	16	34	48	23	13	44	21	47	16	49	5	48	37	29	40	26	10	36	34	21	35	6	23	50	17	4	7	33	32	18	34	12	33	36	11	11	5	9	49	0	19	16	49	29	49	29	7	34	8	47	37	37	12
3	16	39	29	38	15	18	44	1	47	7	7	49	29	43	37	7	11	18	48	43	21	8	46	40	32	40	30	29	41	43	43	48	16	36	38	1	25	21	23	49	24	37	25	19	44	27	4	44	19	38	28	27	31	22	1	22	45	25	39	49	19	11	10	21	25	48	27	31	17	45	10	23	47	18	43	30	11	31	35	36	31	28	39	14	4	30	0	5	42	34	14	20	38	6	32	20	32	43	33
34	24	21	43	7	24	34	34	29	37	43	41	35	10	5	41	28	23	11	33	8	8	29	3	18	35	20	5	20	10	22	2	44	50	2	22	36	11	19	37	47	48	41	40	10	20	1	39	37	24	49	28	47	35	14	48	21	17	30	8	47	17	20	11	40	47	28	48	29	9	2	2	42	50	45	11	27	42	48	24	5	5	43	45	10	42	24	44	0	16	37	45	48	37	43	23	7	41	43	49
27	32	22	43	17	21	43	6	13	39	44	28	38	4	3	11	6	1	34	45	24	39	24	44	40	37	30	34	31	46	25	5	20	4	30	50	27	1	33	9	32	5	12	10	1	40	23	17	24	38	16	36	24	17	41	28	3	20	15	29	2	31	43	5	32	1	17	13	39	28	9	6	24	50	6	44	31	36	1	1	15	36	33	25	4	33	21	22	16	0	43	20	32	26	47	50	38	36	47	48
30	42	15	30	18	28	18	14	6	41	42	48	5	37	32	39	37	18	25	38	28	33	24	32	29	25	48	43	42	2	29	17	7	11	32	20	29	22	47	33	24	46	34	28	10	13	49	14	34	25	17	44	32	10	3	41	13	50	47	43	43	41	40	47	41	1	21	15	11	30	18	24	36	24	25	17	33	42	17	2	25	23	23	36	48	12	8	3	14	27	0	35	29	46	46	7	21	23	10	11
46	30	40	6	9	41	6	8	8	20	41	35	1	5	49	12	40	50	45	36	3	1	11	25	41	34	23	31	3	44	25	9	33	45	2	34	27	19	27	13	13	18	28	14	4	31	4	35	31	16	27	35	15	20	26	27	45	28	17	42	42	44	41	13	42	42	35	11	31	45	41	10	11	27	3	29	26	29	27	20	23	26	5	50	23	33	31	2	38	47	9	0	33	27	27	43	44	19	46	20
2	38	49	17	33	15	44	12	20	50	21	3	42	31	15	14	20	39	10	46	12	44	37	9	9	33	42	5	14	26	43	41	36	33	24	29	25	21	14	10	11	19	29	41	49	45	14	15	3	15	4	3	40	10	40	26	40	5	9	31	24	22	24	12	11	36	36	33	40	28	20	22	38	25	29	39	50	39	49	33	1	24	19	50	27	12	16	25	4	29	32	2	0	37	44	30	41	42	22	27
7	35	39	15	48	17	43	43	49	28	9	14	36	44	26	16	32	39	12	48	26	29	30	14	28	23	47	16	27	20	36	16	33	30	31	33	28	37	11	16	19	14	24	46	22	38	17	14	3	17	31	12	6	5	43	2	13	24	8	23	29	42	35	37	7	21	33	22	32	41	20	18	50	24	40	21	44	2	34	14	16	1	29	35	20	28	43	38	20	39	43	39	11	0	6	2	40	23	39	24
43	37	18	3	10	44	45	47	22	2	18	6	32	15	28	21	19	8	46	45	43	35	46	3	7	9	10	28	48	6	36	4	7	45	38	45	1	25	19	14	43	47	2	3	4	21	2	29	4	48	19	37	2	23	40	20	13	5	3	49	4	10	29	42	15	30	23	2	40	1	28	39	13	29	44	19	13	47	6	41	38	31	5	18	47	8	34	33	28	29	48	14	36	24	0	43	32	47	9	9
4	37	46	10	24	2	23	5	49	46	24	46	11	14	11	18	26	19	47	6	21	10	2	43	21	30	25	20	14	26	21	9	32	28	5	35	42	42	43	27	1	33	33	22	7	29	2	39	33	32	10	34	5	47	40	19	31	48	20	20	27	4	43	9	44	41	47	18	33	6	39	37	39	38	43	10	48	18	47	15	26	17	7	17	35	40	23	17	50	19	5	11	31	29	48	0	20	33	17	10
45	1	36	34	7	13	32	38	28	31	4	40	10	5	49	28	46	48	48	1	36	2	43	3	12	30	46	17	22	36	45	35	6	7	34	20	33	19	21	3	38	28	25	27	46	36	49	32	44	3	37	24	27	15	18	30	13	37	37	13	47	16	17	41	20	40	3	3	11	39	9	44	19	40	33	26	36	21	9	43	3	7	14	8	41	11	5	23	21	18	22	25	9	45	24	39	0	45	39	15
44	5	50	1	13	37	25	14	9	44	50	9	30	31	10	5	34	2	17	19	39	41	35	8	22	39	8	15	36	2	47	48	36	3	32	24	13	11	47	32	3	11	26	10	32	9	14	24	26	33	45	44	47	38	30	8	8	9	49	21	43	10	3	38	25	27	14	16	18	6	41	16	12	26	5	37	40	42	29	7	21	5	14	35	41	41	45	40	17	40	24	43	34	48	11	45	3	0	49	19
18	49	6	28	5	3	25	35	38	34	36	16	8	8	7	1	10	17	16	22	32	5	24	43	6	48	40	39	4	11	6	12	45	4	26	44	40	35	50	31	36	32	8	22	44	15	5	27	31	22	45	39	22	28	32	43	18	27	17	45	24	22	47	28	29	38	27	7	45	20	42	47	49	19	1	9	20	46	36	48	18	31	5	23	34	16	22	24	49	14	24	19	23	46	35	27	1	8	0	26
8	8	5	30	37	23	36	19	18	18	44	4	25	47	50	26	22	46	27	8	5	42	24	49	1	29	43	44	33	48	16	33	26	36	18	9	6	25	41	34	33	37	12	18	43	24	15	26	47	15	48	37	46	2	33	47	8	50	31	25	8	42	49	22	4	21	13	26	50	27	21	17	41	2	40	13	46	47	13	2	28	29	5	14	32	22	26	4	5	4	48	49	39	39	14	49	44	40	24	0
