4
2
4 2
2 1
1 2
5 1
49	47	34	44	14	32	50	30	25	45	21	17	45	15	44	19	49	28	46	27	20	43	49	14	30	46	38	19	47	45	29	44	49	41	37	39	25	19	29	47	32	10	22	38	17	26	15	38	22	29	16	29	24	35	49	27	39	50	33	11	25	30	22	35	36	29	33	46	13	11	27	22	21	39	30	39	43	21	36	36	13	50	38	37	16	14	48	21	14	14	49	48	31	13	16	25	26	36	44	37
42	29	26	22	40	19	21	20	30	16	35	40	47	22	14	22	12	32	30	11	36	31	22	15	17	38	23	14	22	38	35	18	46	47	45	23	33	23	11	41	33	34	15	39	21	19	27	39	26	25	17	20	50	46	38	29	15	42	21	42	39	41	44	18	38	40	28	21	38	39	19	20	21	38	33	42	28	32	28	41	30	25	47	45	34	49	20	32	38	49	29	30	16	20	13	41	21	38	22	25
1 5   
1.5 10
1
1.5
27	14	8	33	3	6	46	42	18	19	30	46	3	20	21	15	4	2	33	3	18	10	33	43	6	48	50	49	23	28	26	46	10	4	10	11	46	24	20	50	41	48	26	5	35	17	42	36	29	8	6	20	16	46	41	24	10	30	35	16	21	26	4	14	35	47	26	23	29	38	43	2	10	34	7	46	13	8	31	16	11	33	9	13	19	28	43	10	31	47	42	45	48	16	37	30	15	45	48	31
0	19	19	23	35	48	33	3	36	17	12	45	50	22	19	21	4	22	41	2	47	1	38	3	24	17	42	3	10	22	25	42	23	49	50	21	35	27	14	8	15	14	24	28	39	41	39	8	20	46	42	14	41	25	3	18	38	31	27	24	47	44	17	44	6	18	30	37	25	24	50	18	5	50	33	39	46	10	19	15	39	40	42	38	12	42	29	32	2	47	2	6	6	31	38	32	25	1	30	25
24	0	37	1	17	46	40	45	13	8	16	14	1	47	1	24	43	9	11	12	3	17	11	35	45	25	42	22	48	30	4	6	14	3	13	7	3	50	10	8	12	26	39	1	38	9	3	42	16	46	43	40	37	13	19	50	32	5	50	32	9	17	34	31	17	2	13	38	16	14	49	6	3	22	25	8	31	11	44	43	26	6	40	7	8	43	38	20	41	43	48	47	35	23	34	5	11	18	34	40
28	12	0	42	35	5	4	16	25	15	40	36	1	50	19	22	47	38	32	44	32	15	48	42	11	14	33	43	17	27	47	3	18	6	50	30	38	27	18	15	12	40	49	23	6	4	19	43	9	45	10	32	3	42	42	7	29	36	36	48	12	5	9	1	14	36	13	47	34	14	35	41	39	18	26	37	42	12	45	45	32	43	41	38	19	36	17	48	9	26	43	4	25	9	40	33	32	44	47	38
40	12	16	0	4	16	2	17	21	49	2	33	31	9	9	9	35	49	24	29	26	44	46	31	15	12	44	42	47	25	9	15	1	22	26	13	10	20	23	21	24	21	12	21	3	32	37	47	42	11	50	36	29	50	27	17	17	20	35	10	50	29	2	28	50	44	14	29	20	9	42	3	6	48	21	28	40	22	42	9	13	42	24	19	40	13	31	45	43	39	41	25	42	31	42	11	45	27	11	7
41	29	5	49	0	3	47	2	19	16	15	18	14	5	24	35	5	10	35	14	44	17	8	40	1	32	31	41	23	12	24	46	28	20	35	8	48	46	25	47	35	38	41	40	39	30	36	33	14	28	21	9	36	43	47	25	9	17	44	12	9	2	38	48	13	10	10	44	28	41	45	16	38	21	44	26	36	7	31	8	28	37	21	50	29	24	19	30	33	29	45	11	12	2	11	16	48	12	21	19
12	41	18	42	35	0	43	7	10	6	28	6	33	43	33	48	22	47	47	34	14	46	34	26	22	24	37	15	38	13	16	28	20	11	28	26	36	11	12	22	13	30	41	48	50	35	37	1	23	14	48	42	20	48	48	41	33	16	46	8	33	8	49	2	19	47	29	3	25	44	32	11	43	15	43	41	34	23	5	17	3	36	8	15	11	49	35	40	28	21	23	37	49	35	12	14	16	2	1	44
10	25	4	33	41	8	0	24	4	34	36	11	24	44	34	4	50	34	43	25	35	6	3	46	8	37	18	42	23	39	3	48	18	34	40	48	21	13	41	49	50	15	1	22	30	50	43	50	9	32	32	16	20	25	27	23	38	11	2	47	2	37	27	18	24	22	35	6	2	36	27	12	8	48	7	30	27	16	25	39	2	40	34	25	20	22	10	1	38	20	29	48	29	11	39	8	38	45	49	31
31	34	28	48	45	42	45	0	47	30	19	47	44	4	25	15	27	25	40	5	30	32	46	27	9	24	36	9	39	19	15	45	9	12	5	11	33	33	23	3	42	3	50	4	42	18	40	31	7	17	14	49	10	5	32	10	24	47	2	40	36	30	25	28	32	36	12	47	46	44	19	25	6	1	4	11	29	37	11	47	38	43	23	49	16	16	33	47	22	46	21	43	27	42	36	22	5	44	3	1
16	4	13	17	29	45	21	11	0	41	17	14	15	47	48	14	33	19	37	37	16	17	1	20	21	16	23	4	35	43	4	31	6	26	34	3	46	25	36	32	3	48	28	41	24	5	39	36	34	11	30	15	37	45	16	5	26	34	27	33	11	28	12	37	35	6	8	48	22	40	16	2	14	29	10	26	24	33	20	34	38	36	18	27	43	15	42	2	48	48	4	43	37	32	23	4	37	47	40	14
38	31	13	49	40	13	23	21	1	0	4	33	41	30	7	33	34	32	32	33	6	4	8	17	45	42	10	47	19	26	14	7	37	9	11	31	46	6	24	27	38	50	46	48	8	43	48	3	13	36	47	16	48	33	48	3	10	42	27	16	45	10	6	33	39	37	21	12	27	8	8	19	38	21	27	6	31	35	25	33	50	31	7	27	13	35	34	28	4	7	5	22	18	24	14	27	35	2	32	21
13	44	40	32	7	8	33	34	6	42	0	16	33	20	48	42	25	46	35	30	20	22	26	33	22	28	7	33	23	36	7	38	49	25	16	26	6	48	10	44	11	48	11	11	45	13	22	5	46	9	1	4	27	3	12	49	35	13	39	24	27	17	31	46	48	9	1	41	46	46	49	23	12	17	40	18	39	2	7	41	28	43	28	46	15	1	36	33	36	10	23	46	23	12	30	26	2	47	21	39
5	3	21	43	43	29	46	10	26	36	47	0	32	35	48	46	37	25	27	20	6	41	27	27	40	22	24	16	48	48	28	10	21	28	40	34	38	20	34	43	22	9	46	11	34	30	43	40	22	9	11	25	7	48	26	26	10	49	7	35	13	23	47	47	34	50	16	5	9	38	8	18	29	12	36	29	15	45	47	25	14	43	49	46	20	19	3	11	43	49	15	10	16	38	22	15	40	32	33	20
8	20	15	35	30	30	17	23	25	9	34	42	0	18	16	1	30	9	49	5	49	18	44	15	33	19	2	14	35	16	26	49	23	25	4	31	34	17	41	31	41	4	39	18	25	21	23	7	17	16	15	17	38	47	40	8	21	6	37	41	7	4	1	46	14	42	9	5	16	16	50	11	35	31	18	39	48	41	25	25	3	25	16	37	11	44	48	3	13	16	49	20	4	20	7	30	45	10	27	48
47	29	35	16	43	25	25	3	48	38	37	42	10	0	20	29	21	26	8	7	29	12	9	19	41	15	11	10	13	20	9	20	24	47	27	50	32	40	11	12	35	27	16	40	12	32	50	5	47	29	24	9	19	44	22	8	49	25	14	22	4	9	41	34	18	26	39	40	15	8	46	11	41	47	36	44	22	16	13	1	1	40	34	22	27	34	43	44	30	11	12	44	19	31	34	17	11	23	45	34
31	32	20	35	3	49	4	23	38	27	37	6	13	44	0	46	1	1	48	39	13	4	5	42	39	9	23	37	26	22	11	1	21	22	28	8	50	28	48	12	37	30	13	39	21	25	34	38	7	2	5	38	24	24	27	23	42	5	36	1	15	32	29	36	34	24	13	20	43	11	42	34	23	12	10	34	38	36	9	22	12	25	41	19	29	11	46	10	28	28	47	20	36	44	6	32	19	30	35	17
17	22	16	48	46	36	46	24	20	50	27	21	6	25	5	0	23	31	24	40	10	40	35	49	33	29	41	49	23	27	25	1	34	23	14	48	8	6	12	11	35	31	7	16	37	21	11	33	5	4	48	37	6	22	14	23	47	40	24	31	28	47	15	43	9	47	3	12	47	21	14	7	16	13	42	42	37	35	16	29	46	5	32	34	50	33	50	23	24	30	29	49	20	19	9	30	16	5	29	45
1	46	29	6	9	22	5	46	12	38	31	10	22	29	34	8	0	32	11	47	41	20	19	15	47	50	20	39	25	49	44	11	14	10	20	20	1	38	13	43	50	10	48	21	3	29	36	35	27	40	26	11	16	42	47	28	7	10	4	4	30	28	4	2	19	25	29	50	43	39	29	36	48	43	31	39	39	40	49	22	34	20	44	22	28	44	26	17	34	24	9	45	50	18	45	10	13	45	31	29
33	46	25	2	27	12	30	45	5	4	26	36	47	34	18	14	8	0	3	9	33	18	21	11	14	4	43	46	4	29	48	29	27	22	46	25	6	41	1	11	8	24	19	27	5	38	39	46	32	13	34	14	41	43	23	48	28	40	32	17	50	1	35	17	42	35	48	47	32	37	49	38	26	48	36	36	34	12	45	50	48	34	21	16	9	6	9	8	1	4	25	14	14	9	15	48	16	37	25	22
3	19	12	25	10	25	19	19	25	10	17	24	44	42	24	1	44	30	0	21	33	2	31	12	27	38	6	27	27	44	6	1	23	44	12	29	7	15	29	29	37	46	4	50	1	32	25	21	5	38	23	15	25	46	20	39	48	38	31	20	31	27	25	35	15	44	38	21	47	13	40	47	8	22	43	27	28	30	47	41	39	32	40	34	44	4	5	31	20	11	26	38	33	16	3	30	15	49	3	28
17	47	12	41	10	11	5	36	26	7	32	20	11	1	24	36	16	35	4	0	41	23	16	33	4	37	31	28	41	2	5	49	16	13	13	50	29	44	44	8	8	26	11	14	25	23	27	33	35	30	19	3	6	24	10	34	28	16	43	20	26	31	47	23	41	12	2	41	8	14	19	20	11	20	44	13	45	3	1	41	4	3	39	42	28	31	30	33	46	43	37	44	37	18	1	37	29	30	44	25
4	26	8	47	48	26	3	22	6	22	22	30	7	27	41	44	1	47	19	28	0	47	35	48	35	42	27	45	34	47	6	50	22	21	30	45	44	15	30	15	3	25	1	11	21	28	27	41	21	30	27	48	5	31	20	45	34	6	47	47	47	32	24	47	20	23	43	18	47	39	8	16	25	44	4	1	13	32	8	30	15	39	1	25	28	1	1	16	16	42	8	39	17	23	8	33	12	17	1	42
3	15	38	2	12	3	24	1	19	49	19	14	36	11	39	21	38	5	42	39	28	0	24	11	24	7	17	20	26	13	17	24	26	11	5	1	39	17	1	1	41	8	37	8	19	10	39	2	20	25	25	33	20	41	4	30	28	19	39	31	22	21	40	13	26	20	12	36	8	43	14	22	39	42	10	1	36	11	46	46	13	44	26	20	23	26	19	21	47	41	35	45	32	5	49	4	41	35	36	11
35	25	50	43	41	49	42	48	1	39	13	7	46	17	33	44	15	3	43	28	25	21	0	15	47	22	2	21	23	41	20	30	38	32	50	47	30	1	6	5	23	49	21	22	4	26	26	32	5	5	46	10	2	49	23	1	29	24	39	18	32	21	39	50	13	7	27	45	17	14	22	47	39	50	6	38	20	41	45	25	50	42	4	2	21	45	45	41	37	8	23	39	6	35	43	27	4	45	48	22
33	18	38	31	33	35	20	37	26	40	13	1	41	8	46	36	40	17	32	8	49	42	24	0	48	1	41	16	15	10	46	27	22	36	15	30	45	23	20	36	10	3	30	27	40	27	47	14	24	12	23	3	38	37	46	39	44	13	50	26	36	13	8	31	4	33	34	27	21	7	4	24	31	26	44	45	14	8	9	42	6	44	16	4	9	43	26	43	21	15	49	13	21	44	17	29	8	28	35	21
46	29	46	12	40	40	11	22	8	9	35	17	35	37	2	19	44	33	45	4	11	1	48	14	0	45	41	15	3	14	17	37	15	8	20	39	14	2	26	19	3	14	3	44	16	23	3	21	34	36	32	25	19	14	24	19	22	13	29	45	28	26	32	39	25	3	40	31	11	35	30	30	9	23	34	46	2	28	13	40	44	28	30	43	5	2	16	25	21	44	20	8	6	40	39	26	2	18	20	35
25	8	13	19	35	2	10	24	18	10	35	42	49	16	11	14	48	19	6	18	6	41	26	40	45	0	12	12	34	27	35	22	43	34	6	10	40	22	28	9	12	17	24	4	30	28	6	28	5	4	50	33	27	17	4	26	16	38	16	19	15	13	20	6	40	31	46	38	35	34	35	25	24	46	13	47	11	45	4	11	47	31	2	48	31	1	34	42	3	9	22	12	20	29	20	21	48	33	1	31
22	41	21	40	7	38	48	5	41	3	36	18	38	21	9	3	12	45	40	36	44	34	2	12	21	11	0	40	10	20	10	33	9	38	3	1	27	7	49	47	50	50	46	44	2	20	29	8	34	28	31	10	1	13	22	40	22	38	15	9	49	37	37	40	43	13	17	35	29	46	23	39	1	44	35	13	41	29	27	41	16	26	29	18	15	44	38	22	27	48	34	30	35	49	36	40	27	17	10	21
31	26	14	11	26	27	37	30	40	36	36	48	45	8	13	24	20	5	27	35	44	33	42	3	48	35	23	0	13	39	37	6	13	48	25	44	39	8	3	28	25	16	5	30	5	29	6	40	18	41	22	15	48	50	38	38	24	49	19	6	26	35	35	1	10	6	9	5	24	10	31	14	43	1	17	26	26	28	38	26	23	42	10	17	16	35	26	9	7	44	5	30	21	35	39	32	11	18	42	22
21	39	39	4	1	46	2	30	2	30	29	48	26	42	21	41	26	29	8	11	33	23	46	44	20	16	50	22	0	33	44	9	15	8	43	19	44	42	23	14	40	7	26	38	9	3	30	40	14	42	4	33	36	32	32	13	36	2	35	26	4	32	39	39	7	40	38	29	50	23	38	20	34	24	47	35	40	35	14	20	5	5	1	29	24	22	16	13	2	46	21	47	12	34	19	50	32	29	14	31
33	37	46	50	36	1	17	25	12	2	49	20	20	26	28	43	41	11	38	28	33	50	27	44	44	13	21	17	9	0	36	36	13	13	15	27	13	31	43	20	4	20	6	17	17	39	17	9	4	35	5	14	5	30	20	30	43	25	29	44	44	24	24	5	1	9	25	32	9	7	24	31	14	35	41	45	39	45	15	8	12	11	47	23	17	48	3	26	34	21	47	41	12	4	12	48	33	27	6	6
2	22	32	41	2	18	3	16	45	19	8	3	14	5	39	19	5	4	17	5	31	17	48	42	29	8	38	48	41	7	0	41	14	16	14	34	16	32	3	23	32	46	11	13	30	36	47	2	27	5	22	50	41	24	15	48	40	21	41	7	45	44	14	41	4	31	37	8	5	7	25	3	9	24	29	19	26	19	44	10	14	17	44	14	3	36	8	46	41	34	35	32	7	16	9	49	43	24	38	20
20	9	17	3	9	43	17	29	45	30	40	25	17	28	41	29	4	20	20	24	12	24	19	3	9	34	6	37	7	16	25	0	6	29	16	25	48	10	26	14	44	15	11	39	21	47	10	7	34	5	17	34	31	28	34	15	27	11	14	28	16	36	16	24	48	2	44	26	30	42	28	6	24	1	14	12	32	15	29	35	16	16	46	6	13	37	35	19	29	24	22	35	22	12	37	8	8	15	25	18
26	4	46	37	41	38	24	18	23	31	12	42	50	32	38	33	27	48	10	14	38	49	19	32	15	6	34	38	41	21	14	22	0	32	28	8	45	22	22	20	33	32	44	37	29	13	7	4	42	42	37	23	22	27	45	24	3	43	38	33	27	38	39	33	24	42	9	32	5	20	3	46	7	23	13	47	3	26	40	1	13	18	36	50	41	46	36	15	13	43	1	13	29	6	43	49	12	40	28	5
25	38	22	12	18	17	25	40	8	19	15	40	12	16	50	40	18	36	27	11	23	43	38	24	21	28	13	38	7	40	45	25	20	0	45	27	33	17	40	34	11	25	26	36	15	25	22	45	20	40	17	26	50	3	37	34	40	41	46	9	27	30	5	13	15	5	19	39	50	7	43	23	24	16	39	47	39	6	18	14	19	47	14	6	1	28	17	22	44	13	47	9	28	21	43	20	3	39	47	49
42	17	32	31	36	44	19	26	9	19	23	14	5	6	38	41	24	30	17	24	45	35	11	19	27	28	8	31	7	50	8	11	27	31	0	21	32	44	27	7	7	29	39	40	3	43	22	16	32	14	28	34	33	43	10	49	28	40	32	48	37	34	6	46	45	14	8	4	47	22	28	29	4	27	50	11	44	33	15	32	42	29	6	26	33	19	26	7	21	12	20	20	32	33	30	50	33	34	18	17
1	30	43	23	13	48	9	10	41	13	20	3	32	40	17	48	24	17	40	32	44	6	9	28	38	38	3	29	3	27	47	49	28	10	43	0	27	35	44	34	41	37	16	8	8	38	49	14	7	34	13	34	17	28	25	4	37	43	23	1	34	46	35	9	25	7	31	10	12	49	39	3	1	8	23	21	40	44	37	9	1	31	44	21	24	37	28	12	37	17	44	44	13	2	15	28	21	6	6	23
50	50	10	35	36	43	12	49	45	41	15	28	43	9	6	12	7	15	46	14	30	47	10	25	9	14	27	3	42	29	46	39	32	1	44	32	0	7	30	49	1	16	42	14	49	41	34	24	40	45	9	45	14	39	36	21	43	46	29	16	18	42	1	32	22	24	19	2	2	2	25	5	8	30	40	23	47	33	28	32	39	8	17	29	29	35	28	46	5	3	26	46	24	44	16	9	13	6	2	43
1	28	27	50	15	37	44	2	45	46	15	1	25	10	32	27	34	38	31	3	5	6	50	15	28	20	40	25	8	8	27	48	22	34	37	42	44	0	7	33	35	28	1	4	43	45	18	50	46	27	2	40	14	25	48	39	46	14	3	32	9	15	38	30	7	49	20	46	38	2	20	8	35	28	30	10	7	50	45	3	3	49	25	10	28	28	36	19	9	33	6	3	49	27	32	21	41	50	9	48
13	17	34	11	13	45	35	22	23	30	37	23	35	27	8	6	27	49	13	22	22	23	33	44	32	15	45	11	18	43	18	17	30	45	36	47	21	13	0	42	27	9	49	22	44	23	41	39	50	26	8	4	44	13	18	19	5	46	18	12	32	44	10	40	35	13	23	39	27	35	46	8	11	29	34	38	18	37	27	47	21	38	12	40	7	19	23	14	4	23	8	14	13	23	14	48	13	25	20	47
35	1	36	21	21	45	10	34	38	21	7	19	23	28	15	6	23	4	45	41	6	15	32	30	42	25	33	14	35	46	27	40	36	22	1	36	26	34	50	0	29	3	3	30	20	28	29	48	20	35	16	39	10	47	25	42	19	35	6	23	17	18	21	8	47	12	17	37	46	22	35	22	13	35	9	21	30	49	7	6	24	49	42	9	12	37	26	38	47	48	8	45	20	4	15	6	36	5	42	49
6	2	20	47	8	37	9	19	43	26	33	17	5	32	25	49	30	19	38	28	40	34	27	12	26	1	15	33	28	21	16	15	6	48	15	11	24	18	26	11	0	16	38	3	29	1	43	43	10	1	32	47	30	12	6	44	3	42	45	48	1	14	5	21	25	14	18	43	34	46	29	6	22	6	33	36	36	30	18	18	21	18	29	4	27	12	42	12	17	12	40	15	8	21	38	43	2	16	6	13
46	21	11	27	28	25	24	25	44	47	33	32	17	40	50	10	17	5	20	9	50	50	15	50	28	18	16	12	5	40	1	11	34	27	28	47	6	19	12	11	43	0	33	22	17	5	48	23	41	26	19	19	28	34	7	50	50	50	37	48	17	19	49	34	50	2	27	27	16	44	8	14	46	41	41	49	45	41	11	27	13	17	32	11	34	40	44	1	25	26	47	32	3	42	47	28	37	7	25	48
40	9	48	47	21	20	46	29	43	25	1	39	29	17	15	15	7	44	10	29	24	49	44	43	39	1	26	40	10	14	24	33	50	34	32	36	14	27	3	45	31	20	0	46	28	44	4	24	16	37	26	26	4	21	32	15	26	11	4	31	12	43	38	5	27	8	18	14	42	23	26	45	44	32	45	35	10	5	50	34	26	22	46	23	10	6	39	46	29	15	49	46	30	20	50	36	37	12	37	23
27	34	41	25	35	6	37	29	6	22	19	25	11	23	32	43	17	31	9	33	28	13	35	31	28	17	17	50	47	7	13	33	43	31	42	6	6	13	19	40	24	24	41	0	32	3	43	14	40	17	24	6	25	1	18	2	7	6	48	41	37	1	3	40	33	41	26	32	38	28	22	24	30	5	11	39	1	5	12	33	50	11	48	28	22	26	23	42	23	11	46	2	46	27	25	38	10	40	34	48
10	32	5	1	9	7	1	4	29	18	2	26	21	15	35	48	4	35	33	13	33	34	41	25	28	39	49	7	27	32	13	36	35	6	19	7	19	47	18	48	17	44	4	28	0	37	6	21	11	3	36	36	14	50	31	5	22	17	6	25	23	24	3	4	47	4	8	7	40	28	16	13	14	45	19	29	30	26	14	28	24	6	26	44	14	24	48	23	25	5	44	19	7	32	28	47	14	37	37	43
49	5	16	28	2	26	28	23	36	37	22	3	37	27	18	37	21	12	39	42	15	15	5	34	49	11	21	47	33	31	20	37	24	21	27	50	45	20	33	22	23	5	37	9	21	0	40	20	30	3	20	19	34	6	22	8	8	35	50	25	24	26	34	2	50	38	1	15	21	3	40	36	33	40	4	15	28	29	23	41	17	48	17	32	25	46	48	32	42	12	2	15	48	4	50	14	7	4	24	39
22	38	35	28	34	22	29	32	11	37	33	48	49	45	16	17	17	33	50	47	22	26	26	21	28	4	25	21	38	32	50	6	27	12	9	44	38	2	47	38	34	32	29	8	46	12	0	24	39	21	24	39	21	3	27	4	36	34	42	17	40	7	31	40	3	36	41	45	7	45	40	40	33	17	12	4	45	17	35	6	27	42	36	11	7	29	8	2	46	31	10	15	35	50	46	23	27	20	33	11
15	15	20	46	2	10	23	7	43	5	16	41	14	42	7	40	32	38	25	46	28	12	19	12	28	17	11	34	31	24	7	37	11	41	36	2	9	14	24	2	46	42	17	43	29	9	14	0	49	46	25	6	5	27	43	21	17	11	4	5	34	24	21	25	32	37	11	34	39	33	18	23	33	6	19	23	43	25	14	16	11	24	23	22	34	44	49	49	40	11	6	27	40	4	5	20	33	29	37	19
40	36	40	8	40	35	16	20	42	20	36	24	20	30	46	50	35	3	27	13	32	38	41	17	5	24	1	23	31	34	5	5	22	35	7	40	9	11	14	21	5	49	31	38	37	11	23	33	0	12	24	14	17	17	16	38	26	32	13	12	4	12	19	13	42	48	3	28	24	21	43	10	31	50	17	45	1	11	30	23	5	39	28	10	42	16	28	1	45	20	46	50	28	19	47	27	13	16	6	25
8	35	26	35	22	2	1	36	21	48	25	16	24	21	27	12	33	9	33	6	6	42	12	12	3	28	20	10	8	3	13	2	2	31	28	32	36	22	48	20	25	50	29	7	40	29	33	17	15	0	30	29	49	43	27	37	30	4	41	48	7	5	4	31	20	7	23	39	50	1	32	13	33	44	48	50	27	16	39	15	9	12	48	43	24	7	6	17	35	36	17	21	44	17	12	36	14	17	25	10
20	34	45	38	35	34	3	7	27	46	45	27	44	12	41	37	49	28	25	42	47	18	39	7	18	32	42	47	10	23	39	11	6	39	9	40	15	16	8	29	21	31	35	14	25	37	28	19	39	24	0	28	7	49	43	11	22	50	48	32	8	38	33	33	2	4	17	40	18	35	30	2	31	23	43	30	7	40	3	7	43	19	34	2	24	31	37	26	31	25	40	47	33	35	15	19	18	4	12	45
40	26	6	31	39	41	3	36	46	39	37	49	27	21	20	8	3	4	10	41	25	23	5	29	23	24	23	17	27	1	43	21	49	32	25	30	50	22	40	14	26	35	4	38	29	4	2	31	16	45	18	0	29	16	8	45	46	22	46	14	46	25	47	32	3	5	46	30	38	19	24	2	1	15	20	44	31	20	17	9	31	27	29	47	40	46	31	29	49	16	11	28	20	3	25	13	16	14	5	37
29	35	15	29	43	41	4	26	4	12	19	13	39	11	31	38	25	4	39	3	41	40	37	33	35	33	18	11	39	49	44	19	37	34	43	28	7	9	37	25	39	19	29	11	44	22	24	39	45	46	26	38	0	37	20	47	5	22	8	6	7	32	8	14	37	20	21	6	30	18	5	44	33	44	41	37	45	21	44	16	37	8	16	19	47	21	26	29	32	27	38	43	47	1	3	14	12	33	21	9
1	22	20	49	36	15	28	34	8	6	37	19	46	48	36	23	9	11	31	46	5	31	20	27	23	24	10	4	40	37	36	39	7	36	36	33	29	48	50	48	29	44	12	45	25	13	45	50	16	9	32	29	40	0	41	34	28	12	19	33	39	35	25	35	2	12	10	44	19	23	33	39	32	24	1	36	10	44	40	38	17	41	19	40	3	8	17	45	20	30	42	45	3	5	40	34	32	5	41	13
4	42	38	15	38	34	29	17	1	14	43	4	17	12	16	48	24	20	37	40	49	37	29	47	49	16	22	47	21	37	18	43	30	34	23	37	5	7	34	10	7	22	48	15	46	26	15	26	1	5	13	43	1	19	0	29	44	35	11	11	4	26	10	47	5	16	1	18	4	26	33	24	15	10	5	34	10	45	36	37	35	31	29	36	36	14	29	14	26	6	16	21	50	46	14	16	49	6	33	26
26	19	24	1	27	42	17	47	20	15	22	47	15	15	24	33	20	44	50	15	29	26	10	44	46	1	15	26	10	18	20	12	4	6	41	4	14	45	38	50	9	5	47	13	7	45	44	13	2	19	45	46	24	5	32	0	13	6	3	25	47	24	37	34	46	7	26	12	11	28	49	26	25	45	10	30	37	8	35	47	15	43	47	31	50	4	27	14	23	35	7	50	20	3	29	10	15	3	43	41
15	42	35	31	27	45	21	14	33	27	40	37	14	50	42	16	5	34	24	29	32	16	12	47	29	47	41	3	37	48	41	21	49	38	48	16	6	20	3	34	35	36	36	39	5	35	29	12	31	6	2	29	32	40	43	31	0	33	32	20	21	25	20	13	33	3	32	8	39	40	4	19	8	20	11	39	30	42	36	48	9	48	41	31	16	32	19	37	14	37	33	47	31	41	50	2	36	12	28	5
48	42	30	24	48	23	9	28	24	17	33	20	2	47	20	12	6	1	49	31	48	41	18	6	28	47	11	13	14	29	17	36	49	40	44	22	36	35	14	36	39	46	37	27	47	31	1	27	4	36	42	38	15	25	29	48	30	0	28	1	33	22	30	48	6	39	30	1	32	39	18	48	8	36	5	50	3	39	50	11	47	6	11	20	35	4	6	7	28	16	5	22	1	44	11	46	2	38	14	23
41	48	42	15	41	17	13	34	5	23	5	43	21	4	2	8	31	49	1	20	40	37	37	17	13	43	42	18	37	3	32	39	12	45	6	29	38	10	16	16	7	32	18	37	34	21	24	3	50	18	29	27	19	32	30	42	32	16	0	18	36	30	13	29	11	7	31	23	15	23	23	17	19	48	21	9	27	9	14	9	3	38	8	50	24	18	9	49	26	22	21	44	33	7	29	34	4	36	4	38
18	32	22	46	35	33	20	1	6	6	3	46	45	39	36	2	38	30	19	26	8	3	49	37	40	30	36	50	16	18	10	42	10	39	26	35	20	33	38	31	17	5	47	37	5	13	37	18	24	3	2	9	34	21	11	38	39	24	35	0	17	35	15	39	1	24	31	26	2	2	3	25	8	32	7	39	17	13	28	4	4	36	12	29	1	40	22	2	1	21	11	11	24	48	4	10	32	48	47	26
23	26	25	21	15	48	39	24	20	5	14	41	27	29	36	28	45	33	4	47	27	8	19	9	9	20	19	36	12	14	3	26	42	19	19	43	27	50	38	40	36	21	29	27	19	33	32	8	34	27	23	33	26	19	5	48	3	5	17	32	0	23	1	21	2	28	10	25	31	45	11	31	12	45	44	37	6	19	42	22	22	10	28	25	34	10	13	39	42	31	3	3	30	26	15	38	21	1	7	49
21	43	23	19	22	37	41	14	19	47	38	31	41	13	36	48	2	13	13	30	49	34	49	15	47	14	17	1	41	5	26	36	36	18	16	8	45	29	19	50	12	48	29	10	11	1	8	3	3	5	6	12	4	33	24	30	34	3	50	24	47	0	37	32	33	33	42	33	24	46	8	31	2	31	16	41	42	23	46	30	16	38	50	49	26	1	38	25	46	16	39	41	18	7	27	14	38	25	44	30
12	33	34	7	27	30	12	3	12	8	46	23	4	48	18	4	25	12	39	26	7	49	19	1	12	7	7	1	35	33	17	18	16	14	38	35	34	40	16	9	7	36	28	35	38	50	16	20	19	48	34	19	28	46	4	9	42	33	6	9	31	30	0	6	25	34	39	31	2	9	29	22	1	11	9	48	45	27	17	20	22	38	1	12	40	13	27	49	26	46	14	20	23	19	33	28	37	1	3	16
5	21	3	32	5	46	38	29	41	11	10	16	17	5	35	18	22	21	26	39	5	2	36	12	23	10	10	5	37	39	19	49	7	28	5	44	50	2	7	29	14	40	34	14	29	4	34	4	10	5	25	26	48	48	47	29	35	12	35	9	25	4	28	0	48	24	44	43	14	42	49	34	16	39	38	34	34	49	20	29	36	41	50	15	13	31	6	23	17	29	32	3	43	30	6	24	32	34	4	36
32	25	9	7	38	35	30	8	8	41	24	43	27	9	41	42	44	50	15	35	45	47	5	5	26	10	47	40	33	47	40	36	35	24	24	13	12	12	47	9	28	31	5	44	4	15	15	39	47	50	6	45	10	5	1	6	37	32	35	10	27	11	12	11	0	11	22	29	46	42	8	33	36	17	5	45	25	1	40	36	42	13	19	12	25	6	39	13	31	33	11	30	23	30	35	23	5	6	1	6
6	16	2	28	23	37	19	32	2	44	48	12	2	17	3	29	48	31	22	22	32	36	34	9	43	3	39	35	16	48	46	45	3	23	24	32	33	30	12	45	50	14	17	24	26	42	13	3	30	47	41	37	48	11	40	12	24	49	3	25	48	42	28	36	49	0	1	25	2	2	39	12	21	49	24	24	15	13	7	22	21	24	23	24	21	48	5	16	45	22	3	14	43	6	21	1	5	10	10	13
26	45	40	22	23	16	28	15	42	4	45	49	44	30	15	38	10	46	28	38	4	6	3	35	41	28	10	27	3	45	21	4	35	33	3	47	9	13	22	40	2	36	15	34	32	1	42	44	8	45	36	8	19	13	2	21	26	9	41	7	13	36	33	50	8	9	0	47	6	16	50	18	21	16	5	15	39	34	38	12	39	14	47	17	31	2	14	28	19	29	33	2	21	7	34	43	42	48	16	25
13	24	3	17	47	29	29	21	41	9	29	20	16	40	29	8	43	4	12	2	11	1	38	36	3	37	29	21	35	15	33	32	37	3	27	48	42	36	21	44	40	30	22	16	44	49	26	20	45	25	38	7	19	5	46	29	6	33	10	13	10	18	42	24	22	20	48	0	23	32	38	45	28	7	25	1	42	41	23	38	15	36	40	4	42	13	19	33	41	38	15	32	46	8	11	50	24	30	38	39
3	10	45	17	14	44	30	26	41	50	12	10	24	24	27	19	46	26	3	42	17	22	8	30	1	46	41	31	18	40	15	14	26	35	24	15	30	4	23	17	24	40	49	14	31	48	41	27	43	23	32	21	42	28	41	19	2	6	12	35	31	14	11	18	18	25	43	25	0	47	10	20	27	21	37	33	32	49	34	45	13	39	26	40	2	15	39	28	45	24	31	34	11	48	50	37	13	27	2	2
8	18	20	6	24	26	15	14	22	31	36	20	22	42	42	11	22	40	47	35	44	28	22	34	30	9	24	6	5	25	29	29	31	33	38	16	43	8	22	48	3	42	31	45	18	42	2	39	39	30	47	48	15	7	17	6	2	5	17	1	42	38	21	16	16	2	34	50	7	0	5	3	1	9	42	33	34	48	5	38	24	47	30	5	50	42	35	50	39	36	12	19	16	38	27	19	37	5	7	32
16	11	30	6	21	29	40	49	47	39	12	2	37	20	12	12	38	10	20	25	42	42	30	33	18	38	25	21	4	13	40	50	7	32	29	20	39	27	44	41	1	18	43	1	46	17	20	22	42	47	3	35	31	37	7	39	24	34	44	9	41	49	1	44	16	11	30	7	19	46	0	42	35	33	9	31	9	6	50	15	24	1	29	27	8	47	19	2	46	48	20	29	12	44	39	40	16	14	47	6
19	12	39	37	10	9	12	31	31	24	16	10	16	9	1	11	40	23	15	43	45	18	36	29	3	20	21	13	45	20	14	47	6	22	30	9	42	34	2	32	34	6	4	43	49	35	24	13	41	48	24	10	46	7	35	25	47	38	10	16	20	6	30	37	20	31	13	28	21	37	24	0	50	18	5	23	21	49	10	47	45	10	7	3	14	3	37	8	18	2	38	44	32	33	26	1	48	32	46	27
35	29	12	17	19	43	19	26	23	1	13	44	32	40	12	26	19	19	44	1	19	47	38	9	22	27	42	33	25	23	7	1	6	40	33	11	14	5	18	27	33	5	48	44	33	42	34	48	45	40	19	26	30	28	29	32	47	48	25	11	6	5	46	42	14	13	47	5	19	20	20	19	0	11	41	1	7	38	17	24	8	35	26	14	14	11	6	17	29	31	41	5	37	25	6	10	5	24	5	45
6	33	37	27	18	27	34	1	40	33	50	4	43	28	20	12	50	9	49	11	46	21	13	39	20	45	22	44	25	9	3	27	19	39	41	15	40	8	35	5	45	23	30	9	19	3	14	38	26	38	34	8	8	11	31	34	25	22	8	6	8	50	37	43	32	34	38	20	28	34	30	22	38	0	47	40	10	35	4	45	38	30	14	15	2	34	47	37	17	35	4	6	33	42	24	29	12	25	9	18
26	38	13	50	3	18	17	46	36	10	8	34	39	28	6	38	14	45	30	22	31	5	49	22	45	40	8	35	27	47	48	2	44	47	15	17	1	39	33	25	42	11	11	2	47	13	7	5	43	21	43	38	28	35	30	17	4	22	13	7	19	3	1	16	32	37	42	38	28	8	43	11	39	18	0	41	19	26	19	23	31	40	19	11	12	21	35	19	16	9	2	50	38	3	3	11	37	12	36	32
11	23	13	12	44	32	25	12	10	7	25	15	36	38	45	3	18	19	18	18	13	49	3	3	8	20	33	31	38	43	20	38	8	43	40	33	9	15	41	9	38	22	14	18	38	28	42	26	6	47	45	35	18	33	12	18	14	47	15	8	19	28	48	23	9	35	1	12	36	17	2	48	25	49	5	0	35	48	16	37	29	45	9	22	22	19	22	46	1	22	16	36	35	33	16	26	12	23	12	38
10	20	46	47	37	25	28	19	16	42	25	45	9	48	18	9	6	20	22	8	7	26	5	34	14	43	1	11	49	47	32	23	8	47	2	24	8	24	8	29	7	37	44	22	16	27	36	33	20	22	25	25	30	49	2	2	5	36	22	41	11	42	44	37	42	9	3	13	10	16	28	49	38	49	20	27	0	48	37	36	37	42	35	23	14	17	12	32	29	35	8	41	14	45	49	10	3	2	25	40
11	37	1	36	45	24	31	6	2	12	46	18	11	36	30	24	7	41	19	1	28	3	15	33	2	32	1	19	38	43	40	36	4	30	35	44	3	50	42	33	4	15	49	1	33	16	6	15	15	32	1	23	17	50	35	49	15	20	47	48	4	26	48	34	32	4	16	6	6	50	49	42	25	29	7	26	33	0	35	44	27	2	25	23	18	6	39	24	11	50	17	18	42	28	31	22	40	17	2	26
8	44	9	42	38	29	36	16	6	48	1	21	35	50	25	38	4	42	3	20	29	31	6	14	19	39	44	17	6	15	31	44	15	48	23	1	2	12	26	19	4	5	40	43	27	50	11	43	35	39	5	27	24	13	44	8	22	19	46	50	4	20	1	40	1	5	6	50	27	15	27	46	15	20	17	26	33	40	0	25	6	19	11	44	17	2	22	17	42	2	44	35	32	6	22	37	44	13	26	45
42	18	32	22	49	21	35	32	38	11	47	37	28	24	32	25	35	20	22	3	42	15	20	33	20	7	7	18	18	25	17	23	4	26	42	9	1	32	48	37	24	41	10	30	32	26	26	16	11	5	40	7	47	28	4	22	26	35	50	38	50	44	41	13	38	2	46	37	15	48	6	49	45	19	21	14	8	17	30	0	18	24	37	29	44	5	38	41	26	37	36	15	35	15	6	33	35	29	21	12
8	9	42	4	31	40	36	29	41	35	14	45	29	19	13	48	19	48	46	20	21	33	50	12	14	5	44	39	4	4	13	38	34	9	46	30	22	1	14	43	15	37	38	9	7	27	14	11	12	1	20	19	6	2	23	2	18	38	36	7	13	41	28	45	22	28	28	20	46	6	44	42	21	32	29	18	19	7	43	22	0	26	36	37	16	2	10	47	47	43	28	22	14	8	48	6	24	30	40	6
20	38	11	50	35	31	36	2	8	3	13	22	14	11	44	33	10	37	22	34	3	19	31	18	23	36	29	45	23	25	38	43	14	18	31	44	3	2	14	19	41	18	3	12	45	22	38	11	22	46	9	48	2	11	38	32	36	35	5	35	2	38	32	35	50	30	5	13	38	42	28	19	32	11	1	23	34	4	14	39	43	0	8	30	8	42	30	41	46	47	8	9	36	22	22	48	5	23	43	49
12	16	20	21	16	16	21	4	38	8	4	24	18	31	45	25	42	42	5	34	12	28	36	19	14	31	3	47	4	30	16	9	11	40	44	4	2	25	30	43	30	28	13	18	29	22	25	6	24	4	34	19	35	3	35	43	17	37	49	8	23	16	12	36	6	32	28	44	13	1	2	5	45	45	16	42	8	16	34	33	4	24	0	42	1	43	29	35	25	37	35	40	48	27	11	37	36	44	46	20
16	20	35	32	41	14	37	48	3	17	27	16	26	12	42	36	16	27	32	40	47	5	15	13	1	40	49	22	43	32	18	49	28	6	34	49	47	16	44	28	8	39	27	16	23	21	26	46	13	7	33	26	5	13	27	20	47	9	13	22	19	8	32	22	44	11	18	28	25	15	15	20	6	50	34	35	34	25	5	47	32	12	3	0	16	28	30	32	12	32	36	50	2	17	21	14	13	33	22	12
40	45	42	4	35	16	28	22	40	33	24	19	9	42	10	46	45	50	17	39	12	45	4	30	10	9	43	9	32	20	44	28	43	15	13	34	43	50	2	20	17	26	22	10	32	37	27	16	8	44	12	22	16	5	38	3	20	41	13	29	19	11	16	17	34	19	34	38	42	45	40	6	3	49	33	26	48	42	35	48	44	2	22	3	0	39	25	46	35	6	9	33	27	36	48	18	23	38	18	49
13	19	8	13	13	9	42	16	45	29	50	13	3	15	20	9	13	1	12	5	19	49	25	45	41	22	29	15	20	13	19	15	5	34	26	42	19	19	28	15	25	23	28	5	41	10	36	22	46	44	49	8	12	50	39	42	20	29	34	33	48	20	32	47	42	48	45	28	46	2	11	39	14	26	19	12	29	39	48	27	15	6	50	26	25	0	3	8	44	19	23	33	36	19	11	31	8	19	24	3
34	15	39	50	41	24	14	49	46	40	28	37	17	13	26	20	43	41	23	19	13	28	24	16	39	24	33	39	34	14	46	40	39	17	37	11	43	25	50	36	42	2	49	35	18	5	19	35	28	24	49	46	12	10	29	37	30	46	8	17	5	38	15	39	38	25	50	23	16	46	8	28	8	48	46	41	48	47	2	18	29	31	28	1	36	19	0	40	36	1	44	46	47	12	1	31	46	35	50	7
8	3	48	12	49	23	41	50	21	28	23	34	9	18	8	50	5	33	22	14	1	15	20	4	50	4	42	38	40	25	36	1	45	45	28	40	4	10	36	8	31	22	13	8	48	10	42	28	31	41	22	1	10	33	16	21	31	5	32	21	14	28	5	36	16	41	50	7	33	48	13	20	42	47	3	6	29	33	13	31	35	7	13	41	34	14	21	0	9	21	18	35	22	32	12	30	5	38	27	36
31	33	30	21	11	48	25	40	21	37	33	6	27	5	10	31	39	15	39	24	39	45	26	20	32	11	35	22	39	21	23	24	2	49	33	6	14	25	31	38	41	4	38	7	6	39	22	24	28	32	28	41	7	39	37	41	34	29	22	30	31	36	5	48	14	33	44	50	40	32	11	50	1	26	29	45	8	32	38	46	1	34	42	44	11	42	36	14	0	8	41	10	8	33	42	50	48	39	15	20
33	27	27	15	41	1	44	27	36	19	49	41	6	16	16	5	47	45	37	31	42	14	20	41	20	15	46	29	9	13	33	43	43	15	34	9	27	39	30	5	14	28	27	10	5	23	22	46	31	48	6	40	29	21	11	4	28	6	40	48	39	21	41	18	37	1	43	43	42	13	6	44	25	9	25	31	10	11	33	43	16	22	46	42	50	35	32	42	19	0	42	44	15	16	41	13	23	8	27	47
21	2	24	37	45	44	11	42	2	34	12	44	47	34	38	35	19	34	38	30	12	39	22	9	1	41	28	4	4	18	1	33	28	39	47	15	38	19	40	50	48	21	18	12	37	50	27	29	41	34	9	48	31	46	4	46	16	39	13	40	15	10	4	30	10	16	13	1	36	14	42	2	3	46	47	15	44	11	36	38	29	28	25	35	46	28	35	9	19	18	0	7	25	26	34	18	14	33	40	33
46	34	31	18	50	24	11	50	8	29	22	7	35	23	16	47	37	48	11	35	43	4	24	36	33	30	6	30	38	40	40	1	20	8	5	18	30	3	30	33	4	33	25	5	20	36	37	30	32	12	38	13	45	34	30	30	48	7	17	28	5	38	22	29	1	13	28	35	29	24	14	19	23	14	35	40	43	7	19	25	47	32	44	34	1	6	17	43	14	5	24	0	19	40	32	9	40	37	26	20
7	20	41	7	43	9	7	16	46	30	14	13	12	46	42	37	1	44	42	43	15	30	28	24	26	10	22	28	7	35	39	39	2	14	3	7	16	48	25	35	5	25	21	24	10	17	17	12	31	26	41	33	11	3	13	26	5	24	50	15	24	14	18	28	30	25	1	4	49	41	14	20	18	24	6	40	16	9	8	12	42	30	3	21	37	38	42	41	7	12	8	48	0	20	17	28	34	30	13	37
8	37	37	31	46	35	40	46	8	35	8	24	27	12	48	46	40	26	39	38	7	41	3	2	25	44	43	10	17	2	22	25	41	43	25	8	41	44	24	2	6	36	39	23	25	19	33	29	18	21	8	50	35	46	50	33	32	21	27	40	18	37	21	33	7	4	31	34	8	16	43	38	27	24	33	29	50	22	24	3	40	25	44	10	10	46	33	30	26	7	12	46	17	0	47	9	30	36	47	10
14	4	27	27	48	31	48	5	27	19	13	19	14	25	48	40	28	35	8	8	8	45	32	40	8	9	7	14	42	7	7	4	25	22	32	26	32	43	19	19	28	43	25	5	43	43	45	27	46	31	28	29	36	6	22	41	49	36	41	6	43	41	49	24	36	9	10	4	41	7	9	47	10	31	22	43	28	40	13	4	34	17	31	9	22	28	8	44	27	17	3	50	19	7	0	13	41	50	4	26
5	24	1	50	5	19	44	27	5	5	30	40	40	43	15	48	4	28	38	37	47	29	16	22	2	44	22	38	43	14	47	8	36	27	10	47	15	44	47	25	28	40	1	19	3	19	3	19	39	6	12	15	34	18	7	34	6	24	21	28	19	31	16	42	18	21	1	37	28	33	40	44	5	28	29	18	42	20	1	18	47	35	12	21	47	42	36	14	23	5	49	40	29	22	4	0	3	46	30	24
7	26	36	43	47	46	48	43	14	17	23	5	24	13	2	47	34	29	18	5	17	30	44	18	3	1	30	50	32	39	3	43	19	18	34	3	26	50	35	11	47	50	14	40	5	29	1	45	15	1	4	39	46	46	13	28	5	7	7	48	32	13	39	33	46	49	33	13	30	6	19	49	9	45	29	37	33	36	31	21	16	27	2	23	30	28	2	19	50	2	4	32	38	6	47	11	0	27	22	24
47	14	46	34	13	47	28	4	46	39	10	25	15	6	27	7	14	49	44	14	23	49	1	11	41	5	2	35	20	42	11	13	23	37	20	15	16	6	12	27	38	15	19	20	13	42	35	9	12	28	14	14	30	20	40	6	15	50	13	23	11	33	7	9	2	23	6	3	9	5	39	41	1	6	44	15	20	16	47	30	23	23	50	5	11	9	47	44	29	19	21	10	18	43	36	49	22	0	42	22
50	31	7	23	19	8	32	47	50	7	31	40	46	44	30	12	47	42	34	41	32	7	31	36	28	30	19	24	8	22	15	14	9	31	15	24	11	39	43	9	37	46	4	37	23	6	11	8	44	16	1	19	35	21	45	42	38	9	14	20	17	36	23	20	17	31	19	3	37	40	25	7	42	30	12	34	3	47	7	42	49	10	48	7	46	12	27	12	29	15	36	37	42	27	50	39	27	42	0	23
48	45	1	28	2	27	33	7	26	40	13	1	22	6	27	36	21	49	37	14	48	35	48	46	11	23	30	32	28	13	45	20	26	10	27	11	22	22	37	28	16	40	27	3	42	16	27	27	1	20	26	18	24	36	39	10	14	34	12	49	41	38	26	28	47	5	6	12	10	25	15	38	43	34	39	6	49	26	49	6	12	45	47	31	20	21	42	31	11	36	32	31	5	14	46	8	22	39	41	0
47	15	26	8	18	3	21	43	30	23	34	36	38	42	48	20	46	35	33	3	27	47	48	39	22	5	12	18	28	37	4	44	19	40	24	44	26	42	38	50	10	48	2	20	34	16	22	8	12	44	32	31	26	30	25	10	4	46	18	1	31	50	19	42	27	1	18	19	44	37	50	46	45	17	27	41	1	18	13	40	49	32	38	18	42	35	24	13	7	4	39	37	25	30	43	30	10	47	38	6
0	10	41	11	3	16	6	27	47	41	26	47	45	6	42	16	7	35	25	27	15	37	32	9	25	26	41	2	49	33	23	17	28	28	14	22	34	38	2	7	35	8	45	3	3	23	34	25	36	11	49	40	42	35	45	19	20	16	41	8	39	23	22	2	43	40	8	23	21	40	14	1	6	30	6	23	3	23	37	23	7	18	22	17	10	10	49	26	3	8	34	30	4	9	1	24	7	48	39	4
43	0	38	35	47	50	6	3	33	9	11	33	48	4	44	14	38	35	26	16	31	35	46	9	42	11	49	28	5	19	9	10	46	19	20	4	7	45	15	11	41	31	48	43	7	30	3	8	6	19	8	17	22	1	28	32	49	37	35	37	40	32	10	31	28	14	2	7	35	17	40	47	46	39	2	24	45	38	9	27	25	16	47	9	36	2	29	14	23	9	11	5	23	3	18	11	22	7	42	31
41	20	0	28	35	43	12	30	47	3	50	29	45	29	50	15	27	37	23	9	19	3	47	45	39	33	10	33	45	40	39	12	46	13	5	31	1	46	48	39	48	40	6	33	47	46	43	41	31	45	16	36	41	42	1	14	40	38	6	12	17	13	36	19	34	40	12	1	15	34	28	2	49	48	11	38	41	32	7	42	16	22	8	13	25	34	45	44	43	18	48	37	47	24	19	29	12	5	7	49
30	33	6	0	31	30	6	34	3	10	41	19	27	20	42	43	16	22	3	49	8	46	24	5	17	31	49	34	41	26	47	11	1	38	45	41	10	46	36	41	42	13	9	42	7	12	6	7	17	8	29	3	45	20	6	4	21	5	4	10	27	22	14	27	10	42	4	29	9	2	3	32	35	17	12	21	46	22	5	22	10	35	43	29	23	15	46	43	14	7	1	4	16	33	16	36	43	30	25	24
44	1	29	5	0	11	7	36	4	9	34	1	18	23	38	44	50	20	28	32	29	16	44	3	18	44	46	37	20	9	34	33	43	21	36	36	36	9	28	9	25	27	22	18	30	50	42	32	44	5	12	14	49	23	50	41	50	34	24	49	48	26	32	34	3	38	12	28	7	41	15	1	21	34	13	34	23	32	37	6	7	1	41	8	12	39	5	38	49	14	48	2	21	24	45	37	36	9	18	40
44	8	11	3	7	0	50	12	23	23	48	23	42	18	24	45	34	11	26	1	46	10	49	50	40	22	14	28	22	50	16	31	10	30	1	43	7	33	25	5	29	42	3	49	31	40	37	10	49	42	46	17	29	48	45	13	48	25	31	45	50	27	11	31	19	45	21	43	49	40	28	15	35	8	9	4	46	26	49	21	46	41	4	28	46	36	47	12	8	26	12	8	17	7	6	17	14	4	37	16
14	46	31	34	3	12	0	12	9	11	46	48	21	3	14	4	38	9	48	29	46	1	38	23	19	6	34	27	12	43	28	36	42	40	50	24	27	46	41	28	42	6	43	14	38	41	1	40	40	4	46	8	26	28	48	45	37	28	50	1	36	13	9	40	35	24	46	39	29	47	3	27	18	49	47	46	8	42	8	1	32	50	9	4	4	4	33	46	5	19	28	19	26	24	42	39	43	18	30	12
26	49	28	25	49	36	46	0	14	34	33	37	32	46	33	27	9	37	25	20	45	38	46	28	19	33	17	20	28	28	29	39	3	12	31	21	46	9	42	30	11	28	44	48	42	30	23	13	17	34	21	34	48	30	3	47	27	11	15	23	12	5	49	49	45	45	7	31	8	22	19	33	23	12	14	27	44	7	32	6	49	48	1	10	8	29	23	26	49	25	5	15	38	10	18	18	16	11	35	8
2	3	14	32	8	19	48	5	0	28	10	42	26	43	47	46	39	9	26	21	35	21	17	38	44	31	49	29	28	24	3	45	34	5	42	29	49	49	9	33	38	19	25	32	10	29	39	30	41	29	45	28	32	18	1	10	43	17	17	17	11	30	2	5	1	6	11	33	5	35	4	12	2	45	37	9	36	29	2	37	15	15	23	18	50	23	40	48	12	35	15	39	33	5	20	50	49	25	15	14
26	40	36	26	3	39	48	22	20	0	42	28	28	5	23	42	16	37	48	38	40	26	35	8	38	15	38	40	33	42	36	23	41	40	45	14	29	47	9	42	24	37	2	14	26	31	16	14	35	16	41	1	43	41	17	47	28	49	15	7	27	24	17	4	22	45	15	29	31	24	50	8	27	21	18	5	24	9	47	49	36	5	18	15	7	46	10	34	14	46	20	24	25	49	41	24	21	35	49	17
8	38	35	9	30	23	1	21	23	5	0	41	49	1	18	49	42	18	33	14	5	45	39	29	17	26	38	28	25	19	12	19	5	1	39	10	43	23	2	19	8	9	38	28	1	33	50	2	44	50	2	46	2	39	13	30	37	6	21	13	6	12	18	22	42	2	45	2	34	40	21	50	3	1	9	3	44	31	36	13	4	47	30	7	20	41	46	31	25	30	27	50	8	23	20	13	10	19	2	15
29	21	38	18	34	8	42	46	44	9	8	0	1	44	19	43	47	31	15	8	28	37	3	2	17	33	37	6	7	12	38	24	46	32	4	45	22	46	38	21	30	36	10	25	45	38	31	13	10	14	5	2	6	8	13	25	24	41	44	50	50	49	18	12	6	3	5	1	32	10	20	50	20	8	46	17	38	6	50	29	4	49	10	22	28	27	35	18	48	37	24	25	42	31	13	12	41	50	29	8
26	21	49	22	25	22	1	31	43	4	6	9	0	29	17	44	40	21	21	24	2	40	21	25	45	15	39	8	9	49	3	25	20	19	11	20	47	34	7	49	35	24	23	36	6	39	36	48	1	50	18	41	50	6	17	3	45	37	33	5	29	32	48	48	28	24	39	26	23	29	24	8	42	35	31	42	42	6	30	37	35	4	28	3	32	1	2	7	40	5	1	19	29	47	28	20	20	36	8	41
31	31	42	38	39	38	30	24	36	14	24	10	30	0	12	37	24	41	38	17	13	27	37	50	33	19	26	50	49	44	28	34	27	20	15	6	46	22	6	50	20	2	29	40	3	36	12	40	32	33	35	11	29	28	5	8	21	21	2	41	20	2	3	16	23	50	5	50	3	16	32	17	10	48	24	37	11	7	18	45	49	13	20	19	27	12	38	16	7	46	32	27	49	26	20	41	36	22	26	9
42	49	20	17	22	44	27	37	33	36	34	36	32	10	0	23	41	30	6	10	44	22	14	19	10	24	21	2	16	38	3	46	14	49	3	47	25	15	40	33	21	5	27	43	12	10	15	31	10	22	24	9	7	35	43	40	9	24	15	15	32	42	49	12	33	33	30	7	25	30	9	47	50	21	9	50	9	43	40	30	20	44	40	6	27	10	3	22	1	34	49	42	10	33	40	44	26	13	43	18
29	3	37	12	17	24	7	6	38	45	50	46	12	15	35	0	7	33	10	48	42	39	34	47	21	16	33	11	33	14	36	49	36	25	18	48	19	23	2	43	38	48	27	40	4	15	19	35	7	50	24	18	20	35	49	44	2	48	45	27	40	8	20	47	48	50	5	8	12	32	22	3	43	50	41	32	8	3	31	31	37	9	25	23	46	4	49	39	37	48	15	37	7	13	38	2	14	1	12	18
30	32	50	17	3	26	36	11	31	36	36	26	49	21	36	17	0	49	3	5	16	12	1	22	33	40	11	36	6	34	27	10	47	47	19	34	1	47	35	36	7	7	33	47	46	28	5	11	30	12	42	25	32	33	11	18	28	41	42	8	35	8	17	2	39	9	20	20	41	31	46	4	37	20	40	36	2	45	32	35	13	8	16	31	31	27	45	14	37	38	43	48	42	3	45	24	29	34	27	37
45	32	38	41	8	21	24	30	50	23	6	36	13	13	32	41	33	0	29	11	33	45	24	40	36	23	11	25	14	24	2	6	35	19	14	7	9	28	14	37	12	11	9	35	35	20	40	15	24	32	19	6	15	29	27	16	11	24	31	19	9	12	12	6	45	49	12	40	4	6	26	32	40	12	23	46	47	12	6	35	11	11	35	30	49	44	12	6	1	31	49	46	25	22	23	35	3	39	8	41
40	33	13	15	35	16	11	25	14	22	5	18	17	18	24	9	47	12	0	15	48	49	39	46	25	41	13	49	41	29	19	2	18	49	7	33	46	48	18	15	8	9	47	32	16	47	33	40	6	14	36	38	9	38	23	14	24	40	1	49	11	8	48	50	33	12	17	17	15	10	28	10	38	25	27	25	36	26	10	38	5	13	26	15	39	13	24	7	1	49	20	39	12	15	45	40	21	14	34	19
5	21	38	39	25	21	13	19	28	11	27	28	14	15	26	1	13	2	12	0	33	46	11	33	6	35	43	37	39	34	29	36	1	45	49	23	37	42	42	33	28	44	29	6	5	18	31	46	35	21	32	30	16	42	47	4	37	14	31	31	3	48	18	47	7	22	45	4	7	2	33	5	34	38	33	14	37	17	26	31	7	20	17	4	40	17	21	46	34	9	24	35	45	22	28	43	20	50	3	11
48	38	31	23	18	34	42	40	19	1	19	7	41	2	34	2	33	4	6	7	0	40	47	10	13	32	9	12	33	33	34	13	33	29	5	16	25	32	16	50	36	19	41	46	50	2	40	18	2	47	32	47	11	28	29	36	47	34	32	48	49	1	20	38	32	49	17	17	18	1	43	46	49	16	3	30	5	39	50	42	45	38	9	41	7	38	37	16	13	29	46	12	39	21	37	50	31	45	17	29
16	26	44	39	15	35	15	35	28	37	8	14	12	32	13	41	12	42	44	2	43	0	2	47	46	5	1	23	19	22	33	40	41	38	15	3	11	46	13	32	37	10	2	36	43	49	38	3	30	31	23	15	25	14	4	39	6	22	38	9	3	28	23	2	19	10	46	35	15	13	20	39	6	20	40	11	33	39	26	47	31	12	3	15	35	44	12	25	49	25	6	23	21	30	1	24	23	47	19	38
13	43	23	30	44	37	43	48	28	28	6	45	46	47	28	12	10	13	15	6	35	35	0	8	45	23	13	40	7	47	27	5	39	24	50	28	25	23	27	32	39	34	46	17	17	3	34	14	11	16	24	1	50	15	17	6	35	30	25	48	30	39	42	50	32	9	43	3	35	25	48	30	12	48	8	1	33	11	9	21	3	47	5	50	50	32	16	41	12	14	15	7	33	10	43	32	34	4	21	22
9	45	11	17	34	25	17	41	38	5	1	10	42	5	27	16	39	45	42	18	38	17	45	0	24	39	28	7	44	18	1	17	39	23	43	18	22	38	8	36	44	46	32	13	18	40	44	39	10	30	36	31	42	4	42	18	21	45	46	41	18	40	22	13	11	14	26	26	4	24	45	8	30	32	12	15	7	44	6	22	16	41	24	5	28	40	44	47	20	25	15	9	34	3	23	45	38	38	39	23
10	31	9	35	19	2	49	50	5	4	32	28	50	32	38	9	25	34	27	31	49	16	23	23	0	30	3	31	22	35	39	25	18	2	39	49	12	5	45	45	6	23	5	11	23	43	21	21	45	48	41	20	50	32	23	48	27	11	2	23	42	31	37	32	35	20	50	34	5	37	41	7	25	47	25	28	20	13	18	8	14	41	28	28	47	3	37	40	33	6	44	38	1	1	36	12	29	41	29	26
34	9	21	21	23	46	4	12	41	47	9	6	5	34	47	19	14	31	38	5	18	28	50	12	32	0	31	8	9	50	30	14	7	33	48	33	39	48	48	15	14	17	18	8	10	10	2	16	10	24	39	3	42	43	47	37	45	5	50	11	40	16	46	49	5	46	22	8	26	44	43	29	16	35	4	20	20	19	36	21	25	11	12	4	3	13	25	45	41	16	10	34	43	26	32	33	16	12	32	6
14	20	21	33	40	37	11	2	7	41	42	36	41	19	12	25	5	35	7	22	34	19	28	33	37	30	0	20	30	32	3	23	6	3	41	7	11	48	24	49	26	37	32	12	35	10	50	1	25	7	15	47	24	28	39	27	30	50	23	26	20	30	20	19	9	22	22	50	49	35	44	14	49	38	19	9	50	50	13	39	33	30	6	43	10	38	29	40	1	48	27	29	50	31	50	1	48	1	38	38
38	27	2	8	8	5	15	5	41	47	16	29	32	24	47	25	26	25	29	28	12	48	18	43	7	2	46	0	33	31	40	25	42	30	50	48	16	37	38	29	3	47	8	19	26	50	4	3	33	35	43	18	35	16	35	2	40	28	22	49	45	8	8	4	23	49	7	18	14	18	12	23	36	15	42	27	21	24	5	37	42	40	37	34	46	32	11	46	13	32	33	5	35	45	19	35	4	21	35	29
24	17	3	42	5	4	50	38	39	40	49	47	35	1	28	30	27	4	28	44	29	35	33	28	36	48	30	23	0	20	10	37	17	46	27	23	4	19	32	32	35	34	6	47	47	42	45	21	40	42	24	11	50	24	27	11	24	46	24	8	39	45	18	10	1	14	5	25	18	11	6	35	23	8	13	37	43	34	38	11	20	26	10	2	26	34	8	8	32	47	26	35	25	24	3	20	14	23	14	27
19	39	7	27	43	31	37	50	21	18	33	28	27	28	14	21	35	50	44	40	50	2	48	42	23	25	11	6	28	0	46	23	10	16	22	11	32	6	4	49	25	8	40	40	3	11	49	21	14	3	24	24	38	13	27	3	49	29	31	42	42	30	17	42	2	35	19	47	23	7	28	10	44	17	41	41	20	33	50	29	29	1	49	17	26	42	9	35	48	43	40	41	40	38	3	42	29	23	10	39
46	13	48	23	32	35	29	17	47	2	49	46	14	24	49	8	46	46	44	10	35	11	48	30	44	43	39	39	5	40	0	32	39	30	17	42	4	11	47	7	9	37	44	12	28	10	39	17	24	23	23	11	20	22	48	14	29	41	28	26	18	10	41	17	41	20	44	36	41	32	35	20	10	33	7	26	32	2	35	33	31	20	25	48	28	15	48	31	7	40	39	46	49	12	38	21	41	10	37	22
46	2	4	1	13	19	16	32	41	15	16	48	2	33	1	33	36	30	23	29	10	43	27	43	24	8	2	34	7	34	47	0	24	11	2	17	36	35	24	36	40	3	6	29	36	28	30	46	28	8	5	19	9	15	43	34	25	40	28	40	16	13	47	26	43	6	8	23	47	47	2	29	16	15	24	32	2	29	22	28	44	19	12	44	41	43	15	28	30	24	43	42	9	18	14	30	10	9	41	8
28	31	25	5	29	2	32	24	47	4	37	3	2	22	27	6	11	12	39	42	16	2	14	31	36	16	16	20	4	16	10	12	0	38	38	30	15	28	36	13	35	11	13	38	19	4	29	21	14	8	8	3	38	33	41	16	50	3	7	21	32	6	26	15	42	16	8	9	22	42	12	40	24	23	27	45	11	27	26	49	35	31	48	34	36	49	47	15	28	2	11	44	20	39	22	44	30	37	31	9
39	10	14	35	19	49	20	1	14	42	7	36	39	47	49	16	34	47	16	21	34	39	10	34	29	11	5	36	26	37	1	3	27	0	35	26	49	47	29	32	4	27	7	38	47	50	41	6	5	45	38	44	12	28	21	11	4	48	35	42	23	41	33	39	45	8	30	31	33	8	47	6	40	35	38	22	20	50	3	7	6	2	25	24	50	36	9	21	34	10	8	26	18	17	41	4	6	1	45	25
29	50	19	49	6	41	10	1	11	24	21	20	33	41	44	23	50	21	6	11	47	39	50	48	27	47	29	2	4	17	47	2	44	18	0	18	18	35	22	12	15	10	10	41	13	29	15	5	50	45	40	11	41	49	10	20	47	8	24	39	11	7	28	8	50	9	13	22	26	48	41	29	48	29	7	22	23	29	8	30	13	40	42	44	25	3	26	12	12	25	15	30	21	10	26	27	15	19	27	3
10	21	25	28	17	11	35	34	27	31	38	7	13	40	25	10	38	29	41	35	28	36	40	24	35	22	17	43	14	47	31	31	17	26	41	0	2	15	13	38	9	36	43	7	43	13	28	41	5	3	43	47	21	47	29	50	50	27	10	47	4	41	27	10	3	9	1	14	28	47	8	4	36	38	47	23	26	11	7	22	17	30	6	20	22	46	16	17	48	17	3	34	7	9	44	34	21	50	34	1
35	13	2	42	3	30	8	12	37	50	49	3	34	12	2	31	25	2	24	50	49	33	46	21	43	20	30	35	40	14	2	43	30	32	48	12	0	33	33	9	50	48	1	27	19	1	23	28	13	34	6	41	43	44	22	12	11	1	18	50	21	4	29	12	7	39	34	12	5	29	33	6	17	20	16	27	39	43	16	45	15	43	45	12	6	32	50	30	2	20	38	23	8	8	45	3	21	41	38	44
32	19	10	39	24	21	5	40	5	2	33	45	45	49	6	1	27	21	22	34	31	39	36	45	30	42	17	46	5	15	50	25	46	44	48	41	34	0	12	13	30	11	37	11	42	13	11	11	32	37	33	17	21	4	3	44	45	35	50	36	45	29	44	2	43	16	39	41	29	1	15	12	11	10	32	24	37	24	19	26	31	16	10	27	35	9	7	37	12	16	3	16	1	7	1	16	23	23	22	40
42	43	22	35	50	23	5	30	20	5	4	6	14	31	15	29	42	25	19	31	36	11	48	40	3	8	27	26	27	41	6	25	33	49	29	21	14	27	0	43	44	9	9	34	15	47	16	13	32	37	47	15	42	13	7	44	48	43	31	44	50	11	6	35	28	6	23	23	41	38	39	12	37	30	7	34	12	48	49	12	32	21	35	49	14	26	7	25	40	5	40	19	48	29	19	3	8	21	16	28
43	11	39	10	14	17	23	28	14	40	15	12	4	3	14	4	15	44	26	15	35	1	12	10	13	31	39	30	43	8	28	16	43	50	21	6	45	23	5	0	14	33	17	34	18	15	26	40	46	4	27	13	7	11	48	31	30	21	17	7	39	4	14	21	4	44	13	43	38	16	7	3	23	1	38	23	48	34	43	10	46	2	2	24	48	17	37	15	29	14	3	1	24	18	8	23	49	32	9	40
5	44	4	24	15	17	19	42	28	7	21	19	34	45	11	23	19	50	10	48	24	47	23	30	50	13	1	40	26	43	44	15	8	43	38	39	44	7	11	36	0	49	49	12	47	4	23	48	24	8	12	9	33	49	16	5	48	19	47	47	25	37	1	34	29	45	5	45	31	35	10	7	37	37	1	26	27	36	50	38	19	18	4	36	39	9	14	16	34	36	40	30	29	34	11	33	21	46	6	49
49	2	40	8	24	42	25	23	50	14	6	18	38	45	20	33	34	31	36	25	4	15	18	2	9	16	10	50	46	31	39	31	46	49	14	19	23	23	31	18	48	0	46	43	39	19	12	41	18	23	48	14	23	36	29	18	46	37	37	11	13	11	8	3	17	36	3	30	47	13	6	19	3	47	44	12	42	10	31	27	36	28	47	2	39	48	29	2	46	17	10	33	5	23	36	10	41	35	11	44
44	39	41	36	5	28	22	13	38	11	10	40	49	21	24	3	9	43	32	14	7	8	47	50	37	40	23	28	47	36	10	37	1	48	17	24	47	33	47	5	28	11	0	22	27	49	49	10	27	48	37	5	19	8	40	28	10	37	8	36	41	29	9	43	25	19	23	1	16	48	32	3	9	31	15	17	47	11	44	13	46	15	15	2	27	35	14	40	24	23	34	28	9	37	32	21	25	40	40	25
27	39	49	26	26	23	37	8	32	13	19	19	29	19	28	5	20	31	46	38	43	39	20	39	24	30	7	47	50	45	35	12	23	34	16	44	27	11	26	41	22	7	38	0	24	42	36	17	24	29	6	17	44	40	18	9	28	47	35	44	43	13	35	28	37	23	7	5	16	48	12	37	2	29	16	20	21	31	11	34	18	35	9	22	18	29	12	7	23	40	18	39	1	22	19	17	2	18	17	38
33	42	4	7	3	21	48	48	28	20	5	44	38	23	27	25	35	18	30	46	32	5	41	26	32	18	38	40	24	47	36	4	35	10	38	6	14	18	22	35	7	30	46	35	0	15	4	41	33	40	12	39	13	21	44	7	8	8	24	23	19	46	36	13	37	11	13	37	14	12	17	5	34	30	7	2	45	12	9	29	40	32	42	42	25	4	5	6	34	23	41	28	10	16	10	2	29	27	6	27
24	17	2	22	2	47	27	18	41	37	1	37	10	8	23	22	35	13	45	40	8	40	26	15	35	16	12	11	27	43	6	6	26	7	7	28	49	8	1	43	13	28	34	26	28	0	19	27	23	50	29	5	5	24	43	24	11	4	11	25	6	44	48	37	22	50	47	5	30	40	45	42	33	41	20	20	4	14	15	7	42	20	45	50	20	48	14	49	15	8	42	22	1	34	35	38	35	12	47	8
24	10	47	49	14	5	11	17	20	16	26	42	8	49	2	20	50	19	10	41	34	4	11	30	2	50	21	48	3	28	20	21	18	45	42	43	3	30	1	44	9	29	6	25	7	10	0	43	24	17	8	28	7	1	1	31	34	28	15	25	9	40	30	14	19	48	2	11	30	46	49	46	20	35	34	4	22	49	16	3	33	41	17	15	41	42	18	35	48	17	33	31	42	5	38	45	39	20	1	47
8	3	43	27	19	23	30	7	7	30	15	37	41	30	22	12	2	21	3	35	3	25	39	48	13	44	49	41	46	40	50	20	7	15	2	18	18	45	6	32	23	23	28	1	37	40	40	0	12	33	38	43	29	38	42	50	48	16	11	48	34	32	50	7	50	40	26	21	29	6	21	8	46	9	11	30	44	8	40	15	14	37	11	49	36	48	41	50	22	19	28	15	22	40	7	19	38	50	22	38
14	27	15	38	21	29	7	14	23	28	12	40	43	10	22	12	21	42	19	39	12	14	11	4	17	39	44	22	46	6	3	14	46	48	37	49	19	34	8	27	18	4	40	48	26	45	8	29	0	21	6	17	24	3	24	9	32	9	12	8	15	19	41	44	37	43	4	16	46	27	36	30	5	27	21	34	35	21	48	14	1	19	43	38	49	42	44	6	36	28	48	44	48	11	28	19	24	3	37	50
33	25	14	11	28	32	9	43	34	15	40	30	37	50	26	12	22	20	23	28	48	46	4	8	27	19	50	36	28	43	41	7	31	25	28	17	16	2	25	15	18	13	11	44	43	14	4	32	20	0	15	33	42	28	37	40	33	44	37	34	28	44	5	28	23	17	49	1	6	27	37	16	23	14	3	31	42	45	4	19	34	14	8	45	32	28	4	14	17	40	8	23	47	33	15	38	26	3	24	41
45	42	13	32	39	45	31	9	41	12	35	15	42	38	15	33	1	6	36	34	26	38	46	16	6	9	5	41	22	26	8	23	38	32	44	11	20	28	26	40	23	31	47	21	8	48	26	23	26	5	0	4	31	34	22	16	11	4	47	14	39	33	27	5	45	39	20	5	16	3	48	32	23	32	14	48	28	30	3	47	8	16	45	35	22	50	6	48	49	24	49	11	24	1	27	46	15	25	5	9
45	33	12	1	35	30	49	16	44	35	2	45	10	38	16	45	42	28	9	1	1	45	23	34	37	47	9	18	21	40	35	48	8	4	1	25	1	26	22	1	49	1	32	25	25	29	34	41	29	33	33	0	2	9	14	3	41	47	14	29	28	33	25	17	33	43	20	23	23	16	46	30	25	25	18	30	18	10	5	4	21	16	19	29	47	37	1	37	23	8	9	48	41	3	5	47	17	6	8	44
48	30	49	31	24	49	20	20	12	45	14	18	8	12	50	36	16	27	40	25	45	29	13	15	26	5	32	48	43	29	32	50	1	21	37	45	11	3	49	25	3	48	50	41	40	1	37	16	43	48	12	34	0	32	40	48	2	47	33	6	29	49	20	46	44	14	27	39	3	21	13	20	45	49	4	47	19	24	44	25	41	14	15	42	29	50	2	1	45	13	1	35	36	12	14	1	15	17	34	10
27	50	27	36	36	38	5	28	14	1	39	15	48	7	13	48	9	44	47	38	43	49	19	26	6	13	23	27	40	10	21	11	10	24	11	33	1	9	2	38	23	28	43	7	23	44	18	7	46	38	43	3	12	0	22	47	32	31	18	50	44	24	39	12	11	20	45	31	47	42	29	35	24	43	21	42	40	32	19	11	8	14	28	42	30	6	44	4	24	10	15	19	40	43	32	17	28	12	42	29
38	20	19	20	45	27	5	18	47	48	35	26	13	29	40	15	48	45	41	50	9	4	14	40	24	45	15	25	46	33	18	6	31	6	29	16	29	40	5	25	24	44	33	18	13	6	2	34	44	24	29	45	24	16	0	27	3	32	49	42	8	1	47	39	14	15	36	38	33	6	9	34	31	20	14	28	43	4	50	13	3	37	38	6	7	7	12	13	49	32	29	46	35	1	44	45	36	4	47	27
35	38	6	45	22	24	32	24	28	16	4	7	16	41	18	42	40	14	9	30	10	48	17	12	46	47	7	50	17	48	4	16	18	29	38	35	31	23	5	50	13	46	41	50	10	21	21	43	22	5	15	5	48	49	46	0	27	47	24	49	22	8	9	37	1	30	1	24	46	23	41	45	38	36	16	6	27	45	6	26	42	10	2	36	26	24	47	40	21	13	2	14	41	48	37	31	29	28	8	26
46	29	13	1	42	34	14	47	4	46	34	47	42	27	10	38	47	50	9	1	25	44	24	15	36	13	38	28	21	3	26	42	20	42	4	2	4	10	28	11	29	23	4	1	26	50	45	44	39	29	27	36	37	10	40	22	0	24	42	7	37	34	15	31	30	38	38	6	33	7	37	50	9	28	3	22	21	19	19	17	1	10	10	5	40	22	26	9	6	29	31	25	41	40	13	32	37	9	36	4
39	6	18	16	21	34	11	46	12	39	13	18	15	20	10	13	1	44	47	7	34	36	21	36	18	6	16	50	34	7	2	3	5	11	21	50	49	50	6	23	4	8	35	41	47	44	21	2	47	8	35	9	50	44	37	12	2	0	47	8	18	25	11	41	15	34	29	13	26	28	17	11	20	6	20	40	35	2	18	30	7	9	19	1	45	29	16	35	40	13	16	5	45	27	29	48	36	11	44	43
4	2	21	30	23	31	18	39	2	50	43	43	45	43	37	15	5	34	10	1	10	35	2	12	8	31	47	22	47	42	7	47	6	29	16	29	24	50	12	21	3	24	10	17	50	15	20	8	45	39	49	4	19	7	18	37	6	20	0	50	43	44	37	3	11	39	49	41	32	48	25	12	26	6	20	6	24	42	10	29	27	16	41	16	45	25	35	10	21	13	21	29	47	25	11	24	21	41	40	1
24	45	20	47	47	19	36	41	44	1	4	42	9	38	5	13	6	11	44	40	22	18	8	34	3	15	12	40	8	34	22	2	39	30	6	15	32	18	41	17	36	9	43	1	43	40	50	39	35	17	49	18	10	27	50	44	14	30	28	0	40	37	1	12	45	38	38	45	5	9	45	2	26	46	9	21	35	3	20	30	22	31	19	28	32	5	50	17	25	26	12	25	20	4	16	8	32	14	30	48
32	30	47	22	14	4	28	36	35	25	25	48	8	31	17	29	27	12	32	17	15	27	43	39	36	17	24	45	44	49	21	29	45	24	49	2	25	29	13	8	22	5	31	18	27	2	46	8	23	34	49	50	22	3	29	18	4	30	24	32	0	49	22	21	30	44	5	39	12	9	3	3	36	31	47	30	49	14	37	10	35	40	41	15	9	45	40	14	14	4	14	7	41	40	10	23	49	24	33	34
29	47	45	13	5	43	39	50	26	50	27	42	26	40	2	39	46	8	20	5	33	40	26	18	13	27	19	49	19	41	16	7	31	22	50	35	15	22	21	30	3	43	48	15	26	19	49	9	27	33	18	3	26	18	2	8	41	24	9	4	45	0	6	30	39	27	33	13	19	14	35	39	32	36	1	5	30	14	41	11	19	3	24	10	43	32	43	42	3	29	37	41	38	34	18	1	48	38	36	31
2	43	13	7	35	20	16	39	13	4	38	7	48	44	14	48	35	19	9	45	21	50	29	10	23	12	36	46	50	13	47	42	32	35	20	21	31	45	50	7	44	7	1	14	34	44	15	27	8	41	33	49	21	10	39	3	19	8	24	12	41	9	0	31	11	47	9	21	42	45	43	3	18	22	24	31	38	49	47	9	37	30	1	5	5	7	28	45	45	46	12	22	49	20	44	13	25	27	49	26
1	36	36	31	32	28	1	45	12	31	20	1	35	34	5	9	50	5	41	12	4	20	22	6	14	38	8	40	49	28	50	16	41	50	42	49	42	48	40	6	6	15	2	45	9	41	35	3	21	19	34	2	38	26	30	10	7	11	49	50	2	43	28	0	50	44	35	30	30	43	13	27	29	49	42	50	10	35	50	7	12	14	16	45	16	24	29	7	20	21	18	9	16	43	7	12	49	21	41	38
6	27	14	32	20	18	50	10	12	25	45	43	26	27	9	34	35	25	35	36	33	23	29	25	12	43	19	44	48	14	4	7	41	43	38	25	31	49	43	8	13	9	15	29	8	20	27	26	26	28	15	25	14	38	40	4	41	10	32	19	45	25	16	18	0	23	12	8	42	9	1	5	9	31	24	4	12	29	3	23	1	14	21	17	22	4	26	39	27	34	17	17	24	11	10	23	40	32	22	39
11	3	8	47	13	9	29	50	29	31	38	38	5	36	41	14	10	10	39	38	9	35	10	40	35	6	18	27	44	35	25	46	5	20	46	18	8	2	27	1	29	5	48	21	5	30	46	19	32	41	14	41	9	7	8	15	50	16	26	21	6	27	8	25	47	0	21	16	48	42	14	13	32	24	10	2	34	25	17	23	45	18	34	34	28	25	10	6	37	50	6	44	38	10	30	36	39	7	1	29
45	43	36	1	35	13	44	27	27	23	17	2	33	21	47	25	8	48	22	23	37	12	22	34	37	12	26	30	29	25	47	37	4	42	35	9	5	11	16	13	35	38	31	34	22	4	17	38	2	20	5	45	41	25	31	30	38	50	50	21	14	46	16	18	49	39	0	50	31	24	38	44	48	2	39	14	38	35	7	12	39	20	42	46	6	33	24	28	36	20	39	28	14	13	19	46	49	44	5	31
50	33	39	49	14	22	43	16	24	21	23	6	12	15	45	35	46	11	28	19	3	9	17	20	17	4	8	7	48	42	5	2	24	24	21	43	20	19	27	24	15	39	14	37	11	2	42	6	16	9	19	41	47	50	28	9	18	30	7	5	49	32	26	6	50	39	30	0	22	8	37	44	35	32	11	20	27	28	45	8	42	39	25	25	37	20	47	47	13	17	17	42	49	28	5	37	39	11	20	36
39	6	30	46	17	19	49	30	16	7	4	24	35	28	24	22	40	24	28	40	16	50	30	9	16	15	19	11	44	45	19	42	29	4	16	1	3	29	34	47	38	10	21	22	7	25	14	35	40	28	26	40	11	8	13	26	10	34	9	22	39	48	33	2	25	3	4	10	0	6	47	40	47	15	25	14	10	9	9	37	30	21	5	1	15	9	21	44	18	3	45	26	20	21	27	46	41	7	8	18
36	7	25	15	8	23	29	6	49	40	25	17	37	15	6	18	30	43	33	23	25	32	33	39	46	18	4	29	43	3	38	22	50	31	15	1	43	23	46	38	31	44	44	50	21	50	45	17	28	27	31	11	25	24	33	35	32	3	44	41	42	34	21	2	6	46	43	50	17	0	48	26	12	45	26	32	35	41	2	24	34	35	18	24	41	24	15	38	10	44	20	37	3	15	36	37	5	4	24	16
46	41	19	26	12	24	42	20	5	10	5	32	8	48	7	4	35	17	2	3	25	48	37	36	25	5	41	18	8	23	26	19	22	28	31	32	27	44	2	35	33	12	30	21	6	28	15	1	4	13	49	29	47	2	20	19	17	2	35	10	46	36	8	32	27	37	39	48	31	18	0	1	11	49	48	18	27	48	48	20	28	50	12	48	12	40	8	35	23	4	21	28	41	33	29	23	24	9	37	17
28	38	7	46	40	37	5	10	29	40	31	28	49	11	30	32	38	28	10	29	18	8	47	6	45	1	18	40	50	24	42	5	5	34	22	43	26	47	40	18	45	42	38	12	4	27	25	30	23	46	48	20	29	23	48	48	18	41	13	38	7	16	47	32	42	31	31	49	14	8	27	0	3	4	33	36	50	46	19	19	3	42	4	22	25	12	17	14	31	1	8	14	28	27	14	31	42	20	37	22
26	41	27	44	38	14	13	25	3	31	9	14	11	50	45	38	20	45	41	4	19	26	17	34	38	8	36	2	31	43	28	39	12	13	7	19	46	49	44	42	40	48	16	47	24	34	45	7	8	36	41	44	16	44	13	23	17	17	27	36	2	34	14	38	48	11	14	49	35	32	2	38	0	42	13	17	42	19	16	27	10	28	34	5	35	4	27	16	34	43	22	4	30	5	11	16	45	46	26	37
23	49	50	18	19	32	38	42	36	27	36	40	39	17	26	23	15	1	8	36	24	10	20	50	23	43	28	10	1	11	48	30	5	19	20	5	6	7	37	8	15	27	12	3	39	31	48	37	32	20	41	17	43	33	29	5	38	33	38	33	48	45	31	37	13	4	20	30	22	7	15	21	33	0	48	32	9	18	8	32	14	19	15	29	38	22	32	36	4	42	47	5	44	30	6	31	16	14	16	44
32	38	13	35	26	27	50	32	4	44	30	18	4	23	16	4	27	20	3	2	33	14	2	41	13	47	26	1	48	15	28	19	16	48	24	50	18	22	20	10	50	7	15	30	38	31	17	14	11	31	31	33	10	34	16	30	20	26	1	1	15	42	25	43	50	14	42	47	29	26	8	34	11	8	0	12	8	3	7	46	33	1	37	4	7	15	14	49	25	47	32	23	20	44	31	26	35	4	23	10
44	46	7	19	25	11	11	20	8	41	50	33	34	7	33	36	49	29	32	28	20	31	32	38	32	4	18	4	31	12	31	6	23	39	18	38	45	46	40	28	17	8	27	1	11	29	40	16	39	47	20	21	50	2	47	14	18	10	42	16	48	4	35	19	15	4	9	27	21	2	2	18	46	8	10	0	24	24	44	31	43	16	40	30	45	36	28	8	45	24	45	17	13	36	47	26	21	5	44	13
26	35	5	38	38	5	46	42	33	10	37	41	49	17	38	14	31	12	46	21	50	18	7	36	32	17	31	50	8	19	50	39	10	10	32	39	41	40	35	1	26	21	44	21	6	47	28	48	3	50	24	36	6	25	33	10	26	34	5	33	45	27	5	50	47	48	32	24	48	37	40	20	5	33	7	14	0	19	12	11	13	2	9	43	23	14	47	30	43	26	5	20	7	30	2	5	41	7	50	26
29	28	34	38	45	29	23	22	42	43	32	8	36	11	36	13	34	28	43	26	34	7	29	21	15	9	32	26	9	13	2	40	4	29	35	27	7	30	41	11	50	9	31	35	27	34	8	24	12	22	41	7	20	6	1	26	31	45	23	1	15	10	2	39	16	42	30	24	4	15	35	31	24	9	2	27	2	0	42	14	19	40	31	48	42	48	33	38	20	42	37	15	50	13	8	40	44	36	47	36
25	7	36	28	48	9	14	10	48	25	32	28	9	32	44	21	21	31	5	23	9	26	5	7	24	50	33	41	22	2	13	2	2	34	32	33	37	47	45	31	6	29	45	22	17	19	1	35	23	16	37	40	28	21	32	30	40	50	47	39	47	7	50	26	10	16	19	16	33	12	17	38	13	18	33	33	39	16	0	3	30	28	10	45	27	1	35	3	15	36	14	23	45	15	31	18	3	23	26	18
45	50	21	24	46	31	27	9	32	39	41	11	1	9	42	15	13	30	43	24	8	12	45	34	17	26	44	32	30	20	15	45	4	50	5	24	18	40	18	29	43	13	14	37	16	30	25	43	27	32	24	12	50	42	20	31	39	19	19	8	40	18	4	36	7	9	22	32	13	48	39	38	7	25	4	27	28	49	26	0	49	40	15	24	47	50	49	18	44	36	29	11	10	48	50	38	41	33	21	26
31	3	44	29	21	16	15	8	40	29	4	41	41	36	3	16	19	3	43	46	26	18	8	2	16	39	5	18	11	47	41	23	42	4	23	34	9	23	6	21	11	31	13	16	45	41	28	3	47	9	40	35	22	22	12	30	26	1	21	7	37	8	43	38	8	12	38	9	4	45	7	22	11	21	9	21	19	21	15	10	0	39	21	12	28	41	29	5	35	35	43	29	4	10	41	9	49	45	13	30
19	47	49	40	18	7	27	27	43	28	44	39	4	24	36	30	45	17	5	13	9	8	13	9	38	12	30	11	38	20	8	27	11	49	15	19	35	45	32	20	26	35	4	46	36	22	25	12	46	25	23	46	29	47	43	9	27	27	25	36	49	25	8	15	4	9	23	18	40	29	12	37	18	30	20	10	3	43	23	19	5	0	46	35	49	26	50	45	37	9	32	5	46	40	49	1	15	47	29	29
45	37	5	15	22	7	38	44	43	41	29	9	44	21	31	28	6	34	9	32	8	29	40	25	39	13	8	36	12	45	31	29	18	2	44	50	50	48	13	47	40	28	37	14	20	26	24	6	41	49	33	17	41	22	35	46	37	19	23	40	35	2	44	2	13	17	48	41	20	15	18	37	42	48	36	5	18	14	16	27	8	17	0	9	42	9	25	24	1	30	41	25	43	47	6	40	45	36	31	5
22	18	25	16	21	48	2	40	33	36	12	47	15	16	42	14	16	23	43	18	38	49	44	15	23	43	24	27	44	24	4	32	22	20	31	41	11	42	2	30	27	46	46	44	21	38	1	31	28	48	8	42	33	10	2	2	27	11	24	32	24	15	22	31	28	16	17	32	1	24	20	20	27	17	10	29	26	44	6	45	47	3	28	0	44	39	39	22	31	16	46	18	13	17	46	32	18	5	48	23
10	4	17	23	10	41	40	16	9	25	24	18	20	46	41	19	19	40	23	24	21	44	26	44	11	2	3	26	21	20	6	40	13	18	22	4	10	19	19	32	46	9	6	48	21	26	31	33	21	9	50	26	25	45	33	17	22	46	41	42	33	38	28	40	49	47	36	25	50	44	8	34	5	46	6	39	34	4	8	44	34	41	41	11	0	13	9	35	10	49	35	46	5	49	6	34	15	32	6	36
39	28	5	34	28	25	3	19	33	29	22	10	8	7	3	7	48	29	3	11	36	34	39	39	44	48	34	25	37	41	26	29	26	42	15	50	2	25	8	25	13	33	35	13	14	38	1	41	25	33	49	1	11	20	49	49	10	38	39	14	38	6	49	40	6	45	42	38	23	11	16	30	3	32	33	13	29	42	14	41	2	42	48	10	20	0	28	47	9	30	26	19	6	17	27	12	5	16	18	22
35	2	8	49	27	13	30	14	33	48	27	27	9	38	7	12	6	42	28	50	6	14	49	46	32	40	20	41	18	21	1	44	19	43	28	19	19	41	13	32	23	39	21	9	38	11	1	4	22	34	9	6	7	31	6	40	32	44	31	43	40	21	19	31	34	44	16	30	41	21	17	34	12	12	37	2	3	26	20	10	31	4	26	36	30	22	0	48	35	44	16	29	35	17	1	37	48	6	22	43
11	29	17	37	11	9	1	20	13	7	7	8	32	47	7	25	41	32	10	17	29	37	43	27	48	44	15	18	47	42	8	45	6	49	2	18	37	37	23	22	48	12	35	12	18	32	37	29	33	37	49	11	1	17	36	45	17	10	7	19	39	45	5	2	28	28	35	6	20	28	34	44	39	31	2	30	1	28	42	41	21	18	40	1	8	24	41	0	2	10	41	49	15	28	11	49	10	13	44	9
17	24	35	34	9	17	35	49	34	40	4	38	20	29	19	9	43	5	36	37	22	3	14	8	17	11	21	38	32	42	26	19	10	1	32	9	2	31	24	6	31	5	9	19	43	42	21	30	4	33	40	10	47	24	38	37	43	38	41	17	4	6	47	21	42	33	27	27	33	23	30	10	37	2	50	24	20	15	46	44	3	1	31	43	17	48	37	23	0	7	37	21	28	6	11	43	22	24	20	36
13	19	31	9	31	13	13	32	19	30	4	49	12	32	37	27	8	40	31	17	1	2	8	1	19	26	23	10	29	28	40	24	20	10	22	17	36	26	13	2	43	27	36	35	18	30	23	17	47	33	21	37	36	37	12	36	19	36	12	23	19	43	4	46	17	36	40	39	36	16	20	33	12	33	5	5	13	17	25	50	42	7	4	40	33	24	28	32	48	0	3	25	30	31	44	4	32	2	31	4
9	47	4	45	3	17	10	50	15	30	5	19	3	33	27	27	44	14	49	29	13	50	27	15	27	33	27	33	3	50	36	37	40	6	26	50	9	20	50	47	47	2	9	43	27	26	48	27	22	43	13	18	40	12	25	29	50	31	44	30	36	44	45	38	33	2	11	17	28	2	4	44	48	11	4	11	26	49	4	33	45	44	7	2	7	14	37	20	33	42	0	38	24	49	20	27	36	26	1	33
43	18	28	50	12	3	46	12	48	47	23	50	18	40	41	31	14	45	21	1	38	46	50	43	1	30	7	50	28	15	32	49	48	2	21	42	12	33	33	5	26	12	47	5	2	45	40	44	45	14	29	45	12	27	14	31	33	12	29	42	47	39	1	14	17	11	48	10	23	4	21	25	9	28	45	13	48	49	43	39	23	33	40	16	40	8	42	25	39	26	41	0	24	47	27	40	11	49	26	35
8	15	34	34	43	45	15	15	25	20	14	36	9	30	27	17	19	41	36	12	36	10	15	18	19	13	36	28	46	44	14	45	30	42	50	21	16	34	23	48	26	12	32	6	19	8	7	45	45	1	16	37	42	47	34	29	18	15	37	30	22	8	37	14	7	26	46	2	25	18	14	11	21	47	41	36	38	22	24	18	40	11	5	15	35	46	23	24	5	42	32	21	0	8	29	5	8	48	15	13
9	6	10	13	25	47	28	15	10	3	21	11	27	12	22	27	8	18	19	9	32	26	4	29	23	46	7	1	3	44	49	28	32	41	31	31	15	17	36	6	44	8	17	18	45	18	10	38	5	37	10	7	5	47	34	34	23	26	16	21	36	29	36	26	49	40	25	3	16	19	37	39	3	24	36	10	41	45	48	8	14	32	48	26	37	5	22	13	35	14	9	49	14	0	10	18	16	6	2	25
25	14	11	20	13	9	41	5	2	14	25	42	10	47	46	20	22	41	42	47	46	28	26	19	31	32	50	21	43	29	6	45	6	11	30	2	5	48	45	9	34	49	25	31	43	12	5	41	47	28	44	11	44	16	21	25	21	40	2	29	11	12	15	20	33	11	7	17	36	50	11	35	17	27	31	5	33	41	31	45	34	5	36	28	35	30	13	38	18	43	22	5	16	1	0	17	36	27	49	46
14	34	24	20	21	2	48	37	33	5	2	16	37	35	7	11	13	32	19	21	11	20	46	12	19	7	45	38	38	14	50	6	1	14	37	32	34	19	45	45	9	19	41	23	24	46	50	49	16	48	1	8	24	23	10	30	10	16	49	13	21	16	30	15	35	44	7	44	41	14	5	20	26	10	21	12	36	28	45	37	13	35	26	36	38	15	26	27	27	26	5	8	39	27	42	0	6	22	50	40
46	29	4	38	48	33	37	17	15	22	13	23	16	38	32	48	38	22	21	9	6	1	29	18	6	26	21	11	50	20	15	36	35	32	48	15	18	27	7	41	45	44	14	21	4	10	24	10	42	2	14	33	42	9	18	4	33	45	42	9	40	13	12	50	6	18	47	48	14	46	4	40	8	37	5	6	44	10	39	10	6	16	8	32	42	16	32	34	1	39	9	48	42	9	2	18	0	49	30	48
5	38	15	3	45	45	41	33	26	20	18	15	21	1	24	46	1	45	40	7	18	33	41	41	44	44	42	9	13	13	15	25	19	48	38	37	32	25	50	30	13	20	25	21	39	30	18	6	2	13	27	14	39	14	9	19	31	2	26	45	18	48	28	35	8	9	41	28	46	25	6	49	24	31	21	19	36	2	1	26	39	14	48	18	41	49	1	7	49	21	28	48	25	4	22	27	2	0	13	30
7	7	30	33	11	40	12	31	31	20	41	4	16	15	39	10	42	9	27	5	47	18	14	12	25	9	25	49	25	42	11	42	8	38	5	4	31	24	14	49	42	41	29	36	24	33	21	45	14	24	25	30	15	29	25	39	45	47	12	5	20	28	2	17	13	27	11	17	39	24	49	29	1	36	41	44	24	7	46	50	14	47	45	48	1	22	8	46	46	33	33	1	38	24	13	43	43	27	0	45
16	12	26	20	31	28	43	14	10	23	26	17	37	39	36	43	6	47	27	13	29	49	23	37	43	48	5	13	39	50	16	6	25	14	36	11	34	48	50	26	10	14	20	12	23	33	34	46	49	18	37	40	48	28	16	20	36	50	41	34	35	43	24	11	23	15	5	30	43	13	44	30	14	17	47	31	41	3	3	32	9	39	14	4	37	9	14	28	35	44	48	32	2	44	44	31	1	6	20	0
