4
8
1	5	4	4	1	2	2	2
3	3	5	3	2	4	4	5
3	4	1	2	4	4	3	4
4	1	1	1	4	5	3	1
21	33	11	24	33	39	47	22	43	12	49	13	32	27	31	19	43	10	10	49	11	41	44	24	25	19	32	15	41	21	18	11	10	14	32	16	26	37	50	30	15	15	17	20	32	44	29	41	26	37
44	22	26	36	36	24	44	37	39	30	47	47	34	34	33	28	19	47	15	45	17	31	27	50	29	27	46	15	17	11	43	48	34	46	27	46	20	35	24	17	46	49	21	33	10	43	46	39	37	41
12	39	44	49	10	28	10	48	19	10	43	28	39	28	34	13	12	47	10	44	24	24	33	14	40	26	42	18	41	35	21	42	37	10	26	33	23	28	23	36	14	50	38	50	50	11	30	16	45	19
34	17	50	11	25	41	36	15	34	33	14	11	42	33	37	46	17	16	44	38	21	32	19	14	14	26	28	25	42	21	47	11	32	34	36	10	35	38	20	30	25	14	15	30	39	48	39	20	34	20
25	28	49	36	23	39	26	21	50	31	22	22	47	44	10	18	46	17	30	37	39	18	12	23	39	50	33	26	34	34	13	36	22	22	33	38	25	32	41	34	46	25	44	20	39	29	16	37	19	39
25	49	17	16	31	36	46	14	11	40	44	47	44	27	39	13	45	33	26	17	35	20	48	23	42	40	22	45	47	41	37	39	37	16	16	49	35	22	42	49	21	38	29	19	27	10	10	23	12	16
36	24	22	20	26	24	24	23	23	18	36	37	39	36	22	14	47	26	28	13	26	32	45	27	11	48	21	31	38	30	42	50	48	17	22	32	29	32	31	46	19	28	44	36	19	31	27	14	20	32
43	34	21	22	50	22	26	42	32	37	17	33	11	26	46	27	21	35	43	35	10	50	29	28	42	11	22	46	35	49	40	21	42	29	48	47	33	45	18	21	35	37	32	49	37	49	11	32	36	38
1 5   
1.5 10
1
1.5
25	9	25	29	19	2	47	37	36	24	20	29	6	42	25	30	26	4	10	23	7	46	27	50	27	7	50	41	8	20	19	3	13	24	47	6	18	6	27	12	3	25	34	43	27	25	50	27	27	29
0	21	44	35	20	19	27	21	41	40	14	2	36	16	4	17	48	15	50	11	4	18	40	2	36	42	21	13	46	37	11	29	10	36	42	33	37	4	3	20	37	28	33	15	38	21	48	38	48	1
10	0	35	35	23	7	47	44	20	42	29	27	34	40	39	14	2	1	33	50	32	31	8	17	47	30	4	13	37	23	37	1	45	43	46	21	46	39	47	4	15	22	12	14	8	1	15	24	4	48
28	46	0	18	40	2	32	47	32	42	23	49	21	3	22	48	45	11	7	11	27	9	36	36	35	39	45	9	43	42	25	18	38	44	11	6	28	35	17	6	6	47	15	4	23	34	19	15	28	37
12	2	3	0	11	49	17	9	20	6	43	36	44	36	15	12	37	33	46	11	25	3	27	11	28	27	12	5	1	25	10	35	8	20	42	14	48	4	22	48	1	28	41	10	29	44	43	34	20	19
30	39	32	37	0	33	17	9	16	7	41	21	15	27	32	37	30	46	47	21	36	34	37	14	40	22	39	43	6	13	7	35	37	42	2	6	45	29	47	2	4	49	29	36	8	12	7	13	27	32
18	10	43	49	44	0	36	44	19	15	11	28	24	14	48	15	24	43	10	21	33	14	19	5	43	6	43	15	9	31	11	16	24	42	20	39	17	29	39	22	32	18	34	23	14	49	35	34	23	29
15	46	5	47	24	38	0	25	4	29	30	1	5	22	24	15	22	14	28	2	31	44	28	17	29	20	38	3	11	14	41	46	13	29	20	49	1	12	9	48	49	37	49	1	8	18	23	6	10	7
17	3	32	4	46	13	13	0	22	23	3	3	19	40	9	10	48	41	11	46	21	14	25	28	6	22	27	33	36	42	37	17	14	17	45	38	49	18	5	6	44	50	23	24	11	10	2	14	13	40
38	45	49	8	33	5	22	22	0	44	45	46	13	39	35	48	25	29	43	45	16	22	36	2	45	16	20	12	19	9	24	38	35	49	22	11	13	17	50	34	19	14	22	10	18	30	31	48	29	23
18	23	44	26	24	48	33	27	46	0	48	44	43	44	5	34	6	14	31	11	44	21	49	27	42	16	17	4	18	32	16	3	20	38	12	28	13	36	15	15	29	8	48	29	21	13	4	48	46	38
48	24	7	29	7	35	21	49	14	18	0	20	44	43	39	10	8	4	7	29	36	20	39	5	12	23	19	41	7	2	1	28	47	5	43	35	8	15	26	31	30	5	14	13	48	28	45	41	4	22
33	28	41	17	41	28	46	40	11	23	5	0	9	16	13	17	45	41	41	31	44	17	30	27	46	18	49	29	42	50	1	42	36	1	20	5	48	45	21	29	50	32	4	1	27	18	34	18	20	43
17	17	11	4	21	29	27	42	10	20	7	2	0	12	11	9	1	24	39	25	36	20	14	36	14	6	45	39	31	7	9	30	29	24	19	12	31	35	49	23	38	7	41	31	38	35	24	18	28	31
50	4	5	41	34	49	47	15	32	25	43	47	27	0	34	43	13	21	43	49	15	18	50	29	18	10	28	26	15	17	19	19	9	31	47	1	17	34	49	17	15	32	26	8	9	46	7	43	33	34
9	28	40	46	20	16	3	35	39	9	18	38	24	16	0	11	13	47	43	8	20	32	47	32	43	31	28	10	19	14	2	7	12	42	46	5	40	7	23	49	37	6	24	4	28	5	44	27	2	43
10	1	50	48	44	1	32	26	38	24	29	26	25	35	20	0	4	10	49	3	24	16	43	12	50	47	4	39	14	26	17	37	44	18	45	29	43	9	39	19	4	37	50	45	32	11	26	21	42	39
15	9	39	10	11	29	28	14	47	2	9	21	44	19	25	28	0	21	40	7	10	34	18	9	35	17	5	49	12	40	35	26	33	32	29	23	6	15	32	40	23	5	46	27	5	2	50	39	47	44
29	2	12	5	5	27	11	29	20	22	28	22	46	46	36	25	10	0	35	45	48	3	17	36	41	46	29	46	21	1	50	9	23	50	40	33	27	45	42	42	15	46	2	26	9	1	35	21	7	42
41	34	23	24	29	19	23	12	46	45	9	41	37	15	49	29	28	12	0	30	34	39	45	16	2	28	23	21	23	7	41	34	35	40	49	39	35	6	4	24	22	38	46	35	22	15	26	47	6	3
32	24	12	44	34	41	37	22	25	42	19	21	48	50	35	13	27	5	6	0	33	35	7	16	43	44	30	27	34	26	37	1	12	37	19	22	39	36	46	7	46	23	14	34	37	16	46	44	24	43
10	23	39	21	21	37	4	20	11	16	26	2	27	37	29	12	23	12	22	50	0	5	13	33	2	44	12	18	49	9	19	5	37	41	49	32	15	36	2	4	46	37	26	32	9	24	2	6	44	35
11	27	36	32	20	46	38	15	25	3	28	21	32	15	16	16	6	34	37	44	20	0	41	34	27	35	46	24	24	50	14	47	49	38	37	42	49	22	17	37	50	39	11	33	15	30	45	16	48	33
32	45	49	38	18	26	1	8	15	36	21	11	4	1	6	36	19	46	36	35	14	22	0	5	43	29	30	15	11	15	16	32	11	12	50	49	19	29	1	16	15	31	45	50	27	44	13	4	36	26
16	38	49	41	24	5	33	28	8	1	28	13	3	21	36	47	50	37	46	42	42	35	1	0	13	36	9	18	20	23	28	16	27	16	26	27	9	17	28	32	18	22	36	29	35	6	49	17	4	32
50	38	46	23	10	37	33	7	23	15	36	11	31	19	34	18	50	31	8	34	40	23	17	28	0	46	23	40	40	13	13	3	12	19	37	33	38	8	24	12	36	31	42	32	33	12	26	5	3	17
18	17	15	32	9	42	14	18	41	23	1	12	14	16	10	5	42	24	28	29	44	45	9	14	11	0	35	10	50	1	32	9	48	26	31	9	49	50	31	6	17	27	24	24	6	25	4	32	23	14
12	26	21	39	33	22	12	5	45	26	23	50	40	36	1	12	43	46	26	45	25	28	9	49	48	35	0	20	23	9	9	29	47	14	42	42	18	50	25	49	21	31	20	21	43	43	42	29	2	6
46	10	4	38	30	32	39	39	1	20	8	11	22	46	7	34	44	9	37	19	34	35	5	24	18	21	30	0	31	41	42	25	43	25	31	2	22	35	37	49	29	4	42	17	11	39	5	49	6	32
7	4	8	32	18	8	36	39	47	10	25	48	14	40	30	30	7	46	5	44	6	49	22	13	7	45	14	26	0	44	12	48	15	42	32	43	26	17	9	10	6	30	43	33	40	29	24	14	45	6
35	2	35	42	5	14	46	47	12	26	13	35	47	46	17	46	7	19	34	13	15	45	48	44	26	10	38	36	11	0	14	7	13	48	19	48	24	2	22	37	18	22	30	8	26	40	9	31	46	30
44	36	10	37	5	3	13	24	8	1	13	1	2	20	2	43	31	40	27	44	18	50	40	48	24	7	48	1	12	22	0	4	32	8	25	23	49	32	2	14	20	17	8	19	38	18	35	34	39	42
42	46	12	39	12	6	26	39	18	4	48	23	41	33	19	41	7	22	17	42	11	37	18	3	49	14	2	19	10	13	48	0	25	41	20	30	16	47	48	3	8	16	41	14	32	25	44	8	25	11
36	24	49	13	24	25	24	41	32	3	3	46	33	41	33	29	21	32	5	9	26	8	19	41	46	4	30	32	5	38	36	49	0	17	15	23	15	36	11	49	20	1	38	30	39	27	8	9	7	4
36	4	42	24	5	40	43	23	43	20	50	50	49	19	47	7	46	12	19	3	32	22	38	25	24	31	47	48	46	24	30	4	30	0	31	14	50	35	8	44	38	5	12	5	15	2	20	48	29	9
5	36	7	29	8	12	4	49	8	8	41	20	27	50	26	24	17	13	7	47	34	45	14	4	25	3	48	4	16	38	25	27	33	43	0	39	37	41	24	40	25	14	35	36	28	1	27	7	48	42
23	26	30	36	25	6	6	36	47	41	9	19	29	18	48	33	43	33	6	40	25	28	43	12	43	27	40	12	42	49	9	8	2	11	47	0	28	38	39	47	35	46	13	36	17	50	30	7	14	14
34	23	32	12	41	11	2	7	47	23	33	22	34	23	33	30	25	17	23	7	9	33	14	20	38	1	44	39	27	31	50	29	34	4	32	1	0	12	36	18	40	21	26	29	30	14	31	26	44	17
25	37	40	14	50	29	7	30	10	12	2	38	3	23	15	32	29	38	12	27	16	16	42	32	12	15	26	23	34	9	26	11	26	28	4	26	28	0	15	43	5	30	35	30	49	39	1	35	8	4
44	25	7	49	30	27	8	39	20	27	50	46	10	12	24	18	8	15	35	35	24	46	1	27	47	3	24	25	29	43	14	25	27	13	35	9	30	17	0	29	40	47	28	20	27	34	35	6	45	7
24	19	42	29	7	17	46	2	21	8	11	12	49	6	13	10	30	25	47	25	11	36	14	16	38	25	14	31	2	37	44	35	47	20	22	11	34	16	32	0	29	47	6	36	34	18	36	43	45	27
15	25	19	6	6	32	44	48	21	36	26	39	4	34	18	45	22	27	25	1	15	15	12	34	10	24	42	42	39	4	34	2	9	39	38	36	37	14	3	48	0	30	16	31	47	48	15	4	38	2
3	29	8	20	25	6	33	11	10	24	36	22	39	10	2	26	28	6	18	16	50	30	34	1	36	46	16	47	44	39	17	33	50	45	30	16	27	36	18	10	15	0	24	13	29	39	32	39	12	34
32	13	13	46	40	7	50	37	16	44	13	39	2	13	35	20	48	9	6	32	22	9	44	13	6	49	27	39	24	20	8	40	23	23	20	32	41	21	30	5	19	47	0	38	16	38	16	27	35	42
37	43	47	14	21	11	4	15	15	40	50	30	26	39	32	9	20	44	22	10	18	19	28	48	39	1	39	21	49	40	47	13	40	24	20	38	45	16	37	5	12	20	11	0	20	8	28	9	28	43
1	27	42	30	39	2	43	50	25	30	27	36	17	18	19	50	45	27	39	35	43	16	14	33	26	5	40	23	44	26	43	36	9	44	12	37	30	3	29	50	8	50	5	46	0	19	13	18	11	23
41	38	28	47	13	41	18	43	49	50	32	5	44	13	17	38	41	26	7	31	32	37	25	43	41	22	18	36	2	32	42	17	23	15	40	23	8	24	28	7	34	14	2	48	30	0	34	31	45	27
45	49	16	36	47	25	11	15	10	28	36	23	46	39	25	23	6	45	43	13	31	44	16	44	4	30	41	5	35	8	25	30	42	21	20	17	4	30	34	37	41	16	22	21	37	13	0	30	23	31
14	1	24	50	26	4	14	7	24	2	16	28	14	45	18	31	11	1	34	9	5	4	6	11	43	20	31	16	47	39	38	6	49	28	14	13	21	39	44	42	3	46	6	31	13	19	16	0	47	24
10	7	40	29	11	34	11	17	6	2	14	3	28	45	28	25	27	45	30	49	23	16	47	35	29	49	17	6	32	19	43	40	13	28	34	25	23	40	22	50	26	14	50	13	47	26	41	48	0	33
19	35	10	39	6	9	36	11	19	16	2	14	18	47	25	31	46	20	33	48	47	3	20	37	34	6	39	45	13	31	32	4	7	21	1	31	16	29	12	21	21	29	16	14	33	5	47	37	27	0
38	34	37	27	13	37	33	49	48	3	26	12	38	12	31	12	14	1	7	42	42	8	26	23	42	7	8	31	2	29	23	4	19	45	31	10	10	41	45	19	7	30	28	49	11	5	28	20	20	34
0	38	50	18	19	29	1	9	16	13	34	13	29	43	40	41	37	27	39	38	22	3	26	46	27	26	32	3	36	6	18	7	49	12	42	10	30	10	5	40	44	23	50	33	18	14	39	50	35	45
46	0	43	16	19	20	17	48	34	18	4	36	7	4	2	14	13	33	1	46	50	35	7	49	28	35	28	43	39	40	3	27	7	17	39	11	32	16	33	28	16	26	10	3	32	43	31	22	12	45
40	7	0	17	30	29	19	37	18	50	48	10	48	27	41	35	35	4	9	34	35	37	7	24	6	6	6	27	25	3	22	1	12	15	7	25	38	24	23	42	12	29	25	9	38	26	14	15	2	13
6	19	10	0	41	30	40	34	9	5	31	6	23	1	50	27	20	48	7	14	16	39	2	19	18	22	10	11	38	35	32	41	1	44	23	3	2	40	19	20	10	7	32	39	1	47	23	12	18	26
13	33	35	18	0	25	34	34	44	13	5	47	9	37	41	13	47	19	10	40	23	44	21	17	31	5	31	23	30	39	22	19	32	35	46	10	18	3	13	11	17	28	35	18	47	3	48	23	43	47
10	16	32	40	38	0	47	18	25	32	50	44	37	11	9	32	45	5	15	39	21	47	24	32	48	16	28	1	7	8	44	50	19	17	33	27	3	39	41	28	10	24	27	1	5	11	4	1	36	42
4	27	5	27	46	8	0	4	33	48	29	1	4	41	24	41	32	36	15	15	1	14	14	32	2	37	49	2	13	36	12	5	13	10	31	17	50	41	23	13	5	49	29	17	17	21	14	36	46	11
48	7	44	41	19	32	29	0	17	10	5	40	18	41	34	11	3	42	45	41	45	19	12	50	5	20	44	19	30	37	40	7	35	17	6	34	16	41	16	8	28	30	10	28	47	8	35	2	14	38
43	23	4	33	43	45	15	35	0	22	6	17	8	20	23	18	12	13	26	19	50	13	27	38	16	42	7	10	35	35	38	11	35	37	6	49	1	40	18	27	11	44	32	10	11	28	48	10	7	13
30	27	17	31	36	1	34	42	47	0	32	17	45	10	37	33	49	42	8	45	7	47	4	6	5	46	38	25	20	38	36	10	49	4	42	20	38	46	45	43	36	33	21	22	13	31	5	50	47	22
47	47	20	15	34	18	41	27	36	26	0	6	37	22	10	31	30	46	45	18	3	14	14	43	30	24	19	31	5	14	29	46	12	17	9	39	30	40	19	6	11	31	14	7	16	37	50	39	47	39
27	27	42	39	7	29	4	6	45	25	5	0	14	42	49	11	44	18	1	13	8	21	46	7	27	26	37	24	48	12	46	2	16	47	8	46	28	14	47	8	15	18	13	25	18	29	5	14	43	34
29	6	4	13	4	9	5	46	33	26	26	24	0	33	37	34	48	21	6	33	9	38	30	46	33	6	8	40	6	32	17	12	10	20	25	21	49	9	22	15	18	38	41	25	37	37	27	21	41	38
48	20	23	48	32	39	36	50	10	31	35	5	44	0	19	19	21	20	49	25	2	1	26	36	31	38	41	33	20	25	34	9	35	37	46	25	42	11	27	24	11	2	43	20	27	26	16	17	42	14
48	18	18	12	25	47	21	12	29	31	45	9	6	36	0	36	39	16	27	27	12	14	45	4	32	10	6	38	6	1	43	39	6	4	2	6	2	46	20	31	8	38	46	17	37	15	45	30	32	34
35	9	35	41	36	17	27	43	17	43	45	19	44	30	34	0	37	21	16	9	7	36	38	11	30	21	20	46	28	14	30	46	37	25	26	12	50	32	2	39	39	42	27	28	24	15	49	30	4	27
34	44	24	30	39	32	27	29	13	26	37	26	43	24	29	47	0	10	47	17	46	10	8	12	13	16	40	49	48	1	24	22	47	22	7	43	42	33	8	27	6	15	47	45	25	49	33	38	9	29
44	32	50	31	28	36	23	4	17	30	23	19	20	10	44	37	17	0	46	41	12	22	4	49	9	27	46	32	47	31	4	11	11	43	16	35	13	14	23	3	6	44	41	31	45	27	29	13	27	12
38	25	33	26	29	12	31	24	46	13	4	2	11	36	41	20	39	48	0	13	30	3	19	2	10	47	12	38	42	28	6	2	15	49	8	26	23	26	37	12	6	26	38	19	30	17	14	22	15	38
9	33	22	33	33	50	34	43	18	29	2	35	37	40	27	45	25	31	29	0	24	17	9	34	23	35	39	25	24	1	9	41	17	26	14	20	41	32	32	34	35	42	16	4	27	21	19	38	28	43
46	13	28	6	24	49	26	11	21	22	31	47	26	46	21	6	32	35	30	11	0	44	36	2	36	27	22	25	22	43	20	8	34	14	50	47	21	19	38	3	14	49	15	6	47	43	7	15	5	10
34	31	46	8	22	31	45	28	47	22	39	7	3	50	50	43	14	11	22	42	17	0	4	38	3	29	41	3	33	36	45	37	36	33	5	18	50	22	8	39	11	39	21	10	41	2	35	43	19	40
2	28	40	31	50	32	23	10	5	21	50	31	8	16	23	36	29	19	12	21	47	31	0	18	25	28	21	12	41	5	45	27	8	47	25	34	49	35	12	30	37	20	31	32	31	18	48	4	3	40
44	2	20	7	4	22	8	9	34	43	3	7	8	44	38	29	38	13	2	46	25	25	24	0	41	30	25	18	15	40	7	6	14	20	2	1	23	25	2	39	32	46	17	17	2	9	26	1	24	28
20	20	18	37	44	41	23	15	13	8	48	18	21	41	50	24	2	50	17	13	37	2	23	30	0	26	26	45	24	33	46	13	29	19	10	35	36	20	45	13	43	40	14	35	46	33	19	12	25	46
22	44	26	36	22	23	6	23	31	5	27	13	21	38	34	30	13	33	47	8	9	33	28	7	27	0	8	20	26	35	22	11	47	4	30	25	4	10	35	16	11	26	14	12	23	9	7	3	6	38
36	13	22	48	50	23	46	30	26	22	50	42	3	33	36	40	43	19	12	30	14	34	23	34	18	38	0	18	34	49	4	28	5	21	10	4	27	5	5	12	25	37	47	34	37	41	40	28	45	23
37	31	45	49	22	41	23	50	8	3	11	24	13	40	6	14	38	22	34	25	24	38	34	7	44	44	41	0	50	8	29	17	17	13	17	4	37	42	15	7	37	8	31	17	47	47	38	43	1	16
47	46	13	10	35	40	15	18	21	41	26	22	45	20	11	36	33	8	43	17	28	2	31	37	25	22	28	14	0	6	10	35	38	12	35	27	42	13	33	41	5	7	7	36	8	39	28	12	13	50
4	14	32	48	2	29	11	12	20	9	37	38	22	10	20	16	19	46	8	44	5	1	44	37	8	1	17	25	20	0	37	6	28	25	43	26	30	31	49	46	33	1	32	37	11	23	43	35	33	26
27	42	8	10	29	23	5	16	20	36	33	1	34	21	46	25	1	18	37	14	29	13	39	7	42	18	47	33	19	6	0	31	46	29	26	6	5	21	17	18	5	6	32	25	18	32	14	21	1	44
16	34	50	7	34	15	1	22	2	27	33	29	26	43	19	28	3	33	45	48	43	4	28	39	36	8	34	46	16	4	43	0	33	22	36	15	26	25	37	37	29	31	21	12	50	7	16	1	49	41
43	40	36	11	23	7	30	37	10	33	1	45	28	38	12	50	3	50	11	1	32	33	15	25	13	11	42	32	8	37	41	46	0	41	28	31	27	21	50	11	41	18	17	24	46	22	39	37	4	35
50	46	12	34	45	47	42	27	20	23	11	12	1	29	43	33	19	31	34	1	24	29	39	46	23	32	48	17	7	22	42	2	41	0	1	32	15	37	26	50	19	38	16	47	23	2	4	27	8	26
32	24	1	45	44	25	17	20	13	50	23	15	21	18	7	37	38	47	20	11	29	4	13	20	48	10	37	48	35	4	47	42	15	7	0	10	13	29	18	43	36	35	10	36	39	24	10	37	4	30
39	5	17	37	32	30	32	36	9	38	39	47	42	16	16	12	8	25	42	9	23	27	44	26	2	5	45	27	50	50	34	49	8	13	11	0	46	11	2	13	18	22	50	7	48	3	9	43	12	44
43	45	43	38	44	25	29	38	19	36	2	42	11	33	22	11	46	41	7	41	13	17	38	50	40	19	31	42	15	25	29	29	8	9	18	27	0	44	24	31	33	40	33	25	3	40	48	3	50	50
25	19	22	16	25	16	30	20	49	15	7	9	14	13	11	50	44	20	9	22	6	13	36	34	31	21	4	44	30	15	14	4	18	47	35	35	30	0	35	39	23	17	11	7	6	27	9	1	3	24
3	33	22	27	43	30	10	19	29	11	37	38	6	9	10	18	37	8	17	8	47	11	9	46	34	50	46	24	2	23	28	33	16	13	17	29	9	44	0	34	32	32	49	10	36	16	33	17	24	44
5	44	38	49	10	33	21	2	37	15	39	30	26	42	32	35	4	31	10	24	9	44	18	2	44	5	46	27	35	14	1	17	14	23	16	33	48	42	45	0	28	10	30	37	13	39	7	8	28	2
42	21	10	34	44	2	29	37	49	5	18	44	5	31	36	28	1	24	4	1	39	14	6	17	37	7	17	41	28	15	34	25	24	9	42	20	21	33	34	50	0	47	18	8	7	21	36	46	33	37
11	49	18	44	36	33	18	40	15	3	23	41	38	14	19	43	21	28	42	31	19	1	29	29	26	31	23	22	12	48	44	25	32	28	23	41	25	42	37	45	10	0	43	15	12	13	47	23	37	46
4	25	20	38	42	50	34	26	44	48	1	34	40	14	5	29	27	40	23	3	43	40	48	40	44	4	41	25	41	48	15	39	10	2	46	29	22	10	14	44	31	6	0	40	45	21	4	4	44	3
4	25	19	47	50	43	11	36	49	24	35	21	3	21	39	46	31	21	36	30	10	13	9	9	10	15	31	38	4	39	38	35	11	13	44	47	2	22	45	47	20	13	50	0	36	16	32	25	46	3
39	44	41	23	48	42	14	18	11	19	16	35	4	43	2	45	1	35	9	37	10	34	10	12	12	40	19	29	11	13	23	8	11	44	23	41	45	12	21	22	13	47	42	16	0	3	4	24	34	28
12	17	24	15	21	2	39	20	18	12	9	49	33	37	41	23	11	42	47	27	42	45	33	8	26	16	23	8	15	7	13	23	45	17	3	31	26	21	40	38	48	50	20	10	3	0	36	18	5	14
20	35	11	50	3	8	13	6	30	25	19	25	27	20	34	35	46	23	29	42	47	35	35	42	2	27	28	46	11	49	31	6	10	27	50	8	32	32	12	46	6	15	21	36	15	25	0	4	20	24
46	9	31	4	23	17	50	27	21	37	5	23	45	30	4	49	1	32	22	16	32	37	3	32	7	26	10	43	30	24	15	12	49	37	24	2	31	42	45	6	24	32	17	4	16	27	28	0	35	42
34	32	4	47	44	30	43	11	27	27	35	6	32	24	37	3	11	14	3	33	8	10	36	27	47	23	22	34	6	32	32	24	49	9	40	28	1	27	7	4	7	7	25	20	37	34	5	6	0	29
18	45	49	46	9	27	37	49	33	13	50	30	50	48	5	13	45	19	6	36	4	17	36	30	45	33	47	23	29	3	6	21	6	15	33	49	18	37	10	49	17	44	22	26	8	47	8	3	34	0
13	1	7	3	24	45	12	41	38	10	15	8	28	5	34	7	40	50	4	5	7	27	11	31	44	5	23	38	18	18	5	43	5	14	33	14	41	45	47	46	20	44	2	33	6	33	44	1	32	10
0	13	43	48	40	32	45	38	28	43	36	35	28	36	36	42	43	22	12	5	21	9	10	37	12	11	1	29	34	42	45	45	32	49	42	3	28	15	4	15	37	39	17	1	25	44	22	22	30	14
2	0	50	27	23	36	24	32	23	20	22	39	48	19	50	27	47	42	7	21	44	12	35	44	31	38	43	24	25	39	35	26	5	30	36	28	17	13	10	23	40	34	39	10	6	36	19	22	7	41
44	11	0	9	22	22	15	2	30	13	17	11	35	31	44	11	25	50	3	25	1	20	17	5	31	26	11	16	28	47	40	35	5	27	50	10	33	23	26	47	13	8	48	36	7	32	42	15	27	18
35	12	5	0	11	40	37	50	47	43	50	2	36	34	45	33	36	27	28	18	50	31	49	6	30	9	23	37	43	29	21	2	47	26	26	27	2	1	25	9	9	44	28	32	42	25	21	4	28	11
11	24	7	44	0	38	24	10	49	33	2	41	5	32	39	36	28	16	12	4	42	39	23	25	27	12	17	29	20	23	18	35	26	43	19	9	37	10	23	8	37	8	1	4	17	45	50	10	4	7
31	32	48	1	30	0	6	18	26	29	34	12	9	23	13	38	49	1	2	24	32	29	48	44	17	22	24	47	3	3	19	38	13	42	28	46	49	15	28	1	2	44	21	33	7	17	20	24	43	2
19	9	29	21	19	17	0	46	11	20	7	7	19	32	32	22	42	32	24	48	2	27	47	23	43	31	25	32	18	33	49	44	49	24	13	22	45	11	34	34	1	27	11	36	37	38	17	12	14	7
33	50	7	16	43	3	37	0	3	48	9	42	27	17	21	31	35	5	33	26	44	39	28	11	48	3	28	1	18	26	14	41	21	16	46	39	50	46	34	39	8	30	29	10	43	45	46	8	19	45
40	17	48	43	38	1	42	37	0	4	49	27	23	34	22	37	23	29	46	39	28	5	7	5	38	34	32	33	21	32	4	12	2	30	50	6	8	39	39	28	4	49	40	43	3	48	19	19	45	35
11	1	21	44	21	11	26	47	2	0	14	2	34	29	26	35	50	28	17	11	42	23	49	32	30	32	43	35	23	15	1	39	30	1	47	22	22	14	46	11	30	35	17	48	26	4	36	32	26	49
33	5	10	1	50	26	14	49	10	43	0	43	49	26	49	44	11	50	32	13	32	18	49	17	31	13	30	25	3	17	36	35	20	40	48	35	19	18	43	36	20	38	21	17	50	34	49	39	12	31
42	11	43	29	34	39	9	5	19	44	46	0	36	17	21	13	20	18	24	19	15	42	7	34	13	49	21	30	15	16	22	25	2	27	25	5	34	41	20	13	29	44	49	47	22	24	2	36	38	37
42	9	30	36	7	23	26	4	5	39	39	42	0	30	4	34	44	4	30	31	27	28	39	15	9	10	21	15	32	32	33	50	36	21	49	28	37	2	30	29	26	23	11	42	3	14	13	10	7	43
3	25	39	37	41	25	41	43	31	33	26	10	48	0	14	41	31	8	2	46	11	35	42	11	44	28	37	20	33	50	40	4	3	15	8	28	41	24	16	10	4	16	49	18	2	26	15	20	15	30
3	29	25	50	20	17	46	16	31	7	19	20	21	37	0	43	36	34	31	50	36	26	10	41	13	28	17	1	18	43	37	33	42	25	16	19	5	4	4	49	39	34	47	23	34	32	23	39	42	49
18	24	40	19	22	44	22	11	38	31	17	15	48	30	20	0	8	22	5	4	9	5	33	24	38	12	28	4	34	27	35	17	34	42	36	9	8	34	23	47	31	45	13	25	35	3	33	26	49	1
39	13	6	12	46	46	25	39	39	32	11	19	4	1	31	40	0	3	43	41	25	3	35	15	22	40	14	4	47	25	12	20	45	18	32	46	40	43	30	2	17	22	2	39	36	45	1	19	31	36
20	27	2	32	39	43	27	25	40	13	39	21	16	23	4	8	24	0	41	35	38	14	31	28	37	2	31	8	24	9	46	26	49	3	32	17	28	26	39	20	30	7	16	35	9	4	34	13	31	3
13	29	27	6	47	33	38	22	31	6	43	15	48	21	3	23	4	1	0	15	16	11	9	10	43	5	9	39	47	1	13	43	3	8	35	19	49	44	9	30	46	41	29	12	32	25	38	12	49	24
30	19	24	23	23	15	13	36	8	36	12	15	9	32	10	17	15	30	24	0	2	28	30	10	23	5	31	23	5	26	2	47	15	34	8	35	31	10	3	22	27	12	19	33	32	32	19	40	45	10
32	38	8	33	47	15	34	8	49	27	29	49	11	10	34	21	11	9	32	29	0	38	38	26	34	12	39	3	30	48	20	46	11	41	40	14	32	28	14	21	22	26	36	18	8	36	27	22	28	34
24	26	32	34	28	7	4	21	18	18	34	18	13	31	9	13	1	42	18	35	20	0	28	6	39	7	16	39	22	18	42	12	17	7	11	28	49	13	22	10	44	17	42	19	4	32	7	18	22	14
27	8	45	25	19	36	30	15	11	6	37	42	46	29	1	8	36	23	42	9	43	44	0	33	49	36	33	12	1	2	28	2	40	21	30	49	27	21	26	27	27	47	3	37	26	41	32	6	18	22
41	44	50	27	1	49	4	30	43	15	7	28	19	11	45	23	24	40	41	38	25	46	6	0	13	13	5	34	17	40	37	21	9	1	15	9	38	42	17	9	37	25	34	12	21	24	23	47	31	20
17	27	34	43	26	33	16	17	44	25	26	42	7	12	35	47	40	50	42	15	48	22	24	18	0	28	4	25	1	39	38	28	6	9	9	23	7	9	43	8	42	18	23	29	21	20	21	12	41	42
39	22	19	13	34	27	10	49	4	40	34	34	6	4	38	19	36	44	34	34	24	49	3	25	4	0	32	44	15	21	41	15	25	20	44	23	4	11	1	9	1	16	10	25	5	32	12	9	21	12
40	10	32	5	10	35	22	13	49	14	21	38	9	41	13	42	16	47	14	26	4	13	33	12	3	28	0	11	22	16	20	9	37	33	31	43	38	22	10	5	34	47	10	28	3	32	37	50	6	44
15	28	22	13	42	48	42	46	32	10	10	25	42	3	31	40	19	48	32	33	39	15	18	33	24	28	9	0	26	18	24	35	41	14	17	31	9	27	50	7	50	26	27	44	49	39	29	16	34	23
46	40	32	12	6	2	4	36	4	42	4	13	10	13	36	31	29	17	42	15	14	31	20	27	7	28	15	20	0	38	6	38	15	44	37	19	11	5	38	12	12	31	17	44	14	21	10	46	17	22
30	8	10	42	20	9	23	17	17	16	9	36	45	28	45	12	47	32	3	3	7	10	17	42	29	25	43	19	16	0	13	19	17	12	10	6	38	8	4	1	45	13	19	3	22	41	2	15	35	27
28	29	21	34	41	10	32	30	46	32	31	8	14	13	39	48	5	48	11	13	48	30	36	22	34	47	17	46	33	40	0	7	7	43	13	37	48	27	3	45	17	50	18	25	31	31	39	38	32	33
19	7	32	28	45	3	6	14	27	2	34	31	27	7	12	15	34	31	21	37	11	14	37	23	38	46	39	11	24	5	49	0	7	38	48	27	25	33	38	29	31	13	8	19	28	50	49	40	17	25
13	35	41	3	21	15	36	24	36	25	10	32	25	19	19	30	33	9	11	13	18	14	3	12	49	12	7	29	25	15	32	34	0	29	33	9	42	16	41	41	49	34	44	20	43	34	43	41	50	31
39	43	4	41	38	25	26	37	10	23	22	40	14	50	44	28	20	44	1	10	37	26	11	4	48	41	15	18	9	29	14	17	47	0	22	46	44	42	33	43	30	41	39	46	29	32	46	9	14	13
35	43	37	6	21	11	31	2	17	8	49	23	44	49	3	45	4	5	43	28	32	41	22	10	16	3	1	1	31	17	32	31	26	8	0	28	24	10	43	39	32	28	40	32	40	29	21	41	50	29
33	34	5	50	46	16	24	21	44	29	42	34	25	1	15	35	7	8	21	9	31	4	11	43	42	15	36	23	3	30	15	11	25	48	27	0	28	40	41	3	4	20	44	15	43	2	20	46	23	46
18	25	45	40	29	45	23	4	7	26	41	33	1	7	42	13	48	24	13	31	43	4	21	41	20	17	26	27	6	21	11	16	7	8	7	48	0	22	13	20	34	43	8	7	40	43	4	4	29	40
34	43	5	28	37	50	16	41	12	34	50	31	7	28	6	4	37	45	43	2	10	18	44	49	15	25	12	17	35	19	37	45	34	16	48	45	7	0	10	14	32	17	14	48	43	32	12	45	50	16
6	43	22	17	27	2	3	8	45	45	43	7	25	10	16	50	48	9	39	4	20	10	9	45	11	32	31	16	23	45	30	30	36	45	17	6	34	41	0	50	28	47	28	41	37	15	3	37	48	8
7	12	43	31	2	22	38	14	46	34	31	35	49	50	14	25	38	40	21	30	49	17	27	25	31	4	2	42	36	42	22	1	8	40	50	22	42	32	24	0	10	17	3	48	31	26	10	19	16	32
36	23	5	34	14	49	12	46	35	9	50	35	21	47	20	24	35	37	50	45	33	2	6	41	24	25	17	44	11	28	16	27	3	16	31	25	39	7	15	34	0	14	12	25	48	6	49	20	40	38
38	44	40	2	43	12	24	26	34	19	30	46	46	45	11	49	6	4	36	29	42	6	4	38	23	33	32	42	46	49	47	46	6	45	7	50	38	19	48	29	33	0	12	30	43	34	24	15	18	25
10	33	36	28	48	12	14	11	15	7	10	3	8	35	34	27	33	31	14	18	32	2	7	6	10	5	40	50	20	17	30	7	28	41	14	4	6	13	41	11	50	23	0	40	35	43	24	29	1	15
34	6	33	31	11	21	45	18	1	25	22	7	16	7	3	3	2	25	29	27	27	13	33	46	29	16	4	50	49	25	7	7	36	41	45	9	20	2	36	25	36	3	17	0	15	12	47	33	13	11
1	21	45	9	18	25	9	26	24	2	6	27	14	41	45	27	6	44	14	35	11	43	36	1	49	18	25	26	2	16	27	24	17	31	24	45	30	14	3	15	44	36	29	39	0	33	5	32	37	34
29	5	49	50	35	4	34	17	37	38	18	4	25	34	11	45	45	31	12	10	30	47	30	10	16	47	37	50	42	47	33	39	49	50	20	15	24	31	23	50	2	30	21	16	49	0	27	28	3	11
15	38	33	10	42	21	31	15	18	5	20	22	12	11	40	25	3	24	21	26	16	32	17	24	30	40	1	26	10	14	46	47	22	19	22	39	8	41	25	11	19	26	33	11	37	31	0	45	46	26
5	46	45	39	3	40	10	20	5	44	28	3	44	21	1	40	29	45	26	10	11	33	47	28	45	15	48	46	50	25	18	30	7	46	35	6	20	43	3	36	28	7	11	19	37	41	7	0	6	37
26	41	13	50	11	32	37	18	11	22	12	1	7	4	47	11	22	13	35	32	20	26	7	22	49	17	45	48	31	47	22	32	26	3	16	5	49	8	41	42	7	38	44	13	16	1	11	46	0	28
25	9	38	19	2	20	40	3	8	31	23	45	28	40	20	13	28	17	37	38	18	41	40	29	44	41	20	25	13	13	17	49	30	38	9	48	26	34	7	20	26	45	40	4	24	41	5	42	38	0
39	33	46	19	38	38	37	33	42	5	21	41	48	29	19	26	26	9	42	3	20	41	15	49	32	36	25	27	22	38	32	27	42	24	38	18	21	8	16	27	46	31	37	43	39	3	44	18	36	1
0	49	44	50	9	32	50	7	39	16	50	43	39	27	13	32	38	16	49	41	5	17	27	20	38	24	27	11	15	15	26	43	42	23	19	48	41	48	14	19	44	31	38	15	32	33	13	36	28	39
14	0	5	50	44	8	27	40	26	31	5	12	17	12	13	35	4	34	10	11	38	23	23	29	2	43	28	22	10	34	27	28	43	1	16	50	25	23	41	8	40	13	1	9	43	4	14	4	42	11
3	41	0	40	45	41	15	34	33	25	21	22	26	28	15	2	26	44	17	21	38	19	42	44	39	30	20	8	11	1	13	1	33	20	7	6	13	2	32	39	26	5	29	39	22	27	10	6	27	42
8	18	39	0	31	15	50	37	37	27	29	20	27	6	14	42	4	35	41	14	44	4	13	29	5	29	9	42	30	6	46	21	14	49	40	5	26	25	21	49	7	42	29	26	17	4	2	24	1	19
30	32	10	39	0	40	28	20	50	2	43	34	34	48	31	39	37	34	30	23	20	47	44	41	36	31	10	40	18	50	26	27	29	21	12	4	31	42	2	1	12	11	3	24	11	37	26	39	9	35
50	49	41	43	32	0	17	42	8	10	33	10	1	11	27	13	37	21	1	45	26	20	50	11	30	30	39	49	20	33	1	16	16	35	21	44	35	21	27	20	31	29	9	41	45	24	36	45	15	41
36	37	14	18	21	50	0	38	26	23	5	14	17	38	22	4	37	7	14	29	17	50	32	47	22	16	29	41	41	49	16	29	29	49	25	40	9	30	40	14	35	4	45	27	23	30	47	23	46	13
23	29	34	15	39	15	12	0	38	10	6	3	15	25	6	23	3	46	6	19	34	1	19	17	13	39	1	39	5	3	10	1	48	9	33	20	39	48	43	37	5	32	7	30	2	2	25	6	17	36
45	41	23	9	47	47	31	18	0	44	27	16	42	31	36	12	28	4	37	6	37	40	24	34	11	46	50	30	10	29	39	7	43	32	2	15	47	6	10	48	13	11	11	43	36	8	40	33	36	2
26	42	21	36	40	43	12	1	33	0	23	7	41	12	40	9	44	34	2	37	18	18	34	38	18	35	26	8	30	34	15	28	29	17	16	28	28	2	4	6	36	12	31	50	35	16	50	6	30	48
23	25	35	49	49	17	27	1	20	20	0	50	30	43	34	1	14	31	15	43	30	41	32	45	42	41	19	33	17	10	26	11	24	41	31	18	11	31	21	6	11	31	23	40	33	20	7	7	40	35
12	13	5	12	16	17	32	28	32	48	48	0	36	39	21	35	21	12	14	28	40	31	21	2	3	2	35	11	49	1	18	7	27	11	41	28	37	45	16	25	50	22	44	12	18	37	11	45	3	16
31	36	44	1	34	37	8	25	37	9	20	48	0	37	16	43	12	26	40	39	33	33	26	41	10	8	41	11	12	34	10	9	17	3	45	21	37	26	15	7	17	41	40	7	15	9	40	17	43	44
26	14	20	8	45	40	34	43	2	21	44	48	1	0	21	11	36	43	4	10	19	27	33	24	43	32	10	49	35	49	27	29	19	7	14	5	19	19	29	34	3	38	42	33	37	2	4	45	18	2
35	38	14	13	33	40	1	20	36	31	23	34	10	28	0	40	22	18	8	39	6	21	30	19	47	17	20	18	49	39	15	32	26	27	41	38	43	12	24	3	24	19	22	49	26	43	39	34	17	39
20	28	8	35	39	7	50	47	6	21	49	7	23	4	20	0	1	26	31	27	16	48	46	42	41	25	12	30	2	28	6	48	8	21	18	17	1	32	44	45	6	46	47	5	6	40	42	31	47	39
16	20	26	3	38	17	38	25	4	16	12	44	22	10	24	40	0	34	20	7	17	21	34	48	32	24	32	49	36	19	47	26	20	45	34	47	44	29	36	25	43	35	44	2	35	30	39	12	31	37
36	18	3	27	6	8	27	45	31	23	38	48	42	25	49	6	39	0	7	39	36	45	17	20	22	36	50	24	32	27	48	50	23	35	20	35	36	19	44	7	30	6	14	17	42	15	38	33	40	39
13	38	13	34	7	48	42	8	9	9	38	12	24	23	33	37	14	6	0	15	3	18	14	41	48	32	38	38	22	35	2	19	50	43	4	3	15	38	47	4	45	36	37	38	14	26	50	15	15	11
13	1	11	50	29	4	48	1	46	24	26	48	22	42	50	28	34	47	13	0	45	40	22	41	6	43	1	10	13	15	18	37	18	17	4	15	1	41	4	36	42	40	12	41	37	26	42	47	6	44
33	49	14	48	10	42	3	49	42	45	19	29	16	36	22	17	7	8	18	6	0	22	27	1	29	28	5	11	28	31	3	35	6	25	8	20	26	3	18	6	22	19	1	13	13	6	29	39	7	22
3	36	11	1	37	21	30	5	31	21	1	4	33	27	32	14	30	5	38	21	13	0	14	39	23	25	45	3	15	24	13	25	34	20	37	9	38	10	42	17	15	32	37	1	36	21	19	8	43	18
24	12	41	29	50	18	34	17	50	39	47	26	16	34	16	7	47	8	42	4	38	35	0	1	45	28	21	43	34	10	5	29	31	12	2	2	1	10	8	27	41	4	49	27	42	50	29	44	16	23
44	36	17	15	48	42	12	37	14	12	34	36	35	21	35	28	29	18	44	34	5	38	30	0	8	43	32	29	23	32	17	38	11	26	11	15	1	37	18	3	39	35	17	21	12	14	27	23	49	21
35	10	3	23	10	44	46	35	18	41	2	36	5	23	5	38	48	1	20	47	1	31	20	5	0	43	20	7	39	23	43	29	30	39	16	23	10	16	7	10	19	9	24	21	3	19	50	40	3	25
6	27	22	32	7	35	43	26	29	35	12	22	48	9	38	38	39	50	4	23	30	45	33	28	44	0	25	19	43	12	6	35	3	27	12	29	17	24	5	37	10	9	27	9	50	8	50	30	1	11
3	28	6	16	19	31	33	11	4	3	12	12	20	35	28	35	9	6	34	43	43	22	40	43	10	38	0	29	31	48	43	5	17	49	21	10	6	1	26	40	3	30	45	21	27	9	29	3	31	35
15	38	5	47	22	29	20	45	50	25	27	38	12	31	38	39	18	26	44	2	43	44	9	8	46	25	7	0	29	16	36	8	40	50	2	38	18	21	38	18	48	18	23	48	20	5	1	38	6	22
36	14	22	33	20	6	22	9	7	14	39	10	42	14	19	48	49	11	6	41	4	12	7	14	32	13	33	5	0	41	47	23	28	30	36	40	33	8	43	23	42	39	8	10	42	35	32	47	10	12
41	27	33	4	15	45	17	12	25	49	17	17	4	47	28	6	10	4	19	13	27	22	44	11	5	50	29	3	21	0	41	18	36	11	35	34	6	5	40	30	17	3	22	35	18	1	46	33	31	36
9	3	16	43	9	28	33	13	26	8	39	44	19	20	48	14	18	32	14	8	17	8	33	50	39	42	14	8	5	9	0	35	43	3	28	27	7	22	33	22	19	4	44	11	36	32	9	15	46	2
1	47	18	4	7	45	16	25	30	40	34	6	15	42	7	12	17	27	33	34	39	41	14	3	14	12	46	46	5	5	48	0	23	36	13	47	9	28	41	3	43	2	46	12	17	24	37	36	44	2
5	31	3	4	28	15	17	2	2	8	9	49	20	11	13	39	29	32	5	31	13	14	2	1	26	26	6	42	33	20	20	8	0	34	32	28	18	39	29	16	3	42	9	22	26	22	17	17	49	28
39	32	50	8	8	33	38	29	26	9	50	30	3	9	36	48	18	50	24	6	22	36	2	25	45	24	13	40	17	24	44	45	48	0	32	12	37	47	2	22	35	19	27	21	34	39	34	17	31	25
32	19	38	10	45	5	50	18	29	48	18	47	46	6	18	10	10	44	28	36	34	40	32	26	20	1	5	35	50	9	7	11	1	49	0	5	9	26	10	23	50	36	8	30	43	2	29	4	39	39
33	26	25	2	44	14	12	43	48	26	16	20	29	43	43	31	39	34	44	19	5	23	35	30	8	27	23	21	33	36	48	46	34	35	18	0	27	48	37	11	40	29	24	11	46	12	11	37	8	18
31	35	19	1	1	33	48	18	36	43	26	48	9	6	34	10	3	7	13	37	33	17	34	43	15	38	22	26	50	23	44	41	46	13	48	22	0	49	47	28	39	21	35	48	10	43	20	48	25	10
44	16	37	40	16	35	35	23	7	40	44	15	49	24	28	26	19	50	29	45	23	20	5	20	31	2	13	14	28	21	5	7	29	50	44	27	4	0	32	36	3	28	39	20	12	5	42	31	32	43
45	2	10	20	19	18	44	32	19	20	3	48	43	36	14	35	15	38	12	4	41	49	49	1	28	42	48	4	33	44	43	17	33	50	42	37	31	30	0	7	24	25	8	12	24	44	8	16	48	28
7	29	50	2	41	36	30	29	4	29	49	36	30	31	16	42	11	23	21	18	25	1	27	18	35	48	1	41	16	6	45	45	38	48	32	32	42	13	26	0	49	6	42	19	7	36	23	39	37	44
44	12	16	17	27	7	30	32	30	18	23	10	38	42	2	43	31	20	46	16	23	11	45	23	8	34	4	50	9	26	50	46	32	13	28	17	46	16	14	21	0	7	40	24	36	13	35	15	12	45
45	23	6	9	20	14	15	1	17	31	28	20	45	47	21	29	3	26	24	40	21	35	42	31	25	34	9	30	20	40	39	35	9	48	10	40	32	37	10	34	19	0	45	26	24	16	30	34	48	49
45	7	40	1	15	49	5	7	45	48	27	11	14	36	36	35	19	1	40	7	35	45	36	48	16	1	14	41	33	11	1	40	17	4	16	26	16	13	11	8	44	12	0	23	18	10	25	8	30	31
24	45	18	27	30	43	46	29	29	8	13	16	7	37	37	35	24	21	33	32	43	31	7	25	18	2	10	25	12	14	36	17	49	15	17	36	1	33	14	36	42	5	37	0	16	19	50	27	15	48
46	11	41	30	50	11	7	16	50	24	7	15	46	15	13	44	7	35	50	17	46	12	36	37	26	17	37	3	24	4	37	6	47	32	1	42	7	14	46	39	23	33	30	28	0	30	13	11	15	18
28	37	33	26	35	48	22	11	36	18	31	19	37	39	30	11	6	28	32	19	25	19	48	16	27	37	28	10	44	41	27	19	49	35	27	49	19	2	40	6	15	27	47	12	6	0	50	13	43	3
30	32	21	47	31	2	1	11	48	47	39	15	10	34	14	24	43	19	28	27	50	32	1	42	23	6	26	19	45	23	3	19	50	47	11	11	44	23	28	2	21	19	18	50	45	24	0	42	2	46
42	38	45	9	31	20	17	43	1	15	47	14	47	30	16	48	4	1	42	1	17	20	15	35	6	2	39	42	41	44	38	23	22	19	46	17	22	17	48	21	6	39	40	7	2	49	25	0	46	26
47	20	25	49	22	17	41	38	5	22	21	5	29	13	8	30	49	9	5	14	38	25	33	7	30	34	43	17	47	25	39	1	41	44	6	4	5	49	30	12	46	38	21	6	45	28	29	28	0	10
22	15	23	16	48	33	1	45	38	19	22	41	21	13	44	19	13	28	46	26	2	27	18	48	27	20	14	16	33	40	13	10	3	22	39	15	33	28	40	10	28	31	50	44	34	20	5	22	23	0
42	17	33	9	9	11	48	31	47	50	2	37	15	14	15	2	39	49	1	38	37	22	39	28	41	23	2	18	27	17	1	4	9	42	17	6	35	30	20	22	5	21	7	4	9	45	46	15	35	3
0	48	30	12	39	9	7	14	2	23	29	50	18	26	18	20	19	9	35	18	3	10	35	1	16	16	19	10	12	3	18	40	24	33	43	48	9	26	1	21	14	31	7	26	49	28	8	43	27	33
4	0	26	15	37	20	22	49	43	26	48	12	34	5	15	19	39	16	31	30	4	44	17	17	43	50	47	1	13	4	27	38	25	14	48	10	30	2	48	30	11	23	34	22	34	40	1	39	12	45
4	10	0	34	45	33	43	23	23	29	43	6	45	16	24	1	33	50	24	16	29	22	13	2	48	22	29	1	8	11	4	31	20	44	1	38	36	42	40	38	12	2	24	5	7	19	23	4	14	40
28	10	43	0	3	42	20	17	37	26	42	48	17	33	33	5	25	3	50	19	10	9	29	40	13	38	9	41	31	40	46	38	45	19	20	27	50	18	49	48	30	36	37	37	42	35	46	33	22	12
49	34	2	43	0	25	33	39	24	17	18	33	39	33	4	37	18	15	21	44	27	50	28	46	2	10	8	6	11	23	25	26	15	19	18	19	9	3	16	11	47	19	35	24	33	13	41	44	40	14
10	13	45	13	4	0	30	47	13	8	36	35	4	34	1	14	29	37	46	7	21	37	4	37	37	40	32	47	20	11	16	28	41	36	29	23	21	33	37	8	7	20	45	14	32	17	27	16	41	44
4	2	18	33	22	20	0	20	5	39	25	7	46	49	43	2	33	36	23	48	10	40	40	1	36	42	22	22	45	31	21	39	25	33	1	24	37	28	3	29	34	21	43	46	6	42	12	40	25	32
34	11	20	22	22	47	15	0	30	31	40	31	22	18	29	22	4	33	25	22	33	21	34	8	5	36	48	4	50	37	34	10	11	23	38	8	14	37	30	48	42	16	33	8	29	42	4	12	39	37
8	50	33	12	43	45	50	5	0	40	37	38	43	27	29	31	6	32	24	5	33	22	10	18	10	46	12	21	12	37	48	27	27	15	3	43	6	27	26	40	6	50	47	37	37	3	46	18	16	47
41	33	35	44	32	8	23	1	39	0	22	8	21	6	13	17	3	42	3	32	19	43	44	40	43	37	42	4	44	10	2	14	20	28	38	22	30	17	34	16	4	5	8	12	30	47	6	11	18	37
27	26	47	33	42	2	43	33	49	5	0	41	27	20	42	22	3	49	44	33	29	9	42	41	9	33	50	5	43	17	45	3	32	20	47	47	47	11	12	11	17	36	17	10	43	7	37	6	34	1
33	37	10	22	27	34	23	10	29	25	29	0	34	17	48	28	43	30	15	20	43	12	1	34	11	49	25	39	46	25	26	29	16	35	18	20	40	42	4	27	8	38	37	50	40	10	32	39	23	33
23	12	19	14	23	9	1	38	9	5	35	30	0	48	41	3	29	41	49	26	15	24	36	35	28	7	10	41	32	41	44	37	26	49	41	26	36	34	33	27	15	1	14	34	33	45	44	39	48	49
27	25	26	42	4	32	40	50	43	39	17	44	22	0	15	43	11	24	28	44	27	1	12	46	41	10	32	40	32	44	1	9	48	36	43	10	13	43	43	3	47	50	17	19	20	43	7	10	29	5
50	21	14	49	7	19	47	11	44	19	39	13	33	37	0	46	10	36	9	30	7	27	31	41	44	32	50	46	26	33	44	5	14	25	13	1	39	14	1	27	6	23	11	50	45	5	35	20	28	20
44	26	11	15	10	11	15	6	30	32	10	46	9	18	33	0	6	26	50	47	25	15	23	22	22	34	22	9	10	4	43	6	3	15	21	41	48	6	36	44	12	43	23	46	6	19	45	30	49	47
30	9	12	4	50	32	6	27	31	45	9	45	24	9	1	43	0	15	31	37	8	36	33	6	28	38	24	23	41	30	6	25	7	45	36	48	16	5	36	30	39	22	6	15	33	33	20	13	9	17
6	44	43	44	14	48	45	30	30	7	43	15	22	15	15	47	2	0	35	39	32	22	8	45	17	9	22	23	31	49	46	20	14	50	9	23	27	50	25	36	27	22	9	22	9	35	14	35	39	42
25	36	14	19	50	31	25	4	46	35	46	47	38	23	45	28	44	13	0	33	23	7	46	6	28	3	48	9	23	45	50	14	13	9	10	49	5	15	5	47	31	47	32	50	49	12	42	28	18	28
38	47	28	36	24	7	37	28	26	8	45	48	18	24	18	15	30	7	17	0	27	40	9	42	47	7	15	18	46	25	15	45	20	18	26	40	5	29	18	34	44	4	17	28	7	48	8	38	29	10
16	25	26	50	30	26	21	42	40	24	7	17	4	31	18	17	27	8	10	33	0	2	11	42	39	21	26	35	11	4	45	27	31	3	12	24	21	41	9	47	29	2	23	30	31	29	23	48	32	15
7	4	18	25	19	14	27	44	8	36	27	22	23	43	35	4	24	2	30	11	47	0	1	11	45	6	1	49	33	1	13	27	17	18	6	39	21	11	3	10	1	36	4	45	9	7	27	7	34	34
31	32	12	9	8	25	4	2	20	16	39	5	50	33	31	46	1	11	30	23	18	23	0	48	27	14	16	42	29	22	42	41	4	23	31	48	15	10	3	4	5	49	30	8	44	27	12	14	20	18
50	26	18	40	2	48	44	27	45	48	15	4	10	16	10	33	36	5	43	13	43	42	19	0	6	23	19	37	44	48	9	1	39	20	4	39	29	21	18	4	30	40	9	28	1	17	42	37	24	18
37	42	36	21	16	4	21	3	17	46	22	32	45	3	23	23	20	17	30	31	19	43	8	41	0	20	47	7	31	7	38	20	40	16	13	46	34	22	26	32	40	44	41	13	17	19	42	6	39	23
40	46	23	12	48	48	50	46	43	6	1	30	18	48	6	17	18	19	31	14	6	40	36	15	32	0	45	1	1	40	27	47	38	45	49	13	12	1	31	24	31	40	36	30	48	43	15	44	32	46
28	17	38	23	38	11	11	2	49	7	9	29	1	26	1	34	15	17	41	7	33	28	40	21	41	39	0	25	11	21	31	11	46	2	29	33	31	27	42	25	9	6	6	11	49	12	50	7	8	2
49	30	27	23	50	13	38	16	15	40	42	30	41	30	35	18	11	44	10	27	1	14	44	14	50	45	39	0	49	48	15	1	32	29	10	39	50	15	20	19	12	31	44	19	18	30	17	49	15	2
37	41	9	14	12	16	2	35	27	27	8	23	2	19	3	30	19	44	15	26	49	10	2	33	26	5	20	22	0	44	8	23	23	4	22	41	20	8	2	6	25	4	14	12	13	46	19	48	43	41
46	6	3	1	16	11	37	15	21	23	43	23	41	15	3	45	34	25	26	31	14	14	18	33	34	40	10	49	21	0	46	7	11	6	24	46	14	31	39	18	3	13	33	3	39	11	50	13	22	49
6	39	38	30	25	39	37	12	10	3	11	20	37	18	19	2	23	40	32	33	6	46	4	8	17	34	45	14	8	9	0	6	45	12	27	8	27	30	1	48	50	36	13	30	26	28	23	1	4	7
2	31	1	4	23	22	49	44	40	23	36	31	37	21	44	6	43	6	6	41	13	33	35	34	12	41	25	32	46	39	39	0	41	23	47	1	1	34	12	50	10	17	48	42	37	32	41	13	30	19
15	18	28	24	11	31	34	49	27	3	11	44	23	5	4	49	18	36	4	15	50	31	16	19	6	3	42	3	2	17	36	1	0	47	11	2	13	3	3	7	10	19	11	12	37	2	41	49	38	4
10	43	50	6	13	13	1	26	9	28	18	44	18	24	26	15	46	27	26	40	36	43	32	10	28	2	39	30	33	46	48	24	34	0	32	4	45	47	24	32	38	9	20	18	24	19	13	6	17	11
35	21	8	43	11	43	48	48	18	44	4	34	31	24	49	13	31	40	10	27	11	28	38	20	9	40	49	30	28	44	41	16	49	30	0	16	32	25	29	45	25	35	35	37	23	45	47	26	39	33
22	20	47	12	8	12	8	5	40	34	18	6	42	6	41	15	4	14	36	28	32	26	25	8	8	22	8	17	35	20	2	23	5	49	23	0	43	18	10	27	16	10	13	16	12	23	10	11	23	3
43	44	50	44	2	2	7	21	45	27	32	10	28	28	41	45	35	40	47	38	20	43	32	5	22	15	16	26	12	21	38	20	29	33	8	35	0	40	27	49	42	17	46	39	19	29	28	41	9	22
27	15	43	50	42	2	9	23	37	7	17	8	36	38	28	28	48	1	35	42	31	33	34	17	5	22	25	10	27	2	23	27	19	23	29	21	1	0	47	37	12	3	22	41	46	8	15	36	10	4
34	4	14	19	20	43	13	4	17	38	30	28	46	31	32	32	42	33	45	30	25	14	33	12	26	49	32	19	43	8	16	50	2	33	16	46	1	50	0	43	6	8	29	16	26	9	42	40	50	42
46	40	28	43	39	46	4	24	46	1	36	27	46	27	34	12	4	17	7	40	35	24	24	44	14	18	16	18	50	27	24	40	18	24	44	24	10	7	19	0	50	3	23	2	24	27	45	2	47	31
6	36	29	14	35	32	39	9	47	49	19	40	18	29	42	50	14	18	21	12	14	8	9	15	36	8	37	20	30	16	34	13	29	23	24	5	44	15	33	19	0	21	23	3	3	8	28	45	32	5
40	24	41	5	10	9	49	37	2	46	21	29	26	16	48	40	37	1	32	16	25	2	20	50	5	28	29	21	2	13	29	13	46	50	31	24	39	23	37	22	1	0	1	25	50	36	11	48	47	45
1	45	2	44	35	11	34	5	19	39	9	1	40	44	4	42	46	32	14	43	1	27	50	21	41	46	19	15	48	44	12	29	37	23	50	8	48	16	43	18	46	40	0	9	21	17	15	26	6	23
14	14	12	8	38	43	27	1	3	13	30	16	26	36	48	29	5	16	10	6	13	42	33	13	42	31	3	29	20	35	47	2	20	26	8	7	23	15	50	9	27	42	17	0	14	37	47	24	44	45
24	18	26	40	48	37	35	24	3	40	38	10	42	9	4	35	7	38	6	42	39	21	12	30	45	6	24	36	48	50	50	5	18	4	5	1	14	7	9	34	42	5	38	45	0	13	31	16	36	21
18	20	32	16	40	41	33	17	27	3	24	41	47	20	32	27	37	14	19	4	49	35	26	27	14	33	46	29	16	11	44	1	44	43	33	50	33	20	32	14	12	50	40	25	5	0	1	3	30	42
3	25	21	46	35	8	27	34	21	29	16	25	42	48	32	1	28	50	18	9	19	50	19	17	4	43	9	10	16	39	35	39	43	33	14	17	46	26	42	35	39	11	13	17	20	16	0	22	30	30
27	35	37	21	2	31	8	42	48	19	8	34	13	30	16	39	46	28	49	5	38	39	48	36	3	20	33	16	23	6	28	40	9	1	38	32	27	45	39	1	2	14	43	35	35	50	24	0	18	6
23	15	36	44	5	13	20	43	44	21	26	44	16	47	47	13	25	6	11	7	24	11	49	24	27	10	25	39	20	23	25	2	40	7	28	33	50	42	19	41	1	46	45	29	25	20	24	41	0	20
19	14	8	29	11	8	15	20	15	27	13	18	11	6	29	4	11	11	11	8	42	12	43	47	19	50	21	48	12	15	50	2	1	3	33	42	38	11	27	31	29	11	3	2	18	38	47	15	37	0
33	43	14	34	30	22	22	30	50	21	7	7	34	46	36	11	2	38	27	32	32	15	33	46	8	8	38	25	40	30	20	23	50	10	47	16	30	1	25	7	48	25	38	6	48	34	8	7	28	43
0	3	24	5	15	28	11	35	15	8	7	25	32	2	23	23	7	34	31	19	44	34	3	9	44	22	30	41	39	10	11	50	15	50	37	25	4	49	15	33	36	33	36	30	23	27	23	4	36	49
6	0	20	50	7	47	32	42	20	43	44	20	22	13	21	4	42	3	19	11	21	38	4	7	32	38	34	45	13	23	18	1	22	39	12	31	29	15	14	24	17	50	20	16	14	18	2	2	47	34
29	11	0	20	28	18	2	5	4	21	41	30	12	35	42	28	37	2	49	22	10	11	1	47	36	40	26	8	48	32	41	14	2	4	26	33	15	30	22	37	3	36	11	49	15	20	50	21	17	49
10	38	18	0	3	45	1	4	48	42	28	21	44	29	20	8	36	11	34	45	43	15	33	21	49	31	22	27	29	2	18	42	32	13	37	21	2	21	2	41	24	23	31	5	44	28	3	44	42	30
50	40	13	46	0	35	37	21	9	18	18	20	17	29	12	25	2	7	40	20	48	12	9	19	42	44	15	41	10	28	41	16	43	21	46	30	9	10	23	18	29	7	12	49	13	28	31	18	35	8
10	37	42	4	18	0	31	27	48	11	48	6	3	28	29	4	48	33	28	33	32	23	8	3	37	1	15	6	29	40	46	31	25	11	27	29	37	40	11	23	35	9	40	29	28	17	4	46	1	16
45	48	28	32	23	49	0	26	5	26	37	42	6	21	20	46	18	32	3	25	27	49	4	20	34	22	37	32	13	7	26	11	40	16	29	6	36	4	9	42	39	20	9	2	49	26	42	13	15	4
34	34	44	29	7	3	48	0	26	34	36	24	47	7	47	22	19	50	16	36	24	29	6	41	14	18	34	43	46	16	28	8	23	10	19	3	36	21	35	7	18	30	18	10	45	48	37	5	28	11
38	50	42	8	5	11	16	6	0	31	35	20	21	11	46	14	39	31	2	37	4	9	41	8	43	27	17	43	24	42	13	37	48	19	8	45	43	41	8	34	45	6	2	43	27	34	24	5	11	28
37	44	19	15	36	15	36	4	28	0	18	17	15	32	48	23	49	10	24	26	27	5	3	38	44	20	31	26	16	19	13	42	39	44	40	26	19	50	10	38	49	10	32	4	28	27	17	23	10	42
24	41	13	31	21	49	38	23	35	23	0	9	32	33	31	32	44	48	40	10	41	36	25	39	15	26	6	31	11	1	38	1	8	8	21	22	4	19	36	13	38	2	50	37	31	4	10	37	6	18
1	49	20	15	23	1	14	47	23	39	23	0	50	44	33	15	13	19	7	3	6	20	25	32	2	28	22	46	29	20	24	1	44	41	15	2	32	38	22	31	20	13	9	8	14	38	36	9	20	41
46	45	28	26	17	45	21	17	47	31	3	4	0	34	4	4	1	14	24	14	5	4	13	33	40	9	24	27	18	21	10	35	13	32	37	6	50	22	38	6	12	38	28	2	32	24	21	40	23	2
17	31	7	45	39	39	1	41	21	32	24	30	35	0	10	21	44	8	18	30	28	5	8	48	1	14	36	24	30	46	21	50	31	45	37	34	39	14	48	1	50	48	23	26	12	28	48	42	23	45
37	31	14	25	38	8	37	28	15	32	5	14	37	23	0	31	15	41	46	42	31	32	9	48	9	29	14	7	5	9	46	48	47	48	39	35	24	12	4	42	13	32	41	39	7	42	11	38	35	3
36	26	24	45	38	16	10	37	39	37	1	38	14	19	35	0	6	8	22	10	49	28	39	24	46	6	45	1	11	23	41	1	8	36	50	20	4	48	19	36	37	30	36	14	47	14	48	34	39	38
45	1	35	45	45	36	27	6	36	30	7	13	31	6	44	33	0	37	47	13	11	32	22	25	33	17	43	46	8	34	33	33	30	38	26	33	44	17	31	22	17	37	1	15	47	7	37	12	6	35
41	7	35	20	27	12	39	24	6	9	1	10	35	42	16	14	42	0	4	7	15	11	38	44	6	16	14	28	32	49	22	50	32	33	50	17	22	46	32	40	18	38	11	38	30	24	25	43	22	16
14	44	10	21	11	29	47	29	34	24	1	22	37	23	13	11	18	46	0	30	45	34	41	8	6	16	30	26	1	48	26	48	23	50	5	26	50	18	5	36	15	3	47	38	49	47	49	42	21	28
39	40	47	1	26	9	37	44	6	42	38	7	14	28	6	31	3	8	14	0	10	42	6	36	14	19	49	35	23	34	10	4	47	36	17	42	44	33	25	8	4	20	5	3	46	35	29	13	9	29
20	7	30	27	9	44	22	21	46	42	4	50	48	41	9	13	29	2	44	49	0	6	19	41	10	44	18	48	8	16	22	27	2	31	31	29	30	27	12	20	20	36	13	16	46	37	40	28	13	3
42	5	33	12	45	25	38	3	11	49	14	44	19	12	40	20	46	40	12	4	28	0	1	44	46	38	35	19	39	13	22	50	16	2	45	40	35	17	25	20	26	11	3	19	48	49	8	38	37	48
30	16	14	31	26	18	9	47	34	23	36	17	34	18	9	32	17	23	17	31	3	20	0	38	44	16	49	39	25	49	19	3	43	7	34	17	40	50	45	27	2	9	38	42	40	26	37	20	45	21
11	21	15	35	23	4	13	13	7	7	13	14	38	11	41	23	47	12	41	22	19	15	49	0	26	43	26	18	10	44	36	7	25	21	28	42	26	43	7	49	35	18	36	32	6	19	25	2	42	4
25	35	31	49	50	35	24	43	47	18	30	37	20	17	1	2	50	8	21	23	41	29	6	8	0	34	14	13	19	16	18	39	27	9	34	36	6	11	16	10	44	3	9	22	16	31	4	45	9	50
47	32	41	2	43	34	33	34	16	20	37	45	6	14	23	11	7	44	43	2	1	23	26	43	19	0	46	50	5	19	7	34	11	13	4	25	50	25	5	16	44	40	13	33	2	7	38	1	46	35
26	4	31	41	20	11	9	42	40	50	36	50	16	34	30	47	4	12	5	37	50	11	39	1	50	5	0	50	26	50	11	49	50	9	17	21	14	19	44	43	49	3	46	43	36	19	27	24	38	33
4	46	50	39	37	43	42	47	11	37	11	24	9	13	36	7	7	45	40	7	50	32	1	13	26	40	27	0	19	24	24	49	29	28	46	4	17	2	19	46	4	39	37	45	39	30	43	36	15	8
49	40	46	47	38	19	18	2	22	45	22	19	12	43	9	39	17	11	21	31	12	10	20	36	9	44	6	1	0	46	2	38	23	49	9	23	8	6	34	41	38	34	21	43	2	7	46	11	21	12
44	30	44	11	8	1	26	22	14	5	47	16	33	47	3	18	9	25	27	23	1	12	8	27	39	24	21	23	41	0	33	23	18	3	13	18	16	26	48	20	49	3	49	21	7	38	8	30	20	17
14	11	12	27	50	31	5	6	31	3	39	6	32	20	45	3	31	49	6	30	43	47	8	43	22	5	1	26	42	30	0	23	27	3	1	20	34	9	21	43	27	22	49	25	21	24	40	40	13	36
46	38	32	29	16	39	42	20	9	7	9	46	13	7	1	46	30	8	10	50	38	42	19	24	31	35	26	7	29	5	47	0	30	15	5	3	34	34	42	12	22	26	46	36	8	48	22	50	21	48
41	9	39	47	8	2	40	9	46	16	48	27	15	28	40	48	41	26	12	2	32	24	14	16	30	12	8	28	49	30	31	50	0	49	42	6	44	37	15	46	17	48	50	23	21	39	30	1	16	4
19	8	12	33	38	30	8	21	19	42	1	8	13	22	7	4	4	44	16	14	16	30	48	27	46	45	21	22	20	38	10	11	22	0	50	6	25	40	3	20	29	13	37	30	2	4	5	38	10	24
3	33	40	10	49	47	21	31	47	13	28	41	5	16	16	29	5	8	21	6	37	26	7	31	29	42	4	25	38	9	50	1	7	22	0	31	12	9	36	5	46	25	47	16	22	33	26	42	47	45
34	35	20	15	1	39	10	41	29	40	19	14	9	39	46	17	49	8	28	44	23	35	42	26	49	9	35	16	43	48	12	31	23	21	46	0	33	8	35	44	45	36	31	38	18	47	49	18	38	8
7	19	17	37	35	16	36	30	30	16	21	36	47	50	37	34	27	3	2	50	9	41	37	7	50	25	29	12	26	41	39	25	21	45	19	25	0	26	4	50	32	11	13	1	42	32	34	40	26	26
7	42	41	8	44	45	14	34	50	35	2	35	37	44	17	30	25	13	24	40	29	25	10	48	39	42	20	39	10	11	48	7	30	3	32	3	32	0	35	9	28	44	4	8	22	37	32	29	18	49
47	22	19	50	38	17	26	48	28	50	10	50	42	29	40	9	37	11	22	2	34	45	19	17	22	48	36	25	11	36	44	46	39	3	17	34	23	43	0	4	4	25	37	37	41	43	20	41	29	24
43	34	41	27	35	5	48	5	14	42	15	18	17	24	40	48	26	8	27	7	22	24	46	25	30	43	10	21	7	19	45	7	43	36	43	36	32	34	3	0	18	37	11	2	20	11	6	30	29	35
15	5	31	1	45	19	27	46	28	40	26	35	20	18	28	41	25	26	12	42	45	13	10	4	8	27	20	37	21	8	36	49	33	18	37	40	8	43	12	15	0	1	22	36	20	13	7	1	21	10
3	34	50	50	47	18	21	15	12	7	41	44	36	35	48	42	14	16	9	44	27	38	41	44	7	33	12	44	45	41	40	5	40	45	44	31	26	15	5	41	25	0	15	4	25	12	17	13	49	1
30	34	40	19	11	17	36	2	11	28	39	9	24	34	3	15	45	45	44	37	45	3	36	39	5	10	15	9	5	48	3	15	27	49	38	20	48	44	29	8	14	42	0	40	9	44	2	35	5	38
35	27	32	26	50	1	18	35	48	16	47	31	44	10	11	49	15	25	38	5	28	8	21	18	41	29	6	39	38	31	38	12	7	23	13	13	16	29	25	21	12	32	49	0	46	47	5	35	4	3
34	3	44	50	15	23	10	28	1	39	50	21	39	14	5	22	17	11	35	41	45	11	39	39	39	32	47	32	38	14	36	38	33	2	30	22	47	37	29	19	37	7	26	40	0	37	43	5	6	23
27	31	18	21	9	18	25	15	21	14	45	4	27	25	32	2	22	25	27	15	8	17	47	48	8	3	49	25	3	41	40	27	28	18	24	13	2	13	22	12	30	25	8	32	30	0	50	13	23	41
41	8	42	31	50	45	35	43	8	5	45	22	45	10	11	8	45	14	38	26	27	9	41	41	48	31	29	5	34	35	19	14	29	46	23	25	45	39	8	43	15	4	16	11	30	6	0	42	18	7
42	41	6	2	17	8	21	14	26	13	41	46	50	38	42	2	25	23	30	14	8	20	36	13	3	16	15	1	9	22	42	49	23	32	42	12	10	21	41	10	27	19	43	13	18	5	32	0	30	31
5	3	7	22	5	47	38	12	23	2	18	33	45	44	22	27	35	24	35	47	45	48	35	27	28	7	44	10	38	38	7	13	12	9	25	1	33	39	5	21	19	27	35	47	42	33	48	32	0	29
26	26	16	3	36	31	5	37	17	19	37	28	11	50	39	10	22	9	26	43	21	19	33	21	42	7	3	38	33	45	47	50	26	9	50	1	27	25	22	38	38	39	39	36	22	34	11	43	48	0
10	32	21	24	7	12	23	44	41	40	6	9	4	26	23	42	40	10	31	12	42	12	12	26	39	26	9	4	1	30	13	4	49	48	35	27	22	46	12	36	35	39	14	31	21	45	44	5	29	38
0	27	3	47	10	20	47	9	39	34	13	6	15	24	14	50	49	50	8	15	23	31	6	13	34	4	6	47	18	38	8	5	33	2	24	2	2	31	37	12	38	37	19	46	40	36	43	47	35	30
18	0	25	7	41	50	34	2	44	49	37	45	7	37	46	49	49	6	19	16	5	29	32	34	44	36	18	8	8	29	44	34	8	38	31	13	38	48	16	20	46	3	44	16	25	49	44	27	12	25
19	45	0	46	31	29	2	35	34	11	12	49	47	8	6	29	9	21	22	14	4	16	21	28	31	11	50	2	17	44	49	11	45	23	6	27	19	39	32	25	23	2	19	15	5	49	26	40	11	17
4	11	34	0	24	26	6	25	18	18	38	37	29	33	27	22	29	1	48	4	7	35	28	44	33	25	4	36	30	30	18	7	24	22	49	23	34	7	31	29	44	17	4	42	22	33	25	30	49	38
38	2	8	22	0	29	28	1	27	38	10	48	14	44	32	2	30	24	46	16	37	8	2	36	11	28	21	14	11	18	22	30	17	24	6	49	38	20	13	20	12	14	18	9	33	4	30	37	32	16
1	3	7	12	12	0	22	47	6	16	38	1	38	23	3	33	22	15	3	13	34	21	26	29	35	10	6	23	33	44	6	27	1	3	39	40	44	12	44	42	19	29	26	25	29	21	4	3	28	23
32	39	5	49	42	7	0	18	22	29	20	37	22	29	10	17	36	11	45	18	13	46	16	29	1	33	13	12	12	30	42	8	6	12	30	48	50	36	13	22	30	36	17	23	34	1	24	22	21	27
38	18	27	28	48	17	16	0	3	12	42	24	19	36	10	21	36	48	33	23	32	41	44	36	15	25	43	38	25	12	40	32	12	9	49	45	49	25	43	16	21	45	39	47	39	18	32	36	16	31
33	47	24	49	28	3	8	1	0	33	24	48	41	50	3	28	4	41	28	25	42	36	25	49	26	22	50	43	27	16	2	14	17	2	33	22	43	11	28	23	50	35	18	26	33	16	22	26	45	35
19	16	29	44	18	27	1	49	2	0	46	13	42	24	8	14	16	33	18	16	27	32	8	38	24	44	7	48	38	9	20	22	21	13	34	30	41	28	42	29	24	15	21	42	18	4	49	10	45	41
3	42	25	21	20	4	39	27	33	21	0	13	28	29	5	15	27	9	39	28	39	5	28	46	29	27	40	16	43	27	48	38	9	14	25	9	36	30	17	2	21	43	15	7	17	42	47	23	28	3
41	43	40	24	9	21	9	10	2	7	25	0	47	48	8	18	13	35	32	12	31	1	9	45	43	1	33	35	7	35	23	50	23	28	50	13	8	8	6	9	25	31	40	48	14	12	42	13	18	17
14	13	22	16	11	7	11	40	25	29	17	9	0	19	5	18	39	16	8	35	3	47	21	17	40	20	25	29	37	7	24	4	21	36	49	13	31	6	30	38	1	20	36	23	17	8	43	28	29	42
27	44	25	22	30	44	20	31	8	3	47	48	32	0	9	3	40	27	46	7	4	8	42	8	35	14	46	21	49	22	16	22	45	24	21	27	5	18	12	14	23	37	1	48	41	44	26	15	38	5
28	25	38	17	29	19	29	21	42	28	22	12	30	41	0	6	45	47	29	50	8	8	20	16	45	23	41	25	22	25	35	41	42	30	36	21	45	34	1	15	44	5	5	49	39	24	50	50	39	33
39	11	24	13	39	20	6	12	24	44	9	15	46	25	28	0	17	39	7	31	38	9	50	42	4	36	20	30	35	14	45	36	37	29	12	6	17	47	9	38	11	9	6	8	44	46	46	40	48	25
41	35	47	40	47	30	23	24	48	21	4	7	21	37	49	26	0	12	17	44	16	17	31	6	6	31	28	6	45	37	32	23	12	1	46	15	23	14	16	48	41	27	27	21	38	34	43	29	14	38
19	5	26	6	41	26	7	15	7	15	8	25	11	43	40	24	45	0	34	33	16	8	37	48	43	29	15	10	42	15	37	18	8	23	6	7	32	40	25	6	48	3	32	31	21	11	36	36	1	13
20	48	7	17	1	31	29	23	3	26	18	11	31	8	30	30	6	9	0	27	10	40	25	15	8	47	45	40	6	16	25	4	16	32	27	43	18	6	38	50	5	1	21	11	35	19	30	17	10	26
11	42	21	43	27	18	22	11	3	6	17	5	13	8	46	41	39	9	25	0	17	2	14	36	24	33	33	32	49	33	35	6	45	10	7	24	11	21	12	16	3	34	10	24	42	21	1	40	29	46
17	2	45	42	43	32	49	34	34	50	32	50	16	24	2	37	20	19	32	26	0	48	1	50	4	12	20	35	6	31	41	45	28	38	24	40	16	6	24	49	24	50	34	9	18	31	30	27	2	13
22	26	49	27	27	15	9	29	27	47	15	32	4	16	44	16	18	21	43	13	41	0	27	28	22	46	46	19	32	27	22	5	6	19	44	35	19	19	31	9	32	11	18	39	32	21	34	26	41	37
9	49	50	1	9	49	40	1	10	30	29	40	17	1	18	41	30	23	49	9	16	24	0	41	6	1	42	26	49	50	38	19	45	7	3	30	26	49	26	29	31	32	7	16	38	13	40	32	15	1
34	24	7	17	21	21	26	14	32	31	7	22	15	34	18	14	41	13	19	34	5	43	42	0	9	29	32	15	21	39	26	16	23	34	16	37	14	30	14	49	9	44	13	36	10	19	14	1	36	1
37	50	49	33	25	2	24	38	33	40	8	10	33	5	48	38	13	38	5	27	12	1	31	35	0	19	29	36	33	20	32	6	24	5	50	22	19	24	38	30	31	8	1	2	22	27	26	47	2	45
40	28	27	45	46	31	25	18	31	50	9	10	31	33	22	43	34	34	25	36	21	13	47	35	44	0	18	3	22	31	12	23	32	50	3	6	14	33	6	40	31	1	4	1	9	47	7	38	19	12
1	28	26	35	7	25	19	20	37	37	49	28	49	25	48	9	15	39	18	10	3	6	10	18	29	45	0	43	18	44	8	26	31	26	5	6	28	43	5	25	42	38	30	36	24	13	19	31	12	18
20	27	4	11	11	38	38	30	31	36	21	1	3	31	3	46	31	28	27	32	39	9	22	43	21	15	19	0	47	16	21	27	12	31	4	16	43	43	5	21	18	17	23	36	49	23	19	39	49	3
43	42	48	33	36	11	35	4	44	7	25	45	22	20	43	46	41	11	25	18	13	40	34	23	27	30	37	15	0	4	11	26	38	23	27	45	37	33	41	4	5	11	24	27	3	23	43	9	45	1
47	48	25	23	18	34	47	23	45	40	50	1	17	41	38	45	21	40	10	7	13	16	33	28	34	29	23	6	4	0	45	48	1	43	18	41	35	32	42	7	9	6	2	17	36	26	13	44	35	37
44	29	48	50	30	45	20	36	15	36	8	47	24	23	1	11	34	21	32	48	12	4	23	11	8	28	21	38	5	19	0	49	44	16	35	21	14	48	9	9	43	24	32	28	46	18	25	22	33	46
28	26	19	39	18	42	34	25	8	38	33	48	27	9	8	14	1	8	1	18	1	26	30	11	19	25	43	30	3	31	22	0	22	25	21	22	32	8	22	43	22	33	24	23	16	10	39	37	33	9
42	14	34	4	23	30	44	5	48	10	6	30	16	20	29	8	21	38	38	24	46	4	48	7	32	15	47	29	14	34	46	15	0	32	4	25	20	1	48	27	37	41	17	10	49	6	42	35	39	39
15	20	9	1	13	48	32	20	45	38	29	20	42	48	23	24	26	5	5	25	43	14	4	1	12	36	13	27	12	13	29	35	24	0	15	27	34	50	25	49	22	25	42	43	26	40	23	38	37	32
40	2	48	13	3	32	43	14	9	1	47	9	33	38	46	38	38	26	49	35	12	25	36	6	40	20	14	19	29	7	6	6	15	29	0	2	15	24	39	35	22	9	40	20	26	33	22	6	49	37
7	6	26	50	21	34	39	21	3	49	46	10	35	12	10	27	41	32	31	49	22	25	39	16	49	8	4	24	23	28	13	48	15	14	17	0	42	23	34	7	46	49	15	17	19	40	7	38	20	22
11	32	28	33	46	32	6	14	10	10	30	37	15	22	22	44	35	7	19	30	38	23	50	4	20	10	2	21	29	26	31	12	16	4	46	31	0	26	1	16	33	5	38	47	20	29	5	2	24	12
38	6	15	24	9	44	17	47	38	41	6	4	38	34	6	7	23	13	35	3	25	28	35	50	7	11	16	34	2	35	7	39	18	19	31	48	19	0	26	10	10	18	7	35	7	35	34	33	14	40
40	1	43	2	48	39	8	20	34	23	33	14	35	26	24	11	1	15	48	24	18	18	12	4	36	46	27	37	25	49	29	38	1	18	49	36	28	18	0	25	23	39	45	48	21	38	21	48	29	10
50	48	49	33	16	25	7	9	7	12	33	23	7	9	21	2	34	46	39	21	48	30	16	11	28	23	44	13	36	22	15	45	32	21	10	15	47	20	14	0	38	49	32	14	4	16	25	41	21	33
14	10	17	44	10	15	11	19	48	21	33	27	33	10	11	1	37	47	5	34	47	29	45	49	43	13	49	48	4	19	39	20	44	40	40	34	22	1	32	27	0	17	31	24	27	13	38	27	18	21
29	28	50	30	3	45	33	42	14	34	33	19	11	24	43	29	7	24	15	33	20	6	23	27	27	25	41	36	37	12	7	20	31	37	15	42	37	24	47	41	41	0	38	29	27	17	43	30	40	3
28	9	17	30	6	30	15	4	11	43	44	21	12	37	7	13	13	1	20	15	39	4	47	9	2	40	6	34	8	35	3	16	35	28	42	50	3	3	49	23	44	35	0	36	40	5	38	43	27	27
15	43	43	4	48	33	13	42	3	31	2	41	45	41	1	32	4	20	7	24	29	40	16	47	47	9	1	1	24	27	38	31	18	48	42	36	11	35	7	31	48	27	35	0	41	40	9	18	3	38
17	11	44	28	28	1	19	44	43	36	6	49	8	47	8	29	28	6	22	6	42	11	42	32	10	21	25	38	3	21	40	2	5	37	5	20	36	15	38	32	25	15	36	12	0	35	11	5	36	25
16	29	50	35	34	37	43	39	33	25	22	48	18	47	6	9	8	36	33	43	41	5	33	2	30	22	20	5	31	50	36	49	46	1	38	14	26	18	39	11	20	2	18	44	50	0	8	17	48	50
41	10	29	5	48	42	17	32	31	40	49	34	45	27	42	7	15	4	22	23	3	34	10	1	29	32	24	16	9	10	7	14	42	13	18	7	13	4	29	23	29	33	29	32	5	28	0	44	48	42
31	34	47	28	13	17	49	25	25	28	14	32	25	21	6	16	16	44	49	11	40	7	28	43	35	49	13	21	29	28	7	24	16	16	48	32	14	43	29	46	12	43	26	17	25	40	21	0	25	42
21	8	38	45	11	14	50	20	14	20	2	23	41	47	11	17	26	24	15	46	17	15	34	42	46	3	35	26	2	37	8	16	31	41	42	34	25	28	22	1	7	41	16	29	35	5	12	38	0	23
25	16	29	24	12	3	32	11	35	45	39	13	25	10	13	47	37	12	47	4	17	18	22	20	49	21	34	23	27	13	14	10	16	28	50	34	1	21	33	22	24	47	22	2	5	13	35	25	4	0
3	50	22	35	44	32	31	50	39	27	41	8	34	35	41	34	6	14	22	1	16	21	27	15	8	17	26	1	49	48	30	31	34	45	48	50	14	35	12	10	43	6	49	9	28	3	25	9	3	9
0	7	39	48	44	12	22	14	36	47	29	47	10	14	48	47	47	50	48	48	27	35	21	1	30	5	33	42	50	23	19	16	49	11	9	32	6	9	30	29	30	21	41	12	10	30	47	31	7	37
3	0	15	29	32	5	48	50	22	21	18	37	44	48	41	25	11	33	23	48	4	49	46	14	47	31	46	43	40	17	33	48	46	16	9	7	13	37	36	37	1	18	2	11	22	6	30	41	40	7
21	9	0	15	26	34	30	48	6	7	28	37	20	47	27	38	16	8	43	28	17	1	34	26	12	5	14	4	28	6	16	13	17	23	10	42	49	4	37	24	21	9	3	21	50	19	10	37	38	24
26	34	26	0	47	27	34	16	22	34	9	7	26	31	40	4	29	12	47	40	22	37	36	17	8	46	25	3	43	46	4	49	44	34	4	22	12	42	37	48	21	41	10	22	36	44	21	2	25	8
23	24	37	26	0	46	8	21	42	12	28	1	36	37	13	12	14	22	8	13	30	39	43	40	4	13	24	26	32	39	20	7	17	12	48	49	48	9	20	41	25	37	3	39	22	44	11	12	38	2
36	13	48	35	1	0	48	18	45	29	44	12	12	31	32	22	29	30	7	10	31	8	2	30	46	8	22	37	32	34	5	42	36	31	32	14	45	23	6	33	25	28	35	34	32	36	5	18	9	33
37	49	13	39	30	50	0	39	22	41	12	8	44	46	40	11	18	38	11	50	6	14	50	45	22	10	36	19	25	13	50	24	13	38	49	11	23	18	10	17	42	30	3	15	27	1	16	13	42	13
7	14	39	29	10	41	10	0	24	24	33	34	37	45	8	3	27	49	46	15	41	25	48	33	4	21	21	34	8	5	5	48	38	48	13	8	40	38	36	19	16	24	4	22	32	17	47	6	40	39
36	43	40	26	13	28	25	25	0	6	47	2	31	5	36	21	9	14	36	8	43	42	42	22	43	30	25	25	49	28	37	3	21	6	8	42	49	36	40	12	50	46	29	23	5	31	37	48	9	34
37	3	13	24	36	27	41	33	37	0	9	24	23	27	13	37	6	32	10	6	30	30	3	11	13	36	1	32	24	22	49	17	38	45	13	33	11	12	5	8	40	5	47	26	41	18	46	43	13	44
50	40	42	39	37	49	1	14	17	50	0	37	12	1	1	14	8	23	19	1	8	6	38	23	1	20	47	9	4	23	45	32	9	39	36	24	4	47	47	42	48	21	14	11	34	16	26	13	2	22
28	35	1	21	29	32	22	42	48	42	50	0	22	38	26	5	46	48	31	49	25	43	6	38	6	40	24	4	40	14	21	14	34	48	40	27	8	28	47	27	34	1	7	17	49	38	38	37	2	16
1	41	1	12	5	50	29	18	43	17	30	46	0	40	47	25	14	34	43	40	22	8	23	10	50	15	34	36	4	2	11	31	1	12	4	5	7	50	10	35	27	18	47	43	2	3	12	37	8	1
27	3	49	5	45	21	35	6	3	2	31	24	33	0	41	20	6	33	20	24	10	50	19	41	13	41	39	15	28	18	43	12	41	45	10	45	32	19	34	48	9	41	28	15	32	3	29	17	15	48
14	14	20	42	10	16	24	28	16	26	17	48	22	9	0	19	17	35	14	4	46	41	9	32	34	2	50	3	44	45	16	39	33	43	3	35	28	20	30	49	47	32	49	4	3	35	41	49	9	3
4	15	36	9	24	32	21	36	16	22	44	1	50	26	31	0	21	4	14	16	24	31	1	11	44	14	13	32	41	19	48	48	25	25	49	49	50	18	8	29	9	37	6	31	13	30	17	21	23	47
36	45	33	7	32	8	9	34	5	32	24	20	31	43	22	10	0	6	2	10	50	3	39	46	16	24	33	48	38	42	47	9	13	25	16	48	1	47	46	14	26	30	16	9	41	3	43	48	43	20
17	14	45	15	39	27	17	10	7	23	15	16	21	47	10	36	17	0	32	29	33	49	5	49	35	41	37	48	46	33	43	21	27	48	27	45	47	3	8	33	36	39	8	12	25	48	39	13	9	38
19	45	7	46	20	36	15	22	28	47	18	18	34	11	16	23	16	33	0	21	49	41	9	37	11	27	21	39	14	21	8	37	18	29	1	35	16	38	44	18	28	34	16	17	47	26	26	5	43	11
6	26	41	29	9	44	9	38	6	48	34	4	49	44	13	16	9	40	21	0	21	1	25	12	50	25	32	40	43	31	14	33	44	46	19	22	47	17	36	16	9	37	13	25	5	29	18	34	28	33
44	30	49	12	29	5	3	14	11	17	43	50	30	45	30	10	39	2	32	5	0	22	17	6	35	13	27	11	41	41	40	16	40	29	18	3	40	3	31	40	18	29	25	7	9	17	2	43	34	36
11	29	36	26	33	49	31	19	41	34	27	20	40	1	11	33	15	11	43	6	40	0	46	10	6	21	10	6	17	17	38	12	42	24	6	40	45	41	15	15	34	48	42	43	48	49	50	46	4	48
40	22	30	34	12	10	49	50	8	23	8	32	4	26	26	43	16	12	25	1	14	18	0	9	48	48	46	9	44	24	48	6	39	15	21	18	24	13	11	29	22	49	46	15	8	21	30	46	12	42
7	20	2	45	44	9	37	38	13	14	10	46	22	46	6	41	3	20	35	23	40	35	30	0	49	14	3	23	18	13	46	38	8	4	38	41	7	32	23	13	7	39	45	1	28	40	34	22	15	18
13	9	6	35	30	11	14	8	20	16	41	24	16	33	27	24	26	10	8	28	24	44	40	50	0	15	3	6	48	46	39	47	9	32	11	8	41	11	6	27	2	40	26	8	11	39	41	6	24	41
41	35	31	44	12	2	12	30	2	12	20	26	44	15	19	35	26	41	29	2	18	47	11	34	20	0	32	21	39	17	12	17	33	35	20	12	4	50	14	6	47	17	45	15	3	41	7	32	22	47
15	17	11	27	47	28	37	48	8	45	37	8	9	45	33	40	6	20	36	28	42	38	19	42	1	23	0	45	17	39	40	13	46	39	22	38	43	39	17	33	45	30	19	7	43	39	29	24	30	29
8	26	43	19	21	37	44	39	1	4	17	31	26	2	12	26	39	12	45	5	14	41	5	19	7	2	26	0	17	31	49	39	21	34	5	44	42	38	10	26	37	39	10	46	42	17	22	33	4	16
45	36	42	13	9	23	19	37	44	1	10	23	13	8	47	27	48	3	12	11	47	3	15	14	13	16	9	13	0	12	20	40	3	22	1	36	31	7	45	7	29	8	47	15	47	39	33	23	26	11
39	40	44	31	8	19	30	31	17	22	18	25	26	44	35	48	19	3	34	21	41	35	10	22	23	17	50	11	3	0	29	25	36	4	44	20	33	6	9	35	6	48	11	22	3	7	16	50	18	12
25	50	23	43	34	2	37	40	44	25	13	12	16	25	14	21	45	30	5	34	15	46	9	45	4	31	29	42	31	25	0	42	20	48	26	32	28	4	13	49	9	14	38	42	23	5	38	38	3	23
2	37	5	32	34	2	27	28	3	26	5	14	29	45	46	47	29	6	30	28	50	6	12	29	48	31	37	20	38	14	15	0	31	45	40	3	31	25	3	5	34	6	47	3	30	32	7	1	48	5
48	6	36	7	38	9	49	12	34	37	41	10	46	49	46	15	35	37	1	36	19	18	22	25	10	10	49	18	32	20	5	41	0	10	16	2	16	23	25	41	17	10	13	18	16	28	21	15	24	44
15	49	11	50	19	46	7	7	11	26	8	30	2	50	21	24	17	5	6	26	4	43	30	21	48	13	28	45	17	42	28	14	5	0	22	10	44	45	38	31	23	40	1	34	27	26	21	49	43	4
42	43	9	22	1	3	10	15	29	19	9	44	22	31	26	28	20	46	16	44	43	26	28	7	28	42	40	9	2	48	32	10	24	29	0	48	50	49	26	14	47	35	29	32	40	21	43	15	20	46
43	25	4	21	20	46	16	36	17	4	39	46	50	26	6	18	6	15	45	2	36	4	19	14	31	7	43	6	13	17	32	4	5	8	16	0	30	50	32	21	12	35	34	46	24	14	40	6	24	27
8	1	47	40	18	6	50	5	13	5	12	42	28	32	21	4	11	33	9	6	17	19	12	39	37	39	3	31	1	20	18	40	25	15	3	16	0	46	41	48	27	44	49	10	12	49	29	35	38	7
46	24	41	29	40	19	9	42	5	39	6	28	7	32	7	8	14	27	31	1	10	30	1	38	28	9	9	16	46	34	6	31	37	12	30	30	45	0	25	25	13	37	8	15	29	43	47	29	2	40
23	49	38	34	26	36	13	5	27	22	26	10	33	15	38	20	6	46	30	27	27	35	3	23	2	44	26	24	44	6	15	17	40	50	18	30	10	46	0	28	50	26	23	14	23	30	26	42	32	44
49	24	24	47	35	10	15	27	49	19	16	8	15	45	35	34	27	21	14	25	33	29	6	23	8	15	27	42	27	49	47	42	48	41	9	3	11	34	23	0	5	14	15	8	38	18	15	10	39	40
28	39	14	5	45	42	48	14	16	32	12	14	48	47	39	28	25	31	25	2	20	8	8	9	14	16	38	8	48	50	8	29	28	24	16	11	3	23	42	29	0	45	27	35	19	39	26	32	13	43
21	7	5	21	21	48	13	34	12	2	7	17	25	34	40	31	37	23	24	3	46	43	24	7	16	40	15	40	26	21	14	24	27	34	22	31	29	7	3	26	11	0	32	32	18	26	27	49	4	13
7	13	26	16	8	17	10	15	21	24	28	6	26	26	34	47	25	50	27	13	28	11	40	10	50	49	41	23	35	49	13	30	39	19	11	33	44	37	32	17	30	27	0	44	31	49	44	44	3	30
17	28	16	50	13	21	38	34	38	4	28	25	27	48	26	37	20	18	47	23	48	22	48	42	24	12	26	4	37	46	43	41	27	20	3	42	20	18	32	48	1	37	28	0	38	10	2	29	17	24
43	9	6	45	23	39	28	39	43	44	15	38	5	2	40	43	23	47	29	20	36	47	33	23	14	16	34	26	44	26	44	17	9	25	48	46	6	16	7	13	2	44	37	16	0	20	27	12	2	34
24	3	14	14	29	31	23	27	26	47	1	14	33	21	48	28	14	29	3	3	35	27	47	14	34	25	33	3	32	8	42	48	24	17	24	25	16	15	16	26	50	12	19	12	21	0	9	40	6	41
33	11	29	32	22	16	47	44	2	20	7	36	8	24	31	18	46	24	33	48	24	46	4	42	43	18	36	45	20	29	47	34	33	31	16	18	22	16	18	38	50	7	16	48	8	1	0	49	38	45
50	4	22	10	19	11	36	12	11	6	26	49	6	19	19	14	8	14	50	10	7	41	12	45	21	17	28	3	9	36	40	1	23	21	45	40	19	50	40	29	18	1	25	49	30	11	40	0	46	2
15	12	15	13	27	14	22	24	4	20	3	20	19	17	12	36	46	40	5	38	30	35	6	32	18	31	15	31	8	44	15	36	27	9	38	26	11	28	23	50	35	35	9	23	38	14	16	31	0	27
6	11	42	15	48	50	50	50	10	4	24	33	47	38	27	5	38	9	49	10	13	20	30	48	28	46	50	19	29	11	39	35	46	13	38	10	23	23	41	9	40	18	36	33	3	50	9	5	31	0
