5
2
3 4
3 3
5 5
5 2
1 1
17	38	23	14	22	38	35	18	46	47	45	23	33	23	11	41	33	34	15	39	21	19	27	39	26	25	17	20	50	46	38	29	15	42	21	42	39	41	44	18	38	40	28	21	38	39	19	20	21	38	33	42	28	32	28	41	30	25	47	45	34	49	20	32	38	49	29	30	16	20	13	41	21	38	22	25	16	22	25	25	10	47	12	41	44	40	31	32	16	23	11	22	49	20	22	31	46	16	43	11
46	38	19	47	45	29	44	49	41	37	39	25	19	29	47	32	10	22	38	17	26	15	38	22	29	16	29	24	35	49	27	39	50	33	11	25	30	22	35	36	29	33	46	13	11	27	22	21	39	30	39	43	21	36	36	13	50	38	37	16	14	48	21	14	14	49	48	31	13	16	25	26	36	44	37	23	19	17	13	22	42	48	29	22	44	43	43	39	27	46	28	43	16	20	10	34	37	33	27	33
1 5   
1.5 10
1
1.5
49	33	47	17	44	29	12	34	20	45	45	13	48	9	25	27	44	49	28	24	6	18	29	24	12	23	4	26	6	19	50	30	16	38	16	28	40	34	39	20	6	39	11	41	33	33	48	3	20	38	48	8	50	33	7	8	23	30	38	43	47	14	35	27	34	5	2	18	40	26	46	27	48	16	45	14	7	8	25	40	38	32	21	37	32	45	40	19	11	9	28	46	15	24	44	23	48	19	48	46
0	47	12	37	34	12	14	47	50	3	10	20	27	23	9	3	5	46	32	35	37	5	46	43	37	32	24	16	46	28	38	4	12	24	42	19	32	29	47	47	24	42	37	33	40	44	33	12	35	43	30	3	10	32	20	36	23	42	20	32	20	13	15	12	32	6	30	37	19	33	43	16	4	21	46	15	32	7	50	34	42	18	9	43	47	2	3	26	22	47	35	16	34	32	40	15	50	8	19	27
21	0	42	18	8	48	22	26	7	50	22	38	34	49	39	33	43	41	25	5	2	7	44	12	11	26	47	39	23	5	16	21	42	31	40	14	38	20	13	40	45	35	49	33	2	3	49	26	39	29	8	35	48	25	8	29	21	48	8	13	36	13	40	35	25	4	10	39	39	32	26	25	45	4	45	18	45	30	39	7	48	8	49	12	32	25	26	19	3	18	2	26	31	40	35	46	21	13	40	41
39	4	0	16	15	25	15	49	37	22	14	18	15	28	36	6	29	30	8	6	39	23	31	17	7	14	35	29	35	33	26	49	21	3	47	35	11	15	11	50	27	48	16	42	28	47	25	26	29	47	3	18	36	14	48	13	44	26	1	24	11	6	49	44	30	18	24	29	7	26	32	32	20	21	33	35	31	42	25	10	15	45	8	18	21	13	41	41	33	11	49	48	9	44	32	3	13	12	12	6
21	6	9	0	45	6	14	21	19	27	43	42	37	40	25	36	24	10	41	47	3	19	34	38	23	35	7	30	18	34	41	47	46	6	26	44	19	28	14	12	10	9	10	23	13	23	11	14	25	9	24	33	24	30	12	33	38	19	16	44	41	19	12	29	35	3	32	34	11	17	38	24	12	44	48	6	30	36	12	41	20	40	6	44	47	2	38	44	1	41	35	38	28	49	30	20	5	49	9	43
34	44	50	38	0	43	18	35	19	33	19	18	23	22	32	30	26	40	7	9	49	10	13	24	3	12	44	16	23	24	43	11	7	32	33	17	29	11	10	24	35	1	50	19	11	14	5	28	33	46	26	34	4	44	6	6	39	43	23	1	18	50	5	9	10	40	43	43	9	2	37	23	43	31	39	47	38	39	48	24	9	46	10	20	19	33	7	18	41	1	50	34	25	44	4	11	15	14	47	2
21	22	22	4	8	0	21	39	8	35	17	32	48	15	27	16	22	41	5	47	35	37	8	1	2	33	32	1	25	16	36	46	25	6	23	31	29	40	9	34	31	30	23	35	5	35	15	21	5	46	17	12	27	20	37	26	12	45	27	44	27	22	15	25	34	30	45	35	15	19	19	3	32	16	24	42	1	32	35	49	10	29	26	4	16	39	25	10	40	32	18	31	36	48	8	17	11	39	34	1
7	18	11	8	32	29	0	1	26	33	47	22	32	2	19	36	5	37	30	25	29	8	7	13	21	41	20	20	28	35	6	13	16	24	41	47	47	8	2	40	24	39	49	19	11	47	2	28	27	5	30	11	5	37	47	44	39	2	42	4	27	29	34	42	37	47	8	2	29	19	4	33	15	39	19	27	17	4	47	10	23	34	19	7	32	18	25	16	34	45	27	30	23	23	6	22	14	4	31	12
20	45	37	36	19	20	14	0	19	2	6	42	21	19	9	49	14	40	46	47	44	14	6	21	18	29	50	45	33	23	8	5	25	39	39	17	29	16	48	7	48	49	6	6	23	29	3	44	19	5	33	41	47	4	32	25	45	9	26	8	17	14	15	45	5	44	41	9	16	49	32	24	27	47	14	5	49	25	45	22	32	50	26	11	46	43	1	10	50	8	28	5	27	40	4	2	8	35	37	48
38	13	36	50	43	14	5	31	0	6	48	46	22	31	37	7	24	9	33	36	39	20	10	16	25	31	31	2	4	9	10	14	24	17	39	40	17	23	6	2	14	2	14	32	18	18	19	33	11	35	8	8	20	49	6	29	7	29	25	37	30	26	43	1	18	9	2	12	32	49	8	25	49	16	7	23	6	21	49	5	7	4	18	15	34	12	47	30	38	8	22	14	10	36	25	6	32	4	43	34
1	3	1	46	5	38	23	30	29	0	34	7	23	5	41	5	17	24	2	29	12	50	50	50	34	29	14	48	4	27	2	21	27	10	29	9	28	23	14	48	7	40	13	6	45	19	17	12	31	50	38	20	42	15	17	24	9	5	30	45	13	15	32	34	25	22	1	42	20	4	9	43	18	5	5	27	47	32	32	47	27	50	38	49	4	44	13	2	30	21	46	7	43	18	35	14	13	22	46	46
24	1	3	19	20	3	47	32	50	22	0	31	44	29	22	40	23	24	10	14	30	28	1	11	15	39	43	43	26	4	31	17	33	40	40	2	50	16	18	23	24	7	44	47	7	28	1	36	31	17	19	38	6	37	41	40	13	27	18	28	31	40	30	7	42	37	42	25	47	44	9	39	11	27	13	8	41	42	20	26	25	38	48	24	47	30	36	21	29	42	4	14	41	36	12	48	8	26	8	20
34	22	49	18	39	17	38	45	14	13	30	0	47	17	25	2	42	24	31	18	37	42	41	32	50	16	50	17	36	26	29	35	38	49	15	34	21	6	33	27	7	9	18	40	28	33	8	6	15	43	29	34	17	46	4	14	50	4	32	3	43	8	42	11	41	17	1	18	31	41	22	49	5	42	9	28	30	39	2	47	47	46	17	41	20	46	2	36	44	26	41	35	6	50	40	36	17	26	25	12
32	27	9	31	2	4	40	5	5	41	6	40	0	47	42	36	47	34	27	30	22	30	12	41	2	5	3	36	42	31	32	40	13	1	33	31	7	39	39	25	43	1	29	18	1	44	44	34	49	31	35	4	41	32	1	37	50	7	23	46	42	32	42	18	20	31	23	2	1	36	22	22	19	26	34	50	44	3	30	29	29	42	28	33	27	9	23	9	37	42	36	1	13	21	35	11	16	4	16	5
28	23	16	22	13	27	10	30	2	26	3	8	42	0	4	50	1	3	29	40	14	5	17	3	4	34	47	9	42	50	31	19	19	43	9	33	15	45	27	25	10	17	17	44	1	30	13	38	36	19	39	21	32	28	47	31	16	16	6	50	26	13	3	50	38	21	38	17	7	27	27	30	44	25	1	8	45	1	32	39	25	21	37	9	38	14	18	2	19	34	4	28	11	2	36	23	36	35	13	27
4	18	29	14	44	50	11	33	42	26	48	39	44	50	0	6	8	34	15	5	29	4	46	3	22	7	2	10	35	16	21	32	38	45	4	45	29	28	4	27	39	28	27	21	9	16	15	24	21	26	12	30	36	10	35	15	22	32	37	33	13	24	10	24	28	36	17	43	32	20	29	7	45	34	25	39	49	35	38	39	46	10	50	41	34	7	39	15	32	14	11	33	17	45	29	27	21	5	31	45
10	18	35	25	22	24	4	33	39	25	48	20	20	44	4	0	30	41	10	43	34	9	45	4	37	38	24	15	30	13	39	36	45	33	44	48	21	50	24	12	30	29	27	13	49	27	18	14	33	29	33	6	13	24	47	46	33	9	6	29	31	9	35	37	26	47	38	2	32	17	18	19	37	40	48	23	43	45	21	37	45	37	2	4	37	22	19	7	3	5	43	20	45	39	27	42	26	34	11	7
24	48	44	18	26	2	20	41	12	8	28	44	2	3	50	47	0	7	37	34	17	25	45	47	20	42	7	23	20	35	2	33	47	43	17	17	43	16	33	33	2	16	2	20	22	8	30	16	4	12	42	29	46	28	14	5	47	8	49	19	22	42	10	8	26	8	45	6	41	12	46	4	19	16	26	35	50	8	2	1	22	2	5	29	44	9	14	39	40	45	48	35	42	16	28	34	36	31	19	5
8	35	40	11	32	23	28	34	30	31	20	27	5	12	9	24	2	0	11	24	13	45	49	42	2	23	37	43	29	11	3	49	39	24	4	39	42	11	45	41	50	31	37	32	25	5	42	6	22	31	14	1	44	30	37	37	11	8	30	49	7	17	37	47	46	41	38	49	21	22	13	17	44	8	14	35	16	34	3	45	29	44	36	12	44	27	42	40	14	11	17	8	16	30	9	11	28	23	49	16
11	18	9	25	36	43	24	18	28	36	40	44	32	49	44	11	17	36	0	5	26	20	47	13	9	22	30	29	22	46	36	24	23	7	1	44	16	50	45	6	13	33	15	12	44	23	7	42	32	10	19	26	24	25	35	24	4	24	39	14	6	2	30	24	25	37	21	4	4	2	34	46	36	27	3	37	3	6	38	45	13	37	46	48	5	44	29	48	44	25	4	31	9	30	45	33	5	19	22	20
1	44	29	43	33	11	24	16	23	38	26	2	20	48	20	47	36	9	21	0	11	32	25	9	5	40	41	24	30	3	48	39	44	29	20	3	40	10	23	42	3	50	35	1	26	44	30	25	48	49	38	22	34	27	31	35	40	20	39	43	1	18	42	32	7	30	34	24	47	4	9	39	42	26	39	6	13	18	5	35	46	40	34	31	6	22	1	46	15	32	43	4	24	33	14	4	14	19	40	22
24	22	12	40	47	21	33	45	22	50	12	38	38	27	15	31	27	2	39	42	0	15	20	8	40	11	15	27	40	48	37	18	16	5	18	3	8	20	31	38	13	16	45	7	40	49	14	4	8	30	15	5	30	15	37	24	24	8	7	37	22	32	46	34	48	6	5	13	35	43	50	20	21	16	9	38	8	9	9	25	45	42	23	32	10	41	40	7	34	10	25	44	18	6	1	10	46	29	3	33
34	45	40	30	12	39	5	30	4	34	4	24	46	18	17	14	25	38	26	33	50	0	32	12	19	18	38	13	14	30	5	9	29	31	34	45	1	49	36	38	33	49	25	3	40	5	21	44	11	27	20	48	49	6	2	41	33	28	23	25	10	47	25	3	1	4	8	14	31	23	31	50	11	9	15	29	46	44	25	36	27	12	36	12	28	38	14	27	34	10	1	23	34	35	46	8	37	40	16	13
43	10	6	6	7	44	25	28	47	23	1	37	39	15	2	18	36	9	43	37	14	29	0	19	29	6	23	39	12	21	28	26	5	19	47	19	41	38	19	41	32	10	49	6	3	12	29	33	10	11	7	31	42	20	21	47	38	41	18	20	43	24	28	23	30	8	8	42	13	24	39	36	35	34	49	16	22	32	44	6	30	29	3	24	12	36	16	16	49	11	10	15	2	50	38	30	26	42	23	38
13	48	41	50	46	46	5	27	39	45	45	20	17	47	40	35	45	33	44	46	40	1	15	0	10	34	39	24	14	35	44	40	33	8	22	31	1	35	28	30	10	13	26	9	33	30	33	41	32	45	20	38	32	31	40	41	15	2	40	25	24	26	31	13	26	18	39	8	50	6	8	20	22	29	18	32	23	48	3	21	28	17	24	42	1	25	21	15	14	36	2	24	31	46	19	11	30	17	17	42
1	28	45	17	29	48	11	21	26	38	45	21	27	50	50	21	19	15	1	9	30	25	41	1	0	48	17	28	1	4	39	13	48	39	49	27	2	41	2	28	20	32	24	30	45	34	46	34	37	38	12	41	42	44	39	16	6	10	4	15	6	30	28	32	18	45	2	3	16	22	41	42	10	26	18	45	9	9	3	41	7	29	9	46	32	25	44	45	4	30	46	19	30	44	31	30	20	24	5	17
15	46	35	29	14	19	46	19	30	2	50	30	26	49	20	44	1	39	28	36	47	27	16	41	27	0	46	50	38	42	34	34	32	16	50	26	40	10	46	41	10	8	14	45	29	20	3	23	18	35	13	4	48	40	49	6	35	28	3	2	1	17	47	29	3	41	15	34	3	46	3	42	30	49	29	50	43	9	11	21	13	24	31	21	4	19	46	20	34	40	3	47	40	10	24	37	17	8	34	45
34	11	45	46	25	26	48	29	21	29	50	6	19	47	25	25	30	22	48	26	32	5	27	1	42	25	0	40	19	13	4	15	49	31	29	13	28	26	43	50	39	41	9	32	2	46	36	46	38	9	12	1	43	8	26	13	19	2	16	46	29	22	31	2	10	36	25	19	5	35	15	45	40	1	27	19	42	10	17	37	3	35	21	38	10	1	17	42	44	22	35	25	34	37	42	3	37	39	11	24
4	26	49	39	6	14	21	15	45	23	8	1	5	32	41	30	40	47	2	49	34	24	12	18	21	7	31	0	1	36	23	21	27	42	37	14	40	32	10	35	15	42	3	16	19	8	10	50	31	33	1	18	24	34	16	33	36	12	18	44	16	36	31	19	15	50	1	47	42	29	38	17	30	12	50	46	17	28	22	11	34	47	47	1	7	28	36	11	33	43	36	22	7	50	13	10	44	18	28	19
22	10	42	33	7	3	42	47	4	14	43	5	38	38	47	20	43	14	43	39	40	48	26	47	37	38	29	14	0	31	36	44	37	17	25	1	47	34	22	39	30	4	21	30	42	39	14	1	28	8	18	34	43	25	12	32	10	23	47	25	2	30	35	32	1	32	8	41	2	50	31	26	41	14	10	50	40	27	16	4	20	11	22	12	40	42	10	46	37	7	28	44	40	18	17	24	49	17	2	44
27	12	24	10	42	17	10	13	25	27	37	45	30	42	3	1	45	37	22	34	17	4	24	14	7	27	47	10	2	0	36	18	9	42	17	25	3	34	14	46	39	41	38	20	1	1	8	2	44	8	35	39	1	30	13	43	1	2	16	21	32	19	7	19	43	4	6	33	34	25	7	50	20	7	24	7	36	40	42	13	21	23	18	2	14	37	18	15	35	6	31	11	1	1	40	9	40	19	46	29
40	26	19	27	44	25	29	12	48	1	12	31	2	37	45	34	35	17	13	24	24	19	31	12	35	8	13	48	19	11	0	8	18	3	38	17	33	9	35	47	45	38	12	22	28	3	37	10	36	49	47	12	15	9	3	20	10	28	39	8	32	3	42	47	18	14	11	16	44	4	5	37	12	45	39	15	34	48	4	16	2	28	2	38	16	46	33	15	11	29	24	18	24	21	19	46	1	41	33	2
49	8	44	35	40	27	23	45	32	22	22	48	47	24	40	31	17	28	28	3	31	19	6	43	1	28	30	13	15	6	46	0	26	13	25	10	29	18	25	2	10	30	35	43	25	26	39	13	23	36	1	36	48	47	34	6	15	34	9	17	43	10	3	16	11	23	4	33	5	44	21	15	25	31	40	29	42	48	21	3	33	49	6	45	36	7	27	27	28	32	35	41	45	19	49	2	24	1	41	36
3	7	41	31	9	43	30	9	37	44	16	50	24	2	41	46	21	39	35	3	36	31	41	49	32	16	5	27	35	22	39	39	0	40	20	14	19	9	34	48	44	2	41	41	34	25	20	28	19	50	24	12	16	36	12	8	23	2	39	31	23	7	12	8	44	17	14	22	39	25	7	9	38	7	48	35	4	22	7	10	50	29	39	20	11	12	43	17	25	12	43	25	5	20	21	12	28	14	11	16
3	33	43	5	23	40	3	45	28	32	39	48	37	17	35	49	27	43	43	8	12	42	33	25	29	15	18	23	49	8	45	30	9	0	11	30	25	11	13	16	22	2	34	11	42	38	3	1	14	34	38	40	24	33	18	37	25	44	35	40	17	3	30	3	31	22	47	21	7	37	19	15	26	24	20	46	13	7	3	31	33	45	1	6	42	29	27	24	4	31	11	43	10	33	23	10	10	29	22	40
46	3	43	21	10	38	14	41	47	32	29	35	27	6	33	3	10	46	19	9	6	35	18	5	10	40	3	17	22	9	12	1	26	45	0	17	33	19	32	40	12	7	42	42	2	25	29	30	5	1	26	29	33	49	20	16	43	32	35	1	5	48	37	27	23	28	14	25	28	4	1	26	27	18	36	10	10	34	28	14	18	24	21	47	7	41	11	17	13	14	16	32	30	13	41	21	28	49	16	33
14	10	12	42	6	39	23	28	33	18	48	18	32	38	37	17	29	39	22	25	22	9	40	26	24	42	5	48	41	4	41	25	31	7	1	0	4	23	24	46	35	35	49	7	25	20	34	27	36	30	27	8	16	1	32	40	25	32	37	16	34	31	50	33	26	4	43	7	20	2	15	16	36	34	16	4	25	8	11	40	34	36	18	41	21	24	27	9	26	22	47	19	14	47	2	11	26	3	47	38
16	39	2	18	21	6	19	23	50	18	33	21	26	3	18	16	40	40	7	41	18	46	4	49	12	5	28	47	31	24	46	12	4	14	7	29	0	8	10	34	15	29	5	7	19	12	43	30	47	28	49	11	37	50	23	9	43	11	19	44	36	19	5	49	28	40	19	21	27	19	8	41	48	21	1	28	4	44	48	41	18	37	15	4	46	27	13	11	5	8	8	34	21	33	10	36	7	40	26	44
14	34	1	1	36	43	8	24	46	39	23	6	19	42	17	44	30	33	36	7	47	38	25	13	40	8	29	6	14	35	22	42	18	25	6	25	36	0	47	26	35	14	38	41	30	33	10	46	7	49	50	41	45	41	24	9	38	5	27	47	29	11	11	24	8	2	8	49	15	14	15	24	5	46	8	25	35	42	43	28	39	10	12	13	16	16	24	48	47	17	25	26	13	11	44	15	25	24	13	24
30	7	12	16	25	22	11	30	46	31	32	33	40	28	12	22	36	41	49	22	34	38	48	20	10	34	20	16	17	7	7	25	12	36	45	14	31	5	0	21	38	18	39	50	43	48	10	37	16	43	39	6	4	35	21	22	9	8	48	50	11	25	14	11	5	13	30	5	34	23	41	3	22	45	48	11	4	33	50	3	36	4	8	24	46	29	47	24	21	15	39	48	45	45	12	2	31	23	28	30
1	33	37	50	1	36	6	33	44	39	42	3	44	38	12	11	39	49	34	6	46	2	6	49	39	18	17	43	11	36	41	41	5	21	17	31	43	10	2	0	6	11	9	27	7	50	8	2	25	28	26	31	43	24	2	34	1	21	47	7	31	7	42	49	33	37	25	48	29	7	36	41	18	12	46	29	14	34	28	46	21	45	17	7	5	29	32	14	12	1	45	16	46	34	5	23	11	40	10	6
7	5	31	29	30	39	48	26	22	12	31	36	26	14	22	25	6	42	16	25	17	50	44	49	27	21	15	29	20	15	19	37	13	4	13	42	24	6	19	25	0	21	12	5	13	33	40	34	7	24	28	42	19	44	11	27	29	38	19	14	25	44	26	23	36	11	39	44	21	7	49	19	18	41	50	5	27	2	33	48	46	44	23	50	16	31	34	9	4	49	4	43	21	24	1	18	40	17	27	27
42	8	3	50	3	28	2	13	7	26	8	12	1	27	3	37	30	42	22	10	20	32	30	4	38	42	15	32	20	50	13	47	50	16	40	49	31	39	26	39	5	0	14	43	5	39	2	32	41	20	17	14	25	16	49	24	14	42	48	14	14	45	14	36	4	10	4	32	35	2	26	40	6	26	43	11	12	27	17	10	16	12	18	44	4	41	29	19	38	30	10	44	27	2	34	25	21	44	36	42
5	1	39	34	20	11	19	15	35	11	13	45	14	46	1	38	37	41	37	47	49	23	23	5	35	22	8	15	36	43	46	5	29	18	43	42	14	49	37	10	47	15	0	7	44	29	28	29	36	26	38	4	45	17	27	6	23	46	36	4	30	22	18	39	12	3	6	17	8	50	14	31	31	45	37	28	50	49	7	43	3	15	50	12	41	25	23	28	33	18	28	33	46	28	19	40	15	50	23	16
47	9	10	31	49	20	8	5	46	32	30	2	16	4	29	5	39	25	33	44	42	42	17	11	21	42	44	28	37	1	3	49	2	25	11	10	31	2	13	50	39	29	31	0	11	17	43	46	20	41	45	14	25	33	48	5	45	2	25	20	40	42	34	31	42	36	45	28	37	11	11	13	38	43	10	45	17	18	19	44	15	8	16	12	31	28	36	31	20	38	26	35	47	44	46	37	21	22	13	50
7	11	12	46	14	13	3	45	4	45	14	43	38	28	37	27	8	23	31	34	6	49	15	45	20	19	7	27	35	21	29	15	7	41	19	11	24	45	18	36	45	15	38	34	0	29	36	42	2	15	2	15	27	8	11	18	27	42	46	7	46	6	47	30	39	36	39	27	2	7	12	18	20	38	48	11	13	18	5	5	49	7	35	50	36	1	23	49	45	5	20	27	13	25	8	22	35	9	38	7
47	20	18	16	45	50	10	13	38	12	3	11	32	50	11	31	32	41	5	10	16	19	37	9	43	16	10	19	3	28	35	37	4	42	43	23	20	22	16	27	13	1	28	26	29	0	43	30	49	39	27	24	36	38	4	26	29	21	15	31	5	30	19	38	13	39	32	15	20	35	24	46	19	7	21	28	13	38	40	34	24	21	34	36	41	3	47	18	27	43	4	8	6	11	47	33	25	46	9	39
20	40	49	44	23	47	3	38	35	2	19	43	31	3	17	10	34	33	17	17	9	25	1	11	23	48	29	40	8	48	5	34	43	3	50	1	3	26	50	31	23	7	45	37	44	17	0	1	9	15	15	8	27	11	27	31	38	41	46	48	28	13	2	18	40	29	43	47	19	36	7	47	2	47	44	18	2	26	21	14	17	44	37	46	36	14	32	23	4	7	35	6	19	9	48	7	46	45	12	45
42	32	3	39	3	50	38	22	34	16	45	6	46	16	26	15	9	25	22	10	37	29	22	39	26	25	47	34	42	3	50	15	44	39	24	7	46	42	29	15	20	5	41	5	45	28	46	0	2	41	32	40	5	12	16	40	44	40	40	45	11	49	30	5	26	47	13	43	45	18	37	31	10	21	36	34	43	19	20	23	18	32	45	33	45	50	3	6	39	19	31	10	13	28	21	10	6	21	8	31
48	50	26	8	42	27	20	11	47	30	46	13	26	47	44	40	22	18	32	45	33	10	32	38	42	29	28	8	26	8	20	1	21	21	42	10	17	19	34	11	45	43	25	47	44	25	14	31	0	28	24	32	19	4	32	4	22	28	19	31	19	42	24	4	21	42	49	43	48	31	9	38	8	50	23	49	7	30	9	8	5	6	9	21	44	37	7	18	37	7	13	34	10	32	35	26	40	36	4	41
23	36	43	42	21	12	4	37	33	38	12	45	49	46	42	32	42	33	35	29	1	10	45	10	10	42	12	17	13	21	7	32	1	19	35	7	43	4	46	24	26	46	18	49	37	43	22	6	17	0	39	34	38	18	16	37	45	49	31	29	24	39	39	26	12	43	23	8	50	50	11	25	20	37	45	11	6	40	43	42	18	30	41	12	18	15	31	26	8	20	46	5	35	24	7	32	34	45	45	9
45	41	28	50	38	15	29	15	50	38	46	23	11	45	22	20	49	9	46	27	26	13	36	16	13	9	37	24	38	33	15	48	36	19	40	38	19	36	22	27	42	27	11	27	42	22	39	7	19	42	0	43	2	28	50	30	15	46	23	20	9	34	27	30	24	25	27	25	16	19	28	1	28	3	20	28	12	42	44	17	50	49	23	26	24	39	7	1	7	1	45	5	2	15	34	34	21	32	39	25
1	28	29	32	35	17	48	48	16	32	11	41	20	3	45	50	42	33	29	31	31	38	35	28	19	50	10	7	5	29	12	45	13	38	14	35	14	37	33	19	50	6	14	13	20	6	38	18	46	9	38	0	12	30	37	47	3	20	50	46	9	33	15	37	23	43	12	30	41	23	35	14	50	32	41	33	44	20	40	50	26	30	26	47	22	25	18	8	3	38	28	26	48	37	39	43	49	22	20	21
14	9	3	25	29	44	11	28	40	30	21	11	28	22	17	2	29	44	17	42	19	3	16	4	21	15	14	20	49	29	47	9	24	2	18	40	47	49	31	12	11	33	46	42	38	20	45	21	18	17	17	47	0	29	5	41	4	5	8	46	47	10	33	15	15	24	18	41	30	18	2	18	28	43	46	8	23	9	16	27	48	35	12	38	40	29	19	33	18	40	24	18	49	1	13	48	40	45	6	32
20	4	48	17	36	48	19	2	3	27	43	11	30	13	35	14	9	8	41	29	42	20	40	26	12	11	2	43	40	6	37	6	15	28	11	31	6	34	47	18	8	46	34	16	33	3	15	8	34	22	47	33	4	0	23	3	41	19	26	37	19	12	26	6	16	23	27	27	33	13	6	39	48	31	42	3	43	6	31	7	47	35	15	39	28	46	5	10	41	6	35	48	29	24	9	34	3	48	17	18
15	18	2	29	1	35	39	42	34	37	22	23	14	21	32	7	24	39	44	30	45	11	27	21	6	47	13	40	27	4	39	21	15	5	20	33	9	24	31	46	11	37	31	6	33	29	2	32	14	29	11	28	3	48	0	7	24	29	7	18	49	11	2	31	47	20	20	7	11	40	20	39	5	17	18	26	49	13	32	18	39	32	9	1	18	33	17	32	3	9	4	6	21	1	48	19	26	16	22	14
43	39	37	23	19	12	18	6	31	35	20	8	38	6	19	33	49	38	42	19	15	33	11	40	10	2	19	1	46	24	29	16	9	32	12	11	18	50	18	17	29	11	1	23	2	13	12	47	48	6	31	18	16	50	18	0	2	14	8	39	4	20	40	33	40	39	29	15	32	1	24	7	31	5	8	19	15	19	45	41	48	39	38	49	4	43	38	25	30	42	33	12	8	26	19	14	11	33	27	14
15	17	40	1	13	17	44	48	5	49	42	34	32	23	25	42	22	1	8	44	30	2	18	35	27	32	47	33	10	25	17	35	28	7	44	7	48	25	44	40	27	5	2	8	11	10	15	42	42	7	48	17	31	40	32	22	0	47	37	2	20	25	15	44	29	4	2	42	11	9	2	43	28	40	6	11	26	4	14	9	29	35	13	38	44	38	4	24	38	33	11	20	49	30	13	18	27	41	32	1
50	13	22	36	19	10	50	5	26	17	41	39	34	16	32	7	49	34	27	48	1	45	7	22	35	18	43	34	19	19	43	6	33	3	37	26	46	37	7	22	21	27	32	31	45	35	11	6	33	28	33	27	8	30	35	1	33	0	35	18	3	32	21	34	38	46	46	27	2	41	27	37	42	44	15	37	39	38	16	39	46	34	1	41	8	31	10	36	23	49	7	16	3	9	9	26	27	5	34	6
24	42	29	15	32	3	22	22	40	24	28	44	38	13	14	17	9	16	10	44	4	21	41	5	33	10	2	3	48	24	7	43	24	15	13	21	21	22	49	48	28	34	40	25	1	5	5	12	13	15	32	32	9	24	26	47	27	42	0	47	10	37	14	30	37	49	23	1	23	46	33	36	20	18	26	24	4	13	17	10	2	36	16	35	15	38	36	41	34	32	38	29	5	14	46	31	25	9	37	39
45	17	8	46	18	37	38	48	17	7	6	34	40	24	29	9	19	13	11	29	40	21	45	37	49	49	28	40	23	45	30	16	44	1	9	37	37	49	10	42	33	7	49	12	5	5	6	25	44	5	29	3	28	47	24	10	28	2	3	0	5	22	9	12	48	9	15	38	15	38	20	28	26	17	24	30	44	6	1	42	45	15	19	11	10	20	6	29	22	6	14	12	34	43	25	12	23	40	38	18
8	15	33	4	39	1	19	45	4	27	33	36	19	47	3	41	30	47	42	46	32	38	21	10	39	39	19	40	47	27	45	42	16	42	4	16	14	20	25	7	33	20	13	4	41	49	32	25	37	46	44	11	34	2	29	34	50	29	11	21	0	17	50	14	21	48	1	9	20	28	10	44	30	47	32	2	6	13	21	43	7	13	42	1	17	45	40	10	1	19	32	13	50	42	8	4	8	14	48	22
4	8	40	40	4	21	25	38	21	33	24	22	17	23	45	24	46	47	6	2	26	23	6	39	42	32	22	40	38	20	40	6	44	21	22	49	17	43	32	9	22	3	47	35	2	49	32	48	41	6	6	9	49	12	17	19	31	29	35	28	49	0	36	42	48	4	35	11	32	37	38	6	42	3	35	3	31	30	21	30	26	38	35	23	35	27	3	24	40	33	20	24	8	17	7	13	16	32	36	47
16	1	44	42	35	40	14	35	14	21	25	26	40	21	4	9	46	7	3	3	8	25	37	6	43	35	38	36	23	13	13	4	12	28	7	25	19	34	32	29	30	20	19	29	38	43	28	14	44	4	4	42	39	6	13	27	6	38	37	24	2	48	0	28	43	37	17	1	44	16	33	36	42	12	42	45	16	34	20	7	12	49	3	19	47	2	38	2	16	42	13	11	40	41	9	34	48	4	38	24
19	33	4	10	27	24	29	48	15	31	48	27	20	45	32	2	20	3	43	4	13	38	37	3	3	41	13	25	48	23	31	47	39	31	23	25	21	38	23	12	34	24	43	12	3	27	18	6	10	50	13	31	19	33	35	3	6	24	27	3	13	11	26	0	26	21	35	37	1	45	41	21	14	20	1	8	49	38	17	38	8	5	46	4	26	47	17	25	48	1	42	16	21	25	15	26	14	14	19	21
43	14	14	20	5	44	17	24	25	2	7	34	46	19	46	25	23	2	47	16	33	45	13	22	24	9	7	45	22	38	35	49	50	26	39	1	18	10	18	48	15	29	1	20	12	25	13	19	12	32	10	28	11	33	37	23	35	36	17	50	45	44	21	36	0	44	16	19	17	47	23	38	2	40	41	47	40	5	34	15	15	36	35	21	30	21	10	27	19	3	36	6	24	15	6	16	15	5	10	11
43	44	20	40	47	41	27	35	21	29	37	40	40	15	20	16	6	19	45	2	8	28	17	8	37	2	39	44	33	42	15	36	5	42	38	6	47	23	39	27	4	47	50	42	31	44	11	18	21	38	7	20	43	11	40	1	15	47	30	26	26	4	3	29	16	0	13	43	31	2	8	43	47	45	23	18	14	8	6	13	45	32	31	29	50	41	25	14	13	33	3	47	4	8	34	42	41	31	32	43
48	43	20	41	10	38	47	20	22	43	15	25	42	10	45	49	32	10	12	3	10	13	11	34	16	38	16	45	17	50	35	28	39	28	4	28	15	13	23	35	48	38	23	25	4	30	11	8	20	20	47	25	3	37	44	12	50	13	29	1	26	28	37	39	46	35	0	28	10	33	8	26	4	33	48	32	32	27	34	27	13	16	25	37	18	37	47	24	8	25	50	31	21	41	21	21	46	7	46	7
5	5	17	28	12	47	42	45	18	43	4	29	12	11	9	8	16	24	45	16	49	18	35	43	3	37	35	48	43	7	43	33	49	37	10	27	15	37	24	1	23	45	38	37	35	34	10	11	42	36	28	18	19	7	49	38	22	21	47	30	28	18	42	30	4	45	12	0	38	18	36	2	6	36	32	17	41	44	16	48	41	13	2	21	35	8	9	28	42	6	26	49	46	44	48	21	50	46	24	41
43	32	43	4	6	16	9	25	4	41	39	47	15	22	10	15	30	46	27	34	10	45	49	26	22	35	39	16	1	48	37	27	17	19	36	30	10	35	42	9	39	37	16	14	29	33	47	4	9	6	17	4	9	8	47	33	41	33	24	20	43	40	13	11	43	47	2	21	0	4	4	22	20	24	28	22	35	2	32	25	1	9	40	31	21	25	38	31	26	39	12	27	50	47	32	8	33	44	31	42
47	25	32	1	14	29	46	32	20	29	34	49	38	32	30	38	43	12	44	47	39	37	47	17	46	17	30	14	21	39	37	39	44	3	12	42	24	35	42	18	24	6	11	14	10	1	50	29	25	31	38	18	3	16	20	17	30	24	6	31	36	16	12	15	25	50	32	11	37	0	4	5	25	4	33	45	28	22	43	30	17	30	17	43	13	10	23	14	38	23	38	48	37	46	47	21	44	27	40	3
39	40	15	3	28	14	4	44	35	19	31	39	6	5	17	39	15	37	22	19	34	38	45	10	23	10	22	5	17	5	8	32	23	9	36	30	32	17	33	33	46	10	49	20	31	38	5	48	12	6	2	46	1	18	39	15	27	3	30	6	13	32	18	9	12	33	18	8	43	46	0	4	12	10	11	24	1	15	38	18	4	1	31	30	28	42	16	19	29	15	22	17	24	9	6	9	10	7	25	39
46	29	36	26	17	40	40	38	1	5	44	32	33	38	19	48	26	33	32	7	12	27	26	29	41	44	3	1	26	39	8	22	19	24	49	43	32	47	5	36	37	40	18	47	3	4	41	40	20	44	9	15	19	37	18	46	50	41	27	21	31	41	6	9	12	9	17	42	33	45	31	0	36	22	1	34	13	6	34	29	44	40	33	45	7	26	34	5	23	12	43	37	25	15	29	44	39	6	33	39
41	50	7	44	3	4	17	7	16	27	7	12	19	15	32	7	44	41	31	1	35	8	8	27	25	27	25	45	41	33	28	25	5	26	35	6	15	22	49	46	21	41	30	46	16	6	9	4	7	44	49	8	17	17	8	47	47	14	22	23	37	9	39	9	12	14	27	50	11	48	3	13	0	25	14	47	29	25	22	14	25	48	25	45	2	11	4	7	2	27	12	5	18	50	3	19	37	23	9	43
20	39	49	8	20	23	36	1	39	2	45	20	26	28	24	32	39	38	7	39	27	14	35	37	35	31	6	49	16	46	37	11	45	47	31	2	44	37	26	34	40	16	16	14	5	12	17	12	13	32	30	28	4	41	28	49	19	1	49	35	11	30	34	21	8	34	8	50	33	49	16	37	2	0	29	35	30	10	37	49	31	36	13	7	29	28	14	20	33	22	35	14	10	18	2	27	43	33	1	18
9	10	2	15	20	3	14	40	19	43	10	50	15	9	23	10	6	6	14	27	17	11	10	17	1	34	31	31	16	31	23	24	29	36	14	50	14	5	2	2	37	32	4	28	23	35	2	50	28	8	31	14	43	12	47	50	14	49	41	31	17	21	33	32	22	4	36	28	7	45	34	18	6	16	0	24	2	9	23	11	34	31	14	41	29	21	37	17	38	27	25	17	14	49	41	7	7	9	45	19
43	33	41	8	7	35	4	15	9	4	14	30	43	24	2	8	8	10	13	46	3	25	43	42	45	38	28	38	28	1	3	28	34	44	40	18	23	47	12	19	2	47	42	49	17	26	19	30	43	35	1	21	35	23	3	8	11	31	1	50	45	27	43	40	48	38	46	11	6	31	10	10	16	2	33	0	3	29	2	37	6	37	13	37	50	22	26	10	47	43	39	39	50	28	4	37	29	22	6	50
15	14	2	47	40	14	45	39	33	38	41	49	31	46	9	48	43	32	22	48	50	32	10	10	45	15	44	44	21	36	20	17	21	15	40	26	12	15	31	10	20	34	49	24	37	43	42	44	35	21	39	30	31	30	34	36	37	17	16	2	30	5	10	40	24	24	29	50	31	38	29	25	41	5	15	4	0	18	49	10	50	40	2	29	19	24	17	37	46	3	44	6	3	5	6	38	35	50	22	42
6	17	31	24	29	7	46	32	31	28	15	21	36	23	44	33	29	40	37	24	45	28	1	34	30	11	34	2	37	10	22	35	35	36	1	17	44	46	32	30	8	5	12	32	46	11	39	8	16	32	32	41	28	48	4	20	28	50	14	16	21	46	26	18	20	14	14	13	12	35	17	45	11	41	36	13	35	0	29	47	26	19	17	38	39	13	24	30	16	45	40	35	20	28	26	21	2	11	41	36
50	20	21	31	3	20	47	21	13	25	20	29	13	34	22	5	5	21	36	37	31	20	6	45	16	30	22	15	48	34	4	6	30	21	28	4	2	48	33	41	14	42	15	49	20	29	20	39	11	8	43	6	18	47	29	24	6	18	25	17	24	45	4	34	37	36	4	17	48	8	40	32	36	7	31	48	49	27	0	17	19	27	6	6	10	14	4	20	48	29	37	3	13	45	5	20	33	24	34	40
29	7	41	13	42	10	46	31	7	13	31	3	25	7	29	50	24	29	2	40	43	46	10	20	31	43	13	14	10	40	13	3	28	7	24	14	47	23	1	4	17	42	13	8	36	44	3	1	41	29	40	27	23	5	38	12	44	9	7	34	32	20	33	19	2	2	40	2	14	28	36	47	1	13	19	5	42	28	34	0	15	7	30	32	40	28	14	24	23	19	36	19	42	24	43	11	39	20	10	30
5	3	41	30	23	24	31	21	5	4	14	50	18	16	23	13	3	44	44	31	17	48	31	44	33	12	40	16	38	9	23	29	22	48	46	13	3	22	40	39	28	19	31	40	14	19	4	47	50	41	12	1	15	33	32	11	49	27	9	29	45	10	25	35	11	9	29	42	49	34	48	44	19	22	9	38	32	2	3	31	0	21	10	4	23	8	7	28	48	50	31	37	29	5	21	50	25	48	47	4
16	32	41	23	45	46	30	30	13	49	22	42	14	35	34	14	1	6	41	12	22	46	14	29	22	43	23	28	2	10	40	31	45	10	28	41	17	40	21	17	10	26	16	49	3	44	6	18	45	33	50	31	13	35	5	41	37	12	22	40	44	30	21	26	40	29	6	42	42	30	48	48	11	5	47	21	30	50	3	8	50	0	13	6	45	10	25	32	31	50	28	44	17	4	41	4	1	9	40	21
27	37	44	31	15	23	50	23	44	25	7	49	45	48	26	10	18	44	8	36	18	4	46	27	48	46	13	3	37	21	8	39	33	47	23	33	28	41	18	4	49	2	33	2	32	6	23	24	23	23	30	43	35	35	27	5	21	19	4	48	4	49	15	14	4	39	1	43	23	45	22	38	7	4	40	30	29	39	5	26	32	28	0	6	40	50	23	4	4	40	35	15	40	41	1	11	6	37	23	8
7	13	36	10	46	33	32	44	31	6	43	33	37	35	27	6	12	13	2	4	13	25	48	41	4	2	28	31	4	21	12	45	17	38	33	21	38	9	32	15	38	9	39	7	38	39	21	47	26	9	34	42	31	40	23	12	28	20	45	4	2	32	28	39	49	38	7	48	27	26	33	41	19	37	30	13	42	46	15	27	11	8	47	0	22	30	24	47	17	39	10	20	35	39	31	42	10	17	23	43
27	44	46	37	25	47	38	38	8	48	31	6	5	19	23	19	38	25	12	12	41	37	31	39	26	12	47	30	6	16	16	8	50	2	20	20	14	22	21	24	30	45	8	1	49	37	24	48	44	10	27	1	8	13	13	38	14	16	9	8	50	24	15	46	33	49	36	18	26	36	50	39	25	37	40	17	32	50	40	34	12	44	16	43	0	6	2	2	38	35	48	3	42	45	22	39	42	31	18	8
34	41	36	15	32	4	11	48	9	11	43	31	29	19	41	39	24	21	35	28	27	13	37	22	22	26	16	9	16	28	10	36	16	8	13	29	12	47	45	1	19	27	8	12	43	30	20	43	22	8	17	48	23	32	31	37	3	30	12	34	16	7	33	42	17	49	9	42	22	17	11	18	40	22	38	22	32	40	14	32	47	3	2	7	13	0	28	10	22	1	43	14	26	18	22	6	36	11	38	17
16	15	3	28	11	24	34	19	15	21	25	45	10	11	27	18	24	4	29	50	10	26	29	38	43	2	36	41	26	19	42	8	2	10	37	15	16	9	2	19	31	37	29	16	15	26	24	23	49	36	29	40	47	30	45	1	2	23	16	13	50	48	44	9	1	21	38	43	21	13	34	21	46	24	47	10	26	32	6	12	27	26	21	12	9	18	0	21	13	28	12	39	28	27	36	21	46	50	6	29
7	25	14	17	23	29	27	34	27	24	35	5	30	44	24	41	3	48	16	6	20	40	9	33	5	19	25	48	7	19	13	12	37	9	11	46	1	33	45	1	35	32	23	4	18	47	49	49	17	7	48	1	24	1	2	32	39	48	8	28	27	20	41	48	46	3	4	13	4	36	38	50	27	23	42	12	13	50	43	10	44	17	22	12	45	37	19	0	18	43	24	20	2	21	13	7	41	25	28	10
23	9	27	9	17	33	33	5	40	27	10	9	19	20	25	31	38	45	4	21	47	28	45	3	27	10	46	47	25	21	9	31	28	24	48	16	39	2	30	42	9	13	45	27	14	37	34	6	23	31	30	35	9	39	5	13	26	49	32	28	46	9	47	13	22	15	24	12	24	45	20	49	1	26	35	45	38	45	41	29	3	5	45	19	3	43	31	10	0	50	21	34	18	22	31	35	48	7	19	11
23	45	24	4	40	40	38	34	39	42	9	22	43	43	16	31	28	37	44	47	36	10	41	5	37	35	30	16	16	11	28	38	8	45	23	37	2	44	46	20	50	41	16	32	43	35	7	36	7	38	3	41	2	24	46	10	47	11	28	12	37	33	28	12	48	24	34	48	19	38	31	7	23	48	40	6	12	6	9	40	22	48	20	44	36	15	6	12	48	0	11	29	47	6	39	13	12	3	39	50
26	25	14	43	14	31	44	13	7	48	50	10	31	33	39	45	44	23	11	43	34	36	43	14	47	15	26	50	19	3	3	24	37	28	17	23	48	16	19	22	35	28	22	50	13	16	28	41	46	16	38	38	2	31	26	30	6	23	4	47	36	17	25	3	28	27	10	41	27	32	50	9	16	43	14	21	43	40	48	18	7	26	43	47	24	37	1	13	29	6	0	27	14	4	35	3	40	31	47	43
34	40	48	26	35	49	13	7	25	46	4	14	36	50	19	17	20	34	2	23	23	18	49	26	23	6	41	45	36	41	10	13	10	39	36	44	37	31	39	30	20	21	35	21	28	16	20	5	9	39	31	3	44	22	49	9	4	23	5	18	14	49	11	27	9	50	20	49	29	24	37	15	37	46	29	12	47	43	5	41	50	5	11	17	40	18	46	18	35	34	42	0	9	28	34	46	46	42	22	32
8	16	11	21	10	18	45	31	35	13	31	37	22	13	16	30	9	27	30	2	28	28	3	41	6	38	25	30	3	19	46	2	5	39	19	35	16	2	8	21	6	29	12	1	20	43	40	49	16	17	2	21	2	11	6	32	41	38	1	38	49	35	2	27	48	13	47	50	16	45	27	4	30	36	44	50	49	33	18	24	11	8	28	1	8	20	31	8	15	37	21	35	0	3	38	49	28	13	36	24
10	20	2	10	7	35	36	31	15	4	17	44	21	14	18	50	9	3	31	28	27	12	42	7	47	4	1	9	42	25	11	24	38	17	17	16	16	30	45	18	1	33	39	25	13	7	14	46	10	47	45	20	23	34	36	38	21	15	27	26	16	46	34	32	23	12	26	38	48	11	14	27	36	24	45	14	2	50	21	3	39	36	34	36	18	27	28	17	27	19	33	42	16	0	40	17	7	11	32	6
13	47	31	1	48	11	33	42	13	47	30	26	42	20	11	3	34	46	47	15	37	18	2	4	45	12	50	27	22	40	36	13	36	27	26	19	35	23	27	11	40	48	10	34	11	8	48	7	10	18	4	1	33	49	22	10	27	22	20	6	32	16	2	35	33	10	1	10	6	2	23	32	45	27	27	37	29	46	29	5	8	39	35	13	20	14	43	2	8	49	17	16	36	29	0	20	7	20	17	24
6	8	7	35	9	21	50	32	13	16	9	14	2	11	10	15	36	1	41	44	23	5	37	18	12	32	34	29	2	24	6	39	10	27	17	38	19	15	10	15	16	28	2	10	39	13	19	22	14	36	27	23	20	10	39	32	30	33	40	7	4	14	5	37	10	19	23	19	18	22	28	19	8	33	37	14	7	44	23	41	19	31	27	18	25	37	4	41	18	42	45	19	34	48	1	0	21	42	50	28
17	33	11	9	8	6	29	22	24	36	20	30	36	36	19	9	22	9	12	24	20	12	17	11	26	37	18	40	10	20	33	1	29	29	3	43	18	10	23	14	34	15	14	25	37	40	2	22	42	24	40	18	4	50	35	22	42	29	50	11	25	32	10	41	31	31	33	22	19	22	6	33	37	13	43	8	25	9	31	7	6	28	30	36	41	8	20	26	35	44	35	48	3	12	40	31	0	6	1	43
43	48	8	35	10	39	22	12	7	34	11	37	17	18	32	9	46	45	19	48	25	19	16	30	45	6	40	35	35	36	7	5	32	31	10	49	40	41	18	29	36	4	3	49	6	47	50	5	5	35	30	43	49	37	32	31	31	34	10	28	35	23	48	46	40	12	8	19	42	43	48	7	50	43	20	39	27	48	34	17	43	4	37	29	21	35	32	12	21	3	19	25	29	46	40	27	46	0	43	33
4	21	39	15	5	32	7	40	19	25	32	25	19	50	31	29	47	42	5	45	10	37	36	17	4	38	10	2	6	50	15	21	15	46	32	48	7	27	35	33	11	45	35	32	17	48	6	9	20	45	31	24	13	34	3	34	48	10	14	45	49	29	31	26	17	42	35	15	36	38	46	4	5	15	13	48	38	25	17	47	11	17	2	1	22	42	33	32	2	48	5	1	13	47	42	2	3	36	0	20
1	18	38	27	34	36	39	35	43	8	39	38	35	18	22	12	49	12	36	19	31	2	32	3	2	19	13	47	13	2	36	39	30	40	19	36	49	2	25	27	25	10	32	49	29	27	35	27	48	5	20	8	8	33	4	39	16	36	13	44	18	4	5	49	1	47	25	42	39	4	35	40	12	48	8	20	3	18	18	17	18	8	36	7	47	7	7	12	17	4	40	21	23	45	23	6	23	5	9	0
2	17	8	15	41	16	6	40	11	36	17	2	27	10	25	43	36	27	15	25	33	44	33	6	19	5	37	36	18	29	29	32	3	47	36	38	18	12	32	28	26	18	12	2	36	27	17	44	11	17	29	32	29	40	12	20	41	16	13	25	37	8	32	24	25	17	50	48	22	4	16	48	33	37	6	46	9	43	26	15	38	27	17	6	41	43	23	34	40	8	1	32	30	38	26	46	19	13	24	22
0	43	15	21	27	4	1	37	21	47	38	18	1	22	41	4	30	31	50	25	38	21	32	21	35	5	30	23	14	28	16	33	14	33	36	41	41	25	15	22	14	33	46	28	41	5	27	20	17	21	33	1	4	30	50	33	32	18	41	12	19	2	14	19	13	23	43	13	21	5	44	6	12	32	27	29	23	29	34	46	4	21	20	49	44	48	1	44	21	1	8	14	39	27	8	32	37	35	50	47
5	0	20	8	18	13	8	16	30	12	43	24	30	11	29	12	16	49	36	25	2	39	9	13	2	26	13	12	19	22	37	50	15	30	3	25	10	35	33	30	45	36	37	23	37	31	2	23	2	41	18	6	20	39	35	13	31	47	29	43	1	47	35	15	8	28	42	14	49	11	18	26	33	32	12	2	30	37	7	3	20	50	48	40	10	37	17	41	5	34	47	2	21	40	22	50	4	16	38	23
1	1	0	40	25	13	7	38	17	30	27	27	8	46	47	18	10	46	45	20	39	36	47	35	20	35	47	10	47	36	37	26	15	40	5	47	17	22	46	47	35	9	7	4	17	10	41	24	28	25	45	36	49	48	40	47	20	3	7	41	33	21	41	13	16	29	31	15	38	41	45	29	34	29	49	10	7	26	25	22	11	14	30	30	28	1	27	38	22	21	47	29	49	38	40	10	45	10	7	44
17	11	31	0	49	44	34	36	11	8	23	44	12	38	23	23	21	20	24	18	32	26	20	32	7	26	13	27	47	29	4	39	7	43	42	17	27	24	29	22	29	18	7	25	20	50	19	46	43	7	40	45	25	28	24	25	12	27	39	17	31	49	16	21	42	46	37	33	42	40	16	8	44	46	3	37	5	34	12	28	15	14	4	25	21	4	46	9	5	45	47	37	25	32	9	50	32	26	37	35
16	29	46	49	0	48	11	44	48	15	24	42	20	48	47	43	1	19	20	6	30	25	26	47	3	24	14	13	25	6	26	31	38	27	30	5	33	16	34	47	41	6	40	24	7	1	12	21	6	32	3	27	19	26	49	16	28	22	13	41	32	33	33	7	33	4	6	39	15	10	9	38	39	30	16	24	16	32	42	46	13	23	4	41	27	49	35	33	23	7	49	2	39	36	15	32	5	24	44	17
17	4	41	5	27	0	8	47	45	29	10	37	50	50	12	49	40	38	7	42	4	22	31	50	30	21	17	35	18	41	42	36	13	26	10	15	40	31	9	30	26	5	32	38	49	19	17	45	13	6	32	28	42	23	24	11	13	30	25	2	21	30	17	49	7	32	46	1	5	39	26	13	7	14	40	36	38	48	44	49	50	15	22	22	12	48	46	41	19	26	39	3	30	44	5	35	5	22	17	34
2	8	16	48	41	48	0	1	1	6	26	28	17	3	23	18	10	16	10	27	12	38	49	38	31	32	9	32	48	42	14	41	33	39	16	17	44	45	33	50	25	24	17	46	41	2	5	14	16	10	29	24	39	44	1	1	5	50	48	11	41	20	40	32	18	42	38	50	7	15	35	21	41	40	50	33	23	14	25	12	11	50	27	49	43	5	37	15	22	24	8	33	33	14	42	36	19	38	44	30
36	28	9	25	19	10	29	0	45	23	20	10	44	22	15	13	49	39	46	17	27	16	21	35	25	30	25	6	47	29	17	23	38	5	49	8	43	30	27	30	44	9	24	3	10	43	24	47	43	11	8	6	33	30	10	18	10	24	2	39	20	2	13	20	26	43	30	34	24	46	18	48	21	45	22	8	30	50	22	21	1	37	10	32	25	2	14	10	49	18	38	8	11	23	31	38	19	38	14	31
43	8	32	33	18	18	36	24	0	21	47	37	37	46	45	27	34	14	39	14	47	19	16	14	27	8	12	45	16	32	46	10	9	41	10	41	24	26	39	39	44	35	46	16	24	9	33	23	19	50	46	17	44	15	4	49	48	17	32	33	15	39	37	2	30	10	2	50	4	43	19	31	45	37	47	7	13	34	29	9	4	47	38	45	30	33	12	5	18	1	7	16	7	10	38	35	15	18	45	24
49	25	47	42	31	2	23	28	44	0	49	48	28	24	8	20	29	37	7	40	19	5	48	8	37	50	40	5	32	15	29	44	42	34	31	10	24	44	16	11	14	21	11	39	31	50	6	9	30	29	34	43	50	28	36	1	10	37	10	13	3	21	36	27	1	3	2	50	41	44	19	27	26	35	16	36	9	2	17	29	1	24	28	10	32	38	6	35	8	26	41	17	11	4	26	17	9	48	1	4
28	26	12	47	29	39	45	46	36	37	0	27	31	48	21	18	15	21	45	21	27	4	42	12	40	31	8	15	48	22	19	35	27	14	46	20	6	36	40	39	45	47	15	50	27	34	14	6	49	14	48	24	47	50	17	12	49	28	33	15	21	6	21	22	35	12	49	8	31	4	13	38	6	37	19	17	49	6	25	50	3	43	32	19	41	43	28	48	22	2	39	7	21	47	30	18	10	9	3	15
34	29	42	24	37	26	5	13	44	37	4	0	21	37	40	12	24	5	16	23	21	7	4	47	7	47	23	39	39	10	14	9	33	31	19	39	1	27	10	34	30	25	33	48	29	5	37	35	4	34	8	25	40	3	10	37	22	39	24	26	43	38	32	38	6	28	9	16	9	25	9	10	40	33	12	28	49	33	14	3	13	42	42	21	8	42	39	4	19	31	33	45	20	9	12	37	44	16	35	37
21	20	43	46	9	42	26	7	33	12	8	27	0	47	1	30	21	44	49	17	48	34	47	47	35	49	32	22	1	50	48	36	44	46	25	20	28	16	45	1	45	16	49	45	39	35	34	30	44	47	12	38	12	3	41	38	38	42	2	42	15	39	24	49	16	34	47	10	4	46	42	20	22	28	42	48	43	39	10	13	35	33	41	13	4	26	4	8	2	27	11	31	19	38	12	8	10	46	42	44
37	19	34	4	43	38	15	30	13	28	8	29	13	0	46	41	43	8	23	4	37	11	41	11	45	30	16	7	17	27	3	43	6	23	4	3	12	3	20	47	23	28	50	40	16	37	11	32	26	28	19	9	6	2	13	11	47	9	7	24	10	12	50	19	12	12	7	44	30	41	3	11	22	43	28	14	29	30	30	50	33	7	19	37	3	37	45	44	38	16	7	40	29	2	40	3	12	34	28	44
17	17	2	29	6	20	2	45	35	24	20	24	19	17	0	4	35	43	41	39	16	25	19	5	42	15	18	41	31	15	18	18	28	2	50	28	17	11	13	13	20	46	48	15	49	26	20	13	19	7	28	4	21	49	24	43	32	16	22	45	12	5	49	20	36	44	30	15	34	41	35	46	22	5	41	15	48	12	8	48	31	6	42	24	33	47	48	3	12	48	9	20	32	35	28	7	37	14	18	36
3	22	3	21	2	17	40	26	43	12	11	30	50	48	11	0	24	31	49	45	24	42	39	36	2	16	4	10	45	30	4	1	11	39	17	9	11	27	16	28	35	39	22	20	22	49	18	20	20	7	50	8	15	29	7	11	14	32	42	3	31	35	48	43	19	6	27	36	23	8	27	7	24	15	46	36	46	27	36	40	46	41	37	13	6	18	44	29	41	47	12	10	17	7	1	20	27	27	49	27
25	50	26	4	47	31	29	30	2	16	40	8	1	37	35	5	0	1	49	43	27	36	30	19	50	5	35	33	27	40	49	5	38	15	3	5	9	19	19	27	24	27	36	17	4	50	36	22	9	22	34	23	18	6	31	3	17	14	5	48	46	16	46	20	13	2	39	13	45	2	45	23	9	44	17	45	2	2	7	11	28	11	45	15	4	45	46	31	47	14	26	49	41	21	48	24	44	7	42	11
3	20	2	15	43	40	42	23	2	10	23	1	37	10	40	23	14	0	17	42	42	39	3	2	14	13	20	31	18	4	40	22	14	32	25	8	38	16	28	34	22	39	32	42	12	23	24	42	47	12	3	49	18	6	32	35	32	19	27	20	2	5	49	3	35	8	14	50	33	4	44	49	2	10	39	21	13	28	21	2	35	9	46	31	9	11	43	21	43	43	27	16	38	38	23	26	37	27	13	12
22	45	4	43	35	23	10	6	26	34	22	18	6	4	21	35	28	22	0	37	38	11	2	18	11	13	26	32	27	5	1	36	17	27	40	18	25	3	39	32	6	23	33	32	32	15	17	3	31	43	10	20	42	49	25	9	11	7	38	17	21	49	15	47	21	2	45	7	14	6	23	43	5	25	11	23	27	13	50	37	40	13	27	3	7	12	19	48	7	19	13	1	17	32	31	22	45	1	23	7
37	1	48	37	31	46	30	50	28	10	33	15	50	42	33	13	27	46	30	0	23	16	28	49	7	34	2	23	23	49	21	48	49	6	16	18	20	15	30	36	40	2	47	10	44	31	16	33	15	11	47	5	14	36	6	21	8	32	25	38	29	48	8	23	12	30	12	1	50	39	45	22	27	7	44	13	45	33	39	33	36	50	37	49	45	5	50	6	19	45	21	42	1	8	11	47	35	27	45	11
16	16	17	20	10	8	30	48	10	31	4	4	28	11	39	36	47	19	32	21	0	7	42	47	33	29	33	21	16	21	44	31	25	3	31	12	21	19	21	7	48	43	13	22	19	44	21	40	49	30	8	29	24	32	46	20	9	47	37	44	32	25	20	45	3	45	40	10	3	13	21	9	43	45	44	44	15	16	12	26	45	24	29	7	42	41	19	42	23	42	9	28	47	24	11	24	3	17	15	20
27	16	6	44	39	34	37	1	20	6	49	45	19	32	22	25	30	13	27	40	46	0	20	16	15	25	43	17	43	26	26	38	20	23	18	49	48	33	27	48	44	24	47	39	31	8	44	19	37	26	33	33	13	1	48	44	44	36	50	7	3	30	28	35	48	47	37	49	46	27	39	23	25	37	39	28	21	33	10	41	4	6	29	34	4	30	49	1	10	36	38	9	35	26	7	44	39	46	28	11
6	50	44	44	23	20	45	25	19	13	4	37	37	26	10	48	28	46	35	11	50	24	0	38	34	44	34	5	49	40	42	20	27	41	39	29	13	10	27	24	25	32	17	10	8	44	25	44	6	13	32	26	23	7	8	12	5	18	2	49	25	30	6	41	39	35	12	30	44	13	16	12	33	26	2	42	19	12	8	13	10	50	43	26	40	26	33	5	10	20	10	2	23	6	29	17	36	18	50	48
32	48	49	25	42	2	50	32	33	25	47	24	15	10	20	29	33	36	40	22	10	34	1	0	26	17	46	13	13	46	11	22	11	36	30	21	25	5	26	14	8	6	3	16	46	34	16	14	14	41	42	23	24	1	50	10	38	35	13	8	15	1	35	41	5	7	43	1	35	39	22	16	37	8	6	33	2	26	39	15	14	22	45	26	23	10	8	6	41	18	16	44	17	28	31	5	26	15	38	17
48	40	25	21	14	36	41	21	8	4	1	1	36	1	17	39	22	15	1	48	22	47	9	1	0	19	4	35	4	36	29	28	34	19	15	29	39	49	21	30	45	20	50	25	26	7	25	9	44	29	38	36	46	4	49	27	30	8	2	11	38	41	21	22	7	10	24	16	33	44	15	36	10	40	50	34	12	3	13	34	29	10	4	12	8	48	43	31	3	27	11	1	2	18	31	14	7	14	6	4
18	24	12	8	30	39	4	11	35	40	42	26	27	40	16	38	7	35	4	6	10	5	41	6	42	0	8	33	11	43	5	30	28	44	35	42	32	48	42	48	8	15	30	28	17	46	49	2	7	23	31	38	42	29	34	28	3	29	27	5	22	26	10	48	47	36	10	30	19	45	42	33	2	28	26	48	41	9	44	2	49	26	14	29	10	1	4	9	3	13	48	34	5	45	33	45	18	33	46	20
18	18	49	17	1	28	50	47	3	19	26	19	10	49	18	50	24	22	24	22	30	34	41	15	32	44	0	30	5	22	42	24	9	28	50	40	45	2	23	11	17	48	44	8	48	35	44	41	8	37	48	21	29	44	11	13	13	31	23	36	40	26	14	20	50	48	17	9	41	15	4	36	25	43	48	29	11	17	50	16	10	49	21	47	4	7	33	14	22	46	26	16	46	41	5	17	21	38	49	24
28	40	16	43	4	35	31	24	23	15	22	40	4	30	27	39	29	42	12	33	5	43	19	31	14	10	16	0	31	1	35	45	28	34	28	44	10	21	10	16	50	37	16	49	16	6	17	35	1	25	14	17	21	36	39	11	1	25	47	28	17	11	36	41	3	16	38	6	41	18	6	21	23	39	30	34	24	11	20	13	39	42	40	2	32	43	9	10	35	32	1	20	12	29	13	43	18	17	27	5
3	14	19	28	40	26	46	41	23	24	36	40	27	9	35	26	18	35	38	34	17	18	22	50	37	25	18	9	0	35	9	31	30	35	15	14	2	26	21	31	18	37	32	16	17	10	24	25	11	3	25	20	43	31	4	41	23	2	24	18	7	1	21	42	2	21	16	19	32	16	4	4	9	26	24	44	41	9	9	1	48	12	12	44	36	16	13	11	8	1	38	6	1	6	31	49	44	16	11	7
47	44	50	13	49	46	46	10	16	31	24	35	2	35	14	2	31	35	18	29	49	35	34	48	30	20	32	29	1	0	47	38	3	27	14	46	36	27	50	20	50	19	10	2	8	44	38	14	23	44	47	20	17	16	3	46	43	5	16	10	19	2	21	46	1	49	26	21	15	33	30	30	30	35	14	1	14	22	12	31	25	31	44	38	12	39	39	42	50	41	24	33	17	27	2	41	4	10	44	35
22	11	11	9	49	5	4	12	5	10	24	41	4	7	10	9	36	4	34	25	24	38	18	50	31	44	18	33	26	30	0	49	44	11	16	23	31	45	23	27	43	8	27	29	35	20	45	11	37	31	47	9	29	40	50	17	30	19	49	48	7	45	20	12	1	8	46	13	30	26	2	18	6	36	8	42	27	24	33	1	36	28	28	26	34	13	14	30	48	45	29	38	39	38	11	25	29	19	28	32
14	48	28	37	16	33	48	27	15	21	44	19	47	38	32	2	40	11	50	21	9	20	15	9	31	37	22	6	13	8	30	0	6	4	43	38	35	3	6	50	7	41	15	31	5	7	12	10	37	39	36	6	47	47	11	17	11	10	31	45	16	48	6	15	22	11	50	22	12	15	13	28	11	25	11	25	27	35	24	16	14	14	1	30	34	43	43	28	50	36	7	15	26	4	35	23	21	40	42	37
18	22	30	31	26	33	26	11	6	11	26	8	17	3	40	28	30	2	25	42	9	39	47	3	8	31	37	49	43	15	38	34	0	13	8	34	11	19	2	8	42	18	24	20	50	4	40	49	2	5	28	18	6	24	36	29	49	19	50	25	49	20	2	37	49	3	2	6	36	46	27	10	17	7	2	45	36	37	42	49	48	15	3	3	22	7	50	31	23	16	26	31	27	26	40	14	32	45	29	22
40	3	8	27	24	30	30	14	12	33	35	38	16	34	8	11	3	26	36	32	24	49	50	49	25	13	46	8	34	46	7	39	34	0	29	44	15	5	15	21	22	14	41	48	44	38	24	28	22	18	14	12	44	38	24	21	34	24	50	37	42	9	47	38	23	47	19	2	16	37	36	42	4	39	14	7	44	11	10	40	9	38	20	47	44	24	38	45	40	33	49	30	34	2	50	28	20	25	29	36
19	46	48	19	47	15	44	44	8	34	19	14	11	40	11	34	8	20	30	17	32	8	11	8	42	30	39	25	43	7	14	28	11	28	0	48	26	46	27	29	30	50	31	8	12	22	43	20	44	11	13	30	23	31	12	27	12	8	8	1	32	21	46	4	25	45	36	46	15	12	25	22	29	5	28	20	19	50	1	18	1	47	12	17	33	23	28	49	14	45	35	21	37	12	39	29	12	3	36	33
3	46	28	45	10	36	46	45	36	34	50	43	2	20	28	10	45	48	8	27	39	30	14	48	12	10	37	19	36	9	19	30	22	1	8	0	33	29	16	13	31	12	16	5	1	39	23	25	17	10	6	42	2	23	5	43	15	9	34	27	49	6	6	2	33	45	28	47	29	27	43	25	30	30	9	17	46	45	23	46	34	11	28	36	50	18	10	19	39	24	24	4	50	33	40	45	4	3	33	19
22	18	5	22	27	39	49	24	46	22	29	24	31	34	18	5	16	5	43	49	43	9	36	41	28	44	47	49	7	8	13	2	47	39	20	7	0	4	20	26	29	23	29	25	41	4	34	4	25	6	10	16	26	7	33	26	7	40	43	25	48	37	25	35	49	30	4	44	22	36	30	45	7	16	23	34	40	38	45	12	22	2	33	21	10	6	10	24	5	15	31	10	23	44	42	10	1	21	33	7
38	35	2	28	21	1	20	26	47	16	2	42	28	34	9	20	28	15	33	48	25	13	32	24	7	16	41	32	26	13	31	46	27	24	45	49	12	0	9	10	17	34	16	1	33	21	22	48	45	20	16	48	35	46	16	48	44	48	9	47	12	42	48	14	12	23	22	30	16	46	43	12	13	8	15	22	9	1	13	12	48	30	2	36	32	44	28	38	44	35	4	48	25	25	23	25	44	4	50	31
33	15	27	48	31	14	7	6	50	13	48	46	23	1	7	15	21	38	5	43	37	42	39	8	41	41	45	32	34	25	13	2	42	20	43	33	42	10	0	13	38	47	41	33	16	15	24	14	23	22	4	45	18	35	34	22	40	50	6	50	41	2	6	21	12	6	49	23	33	23	50	42	30	39	44	19	5	45	42	30	5	38	47	9	27	3	35	24	47	6	21	45	34	1	40	13	43	2	13	43
17	16	18	24	40	46	27	18	33	50	3	38	3	18	9	1	39	36	26	26	13	44	46	23	39	8	13	41	36	45	31	50	10	21	7	6	25	1	4	0	12	9	10	14	5	48	2	14	6	22	3	2	29	20	49	3	18	25	38	36	24	44	34	31	8	35	45	25	5	30	45	14	6	39	9	31	11	10	4	24	3	41	8	5	7	20	48	41	32	5	16	2	35	38	5	30	40	11	16	13
36	12	13	20	11	5	9	22	39	3	28	8	27	49	25	48	34	50	21	38	4	37	22	5	21	36	6	25	33	19	40	3	29	12	40	46	46	34	40	19	0	30	35	2	32	36	8	13	5	38	14	11	49	9	50	17	9	35	34	47	50	4	24	40	42	40	30	30	29	50	9	48	27	42	24	42	9	49	27	5	20	1	8	10	11	40	40	44	14	32	33	32	10	48	9	19	17	14	40	28
34	15	14	27	30	21	38	14	27	11	36	24	23	2	13	48	46	5	28	7	48	47	35	18	44	30	12	15	40	41	37	42	15	18	21	43	45	30	9	40	24	0	18	21	45	30	8	49	6	24	14	20	6	16	11	34	42	2	43	19	31	45	16	26	24	20	35	45	43	17	47	6	29	39	12	38	17	13	29	24	36	30	40	25	6	48	31	13	5	11	25	22	2	37	31	45	19	40	23	10
50	31	46	20	11	20	15	29	10	42	5	28	18	10	38	30	34	15	46	8	20	46	33	40	1	7	33	47	31	18	3	50	27	7	30	8	34	28	49	45	25	15	0	24	46	48	27	18	22	6	42	11	17	46	14	9	21	23	40	21	33	45	43	29	8	47	49	8	41	9	34	41	25	29	44	31	1	45	35	45	46	26	4	23	1	3	35	14	47	16	37	13	23	7	3	33	30	9	17	7
29	45	28	28	16	3	6	36	3	50	1	19	48	27	36	26	11	45	34	23	19	47	1	28	39	49	21	36	36	18	23	20	49	37	26	20	1	20	23	13	48	31	49	0	26	34	20	23	41	8	9	29	25	45	13	12	47	26	22	50	41	44	25	36	9	9	41	3	34	3	6	50	8	2	31	18	34	37	18	16	12	6	19	17	5	29	8	42	7	41	6	33	31	40	19	35	18	43	23	13
19	6	27	47	47	49	18	17	48	48	5	38	15	22	43	14	14	11	9	23	38	11	36	7	25	20	3	26	22	7	23	23	41	18	50	44	30	15	11	8	1	49	50	9	0	46	21	32	6	36	9	23	31	9	14	35	39	37	6	11	42	24	12	23	32	15	47	15	29	20	19	3	28	8	44	7	19	8	32	37	15	8	42	28	47	10	42	42	19	39	1	23	47	33	18	25	11	11	11	26
49	28	31	42	38	34	13	35	47	26	9	32	2	10	32	47	24	44	43	14	24	50	37	4	8	23	18	34	17	16	15	21	17	35	9	19	15	28	12	4	46	19	4	38	23	0	30	20	44	5	42	35	38	24	37	7	21	41	23	47	18	16	6	32	16	33	27	4	2	5	37	1	26	27	17	10	35	14	44	27	4	15	29	50	3	28	34	1	30	12	13	49	26	49	32	22	20	21	27	31
21	3	3	11	47	22	45	16	40	35	36	11	10	35	19	41	34	33	18	40	47	39	6	28	39	46	18	5	11	47	42	49	40	37	43	8	21	35	37	38	33	20	23	26	43	41	0	45	32	29	22	28	34	2	35	10	12	31	33	20	46	7	3	44	18	48	47	33	50	15	43	39	8	16	48	14	40	36	22	34	6	44	3	48	35	37	50	13	26	24	36	20	11	29	43	47	25	27	6	6
32	12	43	12	21	44	7	47	38	37	17	8	34	22	50	10	40	28	3	24	7	40	31	21	26	7	15	2	19	3	1	24	30	3	33	9	24	9	5	38	47	2	5	3	28	45	20	0	42	34	38	2	17	4	1	3	40	28	13	26	6	41	25	21	14	30	39	10	4	36	34	37	31	42	38	40	9	38	19	20	19	35	36	24	28	5	40	50	35	4	5	33	30	46	35	42	42	16	5	24
29	39	36	11	39	28	43	40	23	2	11	7	40	1	36	44	22	3	6	30	44	44	32	35	7	5	33	39	37	50	13	17	11	21	4	7	16	41	41	1	41	7	41	25	37	4	34	2	0	36	38	24	3	50	44	34	32	20	44	43	21	18	37	49	40	17	40	31	28	38	31	24	15	49	15	5	43	32	38	46	27	39	22	11	46	34	42	34	29	31	15	37	12	6	41	46	14	28	45	18
8	8	12	41	43	49	21	10	50	37	7	41	12	43	50	27	11	24	26	21	31	11	22	29	44	25	3	6	45	15	3	35	1	43	26	31	26	30	43	39	2	34	27	50	28	45	8	48	22	0	26	26	20	16	48	22	34	23	23	20	14	33	42	33	49	14	45	50	42	39	22	47	49	35	25	12	12	13	13	38	29	16	46	6	16	37	50	39	48	35	16	38	5	12	33	46	46	4	26	28
6	16	13	31	42	49	34	6	9	19	11	35	25	24	44	18	48	30	21	2	13	4	6	31	26	38	13	5	47	48	26	34	37	18	47	47	26	30	49	10	1	38	39	41	14	44	16	4	45	12	0	14	48	15	37	18	22	2	33	24	7	50	23	41	29	34	46	17	47	37	16	37	49	47	41	4	28	34	48	6	24	22	13	19	8	32	31	45	27	24	11	10	26	31	47	18	5	13	7	31
37	46	27	1	43	40	26	33	14	44	40	19	32	40	8	13	12	19	5	45	35	3	9	36	15	43	23	31	45	10	15	49	31	47	16	17	42	31	16	43	14	16	39	22	39	3	19	25	40	11	36	0	1	8	32	49	44	7	21	7	7	41	1	4	42	49	19	40	12	16	12	27	8	32	40	26	14	1	4	7	11	23	32	41	44	28	32	38	45	26	41	28	29	18	3	42	19	43	10	3
35	27	30	24	22	7	7	35	23	11	17	38	45	49	3	28	47	31	5	30	37	10	28	25	41	5	31	43	30	15	45	42	49	3	5	46	33	6	23	15	36	23	39	31	3	38	33	22	38	36	11	13	0	48	34	32	36	38	27	47	11	14	49	31	8	16	1	23	49	23	40	5	45	46	37	36	7	21	43	42	5	41	26	19	41	50	45	3	47	18	14	47	28	13	37	15	40	19	29	10
1	3	3	21	29	24	18	3	33	24	8	28	39	39	24	13	42	26	19	2	4	27	19	19	39	27	40	7	15	41	23	41	23	22	24	37	37	4	1	20	11	25	35	31	3	18	14	44	22	28	4	33	20	0	48	15	45	11	47	44	31	25	48	46	40	45	29	27	47	3	42	5	26	48	18	7	19	28	9	11	29	21	40	10	31	6	22	11	49	1	40	9	49	41	6	31	11	32	18	23
50	47	4	45	22	30	37	31	43	45	27	36	33	38	17	18	36	20	1	20	37	14	19	19	9	34	22	11	46	43	28	46	7	39	15	4	47	16	35	23	22	47	39	18	31	23	14	33	44	20	15	25	41	15	0	19	4	12	40	43	31	16	41	29	17	13	14	17	7	13	28	20	24	9	25	23	30	5	6	39	11	11	34	23	26	37	44	41	48	29	3	49	14	2	39	41	1	28	45	34
11	24	17	37	10	1	26	30	1	38	21	44	20	14	7	49	1	46	34	20	40	48	41	13	8	1	30	37	38	46	27	46	24	17	14	17	45	23	39	6	19	27	10	13	6	14	8	44	6	21	36	48	34	12	49	0	14	36	21	35	35	28	46	48	48	38	42	9	18	47	28	22	44	42	5	36	37	17	1	39	39	7	3	40	34	13	5	29	2	36	10	5	33	18	2	45	42	36	15	43
5	36	45	50	28	40	37	18	13	15	7	21	25	19	10	6	46	27	4	48	47	3	6	41	14	12	17	7	21	43	24	29	42	37	19	43	1	31	44	36	47	35	35	17	40	6	18	43	48	38	44	3	40	2	27	22	0	14	44	49	43	12	39	35	23	12	18	18	30	25	27	14	49	5	29	25	37	37	36	26	27	31	36	17	5	34	38	17	40	25	47	44	11	35	33	23	21	6	26	24
15	12	21	38	8	40	24	26	20	20	15	27	33	13	25	37	47	6	36	1	29	22	45	20	12	31	40	47	39	9	12	21	16	45	31	14	10	35	3	22	11	36	9	50	38	44	44	47	11	50	6	6	43	39	23	22	40	0	8	33	16	10	45	33	32	30	18	2	24	49	48	23	23	5	35	9	13	18	24	45	49	7	47	6	4	4	45	25	15	26	22	1	12	22	33	5	26	30	46	13
29	12	6	16	22	3	34	31	6	10	23	37	27	33	45	48	2	44	18	22	38	30	30	11	32	15	33	34	17	8	7	20	29	28	6	2	41	14	17	47	20	47	26	37	34	33	34	33	33	2	31	48	26	23	21	42	14	30	0	21	12	14	12	50	44	43	45	34	30	31	30	8	46	49	29	22	26	18	37	11	32	40	22	15	50	30	36	9	50	20	31	3	44	16	32	49	39	25	40	8
37	41	15	8	8	36	46	20	14	35	47	37	3	30	15	38	47	18	3	32	48	22	44	36	42	17	8	6	50	41	6	17	19	6	42	20	49	45	9	49	5	10	37	13	37	3	14	23	26	44	14	47	47	50	32	26	35	46	1	0	49	23	40	48	26	29	40	11	30	47	8	3	38	3	16	25	8	24	30	3	7	47	28	17	22	40	34	12	26	42	14	40	26	47	6	24	30	47	10	46
25	37	20	36	49	17	26	48	5	1	3	43	20	43	8	30	35	17	16	43	47	27	36	34	31	14	49	41	22	43	26	28	45	1	38	14	44	31	49	27	37	8	32	44	23	27	9	33	15	41	17	42	44	34	26	32	27	23	5	41	0	3	44	47	23	17	49	41	4	36	11	24	26	39	9	36	36	6	32	31	27	13	48	16	11	32	10	20	35	36	28	33	25	18	25	36	19	26	32	3
29	46	33	21	28	3	7	31	35	18	34	44	27	33	26	42	50	17	39	22	18	7	12	6	6	30	12	45	37	36	7	26	14	10	15	5	39	19	39	21	26	1	17	27	3	25	29	46	20	7	8	8	32	36	29	21	17	29	47	36	44	0	3	40	16	45	39	1	1	37	25	2	36	38	2	40	33	40	46	18	41	44	24	15	17	29	15	22	39	3	30	7	49	21	34	34	31	45	11	41
20	38	46	11	21	18	41	9	43	39	14	30	11	1	44	31	14	46	8	48	35	12	41	26	19	6	34	32	48	44	12	22	25	9	14	48	16	42	17	33	16	15	17	33	33	29	3	20	8	44	12	49	44	10	19	17	17	34	12	26	22	2	0	30	26	10	32	46	41	42	20	8	38	40	49	11	20	50	29	49	23	31	17	39	15	30	36	9	7	6	17	4	15	39	40	45	11	21	50	50
18	40	9	24	20	32	1	14	16	33	46	19	32	24	33	32	29	23	3	5	17	14	18	21	16	10	2	19	13	3	3	4	32	14	40	33	36	29	30	42	27	23	44	49	16	14	33	6	31	24	34	21	7	25	30	11	42	1	41	1	24	18	5	0	22	39	16	49	30	34	23	24	16	31	37	40	20	29	23	1	10	33	11	42	42	38	4	30	32	14	8	47	19	6	13	28	13	15	14	20
41	24	8	26	20	19	17	32	2	47	10	8	42	13	39	47	19	19	29	26	18	14	25	28	38	17	38	47	19	4	5	40	49	31	34	22	16	6	32	45	17	4	16	6	35	10	36	45	15	23	12	43	8	14	8	10	20	30	17	31	30	16	31	9	0	20	39	43	38	37	21	24	9	6	33	27	25	6	4	44	15	17	25	47	41	1	42	36	43	22	30	45	44	6	30	49	41	36	35	39
10	9	24	40	28	27	40	3	18	14	17	41	44	30	40	27	30	47	42	8	18	30	40	10	36	37	27	40	34	20	24	1	46	34	44	41	10	28	16	28	33	11	40	4	46	45	1	28	37	37	2	42	41	3	25	37	3	42	4	22	6	30	41	15	14	0	26	42	23	27	18	32	31	44	46	40	30	13	32	49	32	40	35	15	44	26	41	29	25	44	19	2	40	19	14	27	21	18	47	23
29	21	32	24	47	46	30	43	11	30	7	5	32	35	8	35	19	5	7	9	6	40	27	27	13	39	24	10	31	15	28	17	7	17	49	48	48	37	15	23	21	21	7	46	33	34	50	35	22	45	31	11	30	14	31	18	38	28	38	2	24	50	40	4	15	8	0	17	2	34	43	47	6	17	37	31	15	31	5	27	3	20	2	27	19	7	34	40	34	7	18	37	30	12	42	31	26	19	10	5
49	26	25	48	23	33	21	17	1	13	17	38	39	37	37	40	15	6	25	10	37	26	42	5	42	1	25	42	40	36	2	5	2	44	35	1	32	4	36	7	28	22	22	1	32	11	19	27	33	27	34	32	23	6	35	15	20	48	45	11	30	21	11	8	38	8	44	0	30	38	24	40	47	42	48	14	8	32	43	45	24	33	29	50	48	22	41	35	29	49	49	40	16	10	37	37	4	4	16	18
38	1	21	41	21	28	1	43	24	27	29	43	23	23	49	38	47	5	35	11	46	29	33	29	4	34	26	11	2	43	8	12	35	40	46	26	36	2	5	2	36	26	22	5	22	16	11	50	4	22	33	30	42	31	32	26	7	15	34	7	27	10	15	9	7	32	41	9	0	31	34	26	27	21	5	38	22	25	41	17	6	33	4	2	30	2	44	40	30	7	11	30	7	22	37	24	34	10	33	27
23	18	8	9	42	26	42	18	29	29	33	28	36	50	43	25	2	3	18	35	9	40	35	44	3	24	41	45	16	20	30	20	26	31	32	38	46	25	47	20	49	30	42	40	48	50	40	26	34	4	37	18	41	29	13	18	44	23	46	41	26	34	17	15	24	35	2	22	37	0	23	10	21	6	39	1	47	36	41	22	48	43	48	30	13	2	44	36	3	9	16	7	17	48	27	19	7	24	45	34
45	13	6	44	16	22	28	19	11	18	7	15	28	21	4	25	8	6	3	8	44	35	49	19	2	8	36	48	20	31	42	4	4	36	33	21	35	3	21	48	26	39	14	16	10	31	49	17	29	3	18	28	34	43	28	41	49	16	25	6	22	26	3	38	10	20	38	16	22	44	0	45	23	33	21	2	36	17	44	18	28	14	25	9	4	27	50	26	15	34	32	23	2	21	50	12	25	27	28	14
6	24	6	28	47	44	3	35	40	14	6	27	24	9	49	2	21	36	29	6	11	24	28	6	25	42	6	1	27	47	41	47	49	45	18	8	33	3	42	37	9	44	10	7	26	30	18	29	6	15	17	17	24	35	26	30	31	28	44	8	3	40	45	5	24	28	16	9	15	27	19	0	34	33	48	39	3	6	17	37	11	4	23	23	40	41	3	11	10	49	49	30	48	25	13	50	35	25	37	25
9	33	31	41	5	12	49	8	19	10	22	48	13	25	34	26	18	48	35	27	23	28	25	50	27	4	30	11	41	18	41	19	28	45	2	14	33	6	2	3	11	2	7	25	25	23	33	47	29	14	24	45	6	5	39	4	26	22	23	37	47	41	6	50	14	22	34	49	43	14	31	3	0	24	10	10	21	24	16	49	43	20	17	7	5	28	18	40	47	14	13	48	47	20	28	50	1	31	9	8
42	10	28	25	27	28	33	41	43	9	13	11	8	13	8	4	29	40	50	3	29	32	15	15	39	3	6	4	32	9	32	49	49	14	23	41	2	17	36	24	6	25	45	9	35	12	28	1	27	6	17	30	40	17	27	39	15	47	28	2	5	50	30	28	24	23	4	10	34	22	34	44	13	0	22	33	43	4	32	33	50	38	31	12	28	8	29	20	36	20	9	36	31	40	23	15	29	3	16	26
38	15	29	29	1	32	1	45	21	21	34	32	24	42	10	14	21	11	17	7	5	14	32	21	26	11	40	21	6	20	42	8	3	36	37	50	16	10	26	11	29	30	29	42	21	11	31	11	49	5	39	15	12	49	50	27	40	6	25	18	45	46	46	35	44	38	40	49	39	2	50	44	48	5	0	37	7	43	18	29	36	3	22	25	1	45	39	36	18	36	32	14	49	10	12	1	29	42	48	22
37	25	46	9	33	31	13	11	14	46	45	46	10	7	25	33	21	50	23	23	45	38	13	42	35	7	1	5	38	17	2	3	48	1	50	20	49	26	27	25	2	13	32	4	44	5	27	39	21	32	12	46	25	15	39	9	7	4	28	8	3	23	11	42	45	18	28	8	1	35	24	35	39	21	28	0	50	24	9	38	1	29	47	38	22	14	48	42	15	13	23	46	40	43	27	32	44	48	9	32
40	46	35	23	27	43	12	4	15	28	29	14	37	49	8	19	12	17	50	9	32	48	32	13	50	40	45	33	4	16	32	26	27	11	23	28	40	9	35	25	34	15	18	38	31	29	50	13	24	29	37	5	18	42	18	43	13	44	45	34	44	32	36	18	17	26	9	49	24	35	28	36	10	19	16	44	0	25	35	20	28	33	33	14	26	36	34	41	38	11	42	12	19	16	31	17	12	8	11	32
25	26	31	41	44	47	32	23	10	6	28	39	41	4	22	32	8	33	20	25	26	23	39	30	5	38	29	21	5	40	6	18	16	19	16	42	49	40	4	12	3	42	38	50	39	41	43	6	30	40	45	6	4	14	17	8	10	46	9	14	47	37	17	18	33	28	20	10	10	37	42	41	3	15	48	18	10	0	47	49	17	22	27	2	33	41	50	25	29	7	42	47	11	39	7	36	26	21	5	46
14	2	29	6	35	38	39	8	22	3	38	1	5	11	20	43	25	17	1	21	23	5	47	21	10	34	28	47	41	22	25	6	1	17	3	4	8	33	45	10	49	43	42	42	48	4	22	39	16	26	18	16	49	38	30	1	42	47	43	22	1	35	31	44	23	11	43	3	33	29	37	12	33	20	38	30	32	14	0	39	19	28	19	32	11	17	25	15	35	30	3	37	20	37	30	22	39	2	19	22
50	4	15	1	47	4	29	22	8	25	11	25	4	38	4	25	14	19	50	1	1	43	30	49	14	3	45	43	25	12	12	37	45	1	21	5	20	49	43	16	16	32	17	26	14	8	21	3	49	13	6	44	13	5	43	14	16	4	37	11	30	40	1	30	18	21	3	29	46	48	39	49	38	33	35	22	32	1	8	0	4	20	43	25	5	45	10	2	50	7	27	15	33	23	19	36	28	41	49	31
11	4	42	38	24	14	18	34	22	16	10	2	44	16	49	38	17	37	13	42	13	11	12	32	37	14	18	24	4	24	8	38	46	10	40	9	1	12	19	11	1	7	41	17	11	21	4	49	47	42	47	45	32	42	42	28	46	14	7	12	32	3	19	44	44	5	9	2	36	19	2	9	45	42	26	8	18	34	14	46	0	23	4	45	11	48	44	23	18	9	31	8	20	38	45	35	4	46	41	23
21	32	26	8	16	27	45	48	28	19	15	1	9	21	3	22	1	48	26	30	30	26	5	12	25	2	42	24	10	16	41	49	30	14	33	28	19	13	34	50	28	33	12	41	27	2	44	47	31	40	37	24	13	26	45	14	1	46	34	19	2	45	35	2	40	24	25	1	31	9	20	6	48	18	4	32	41	21	10	26	4	0	25	32	50	34	40	22	11	7	1	24	6	48	33	3	44	34	17	8
28	38	14	14	2	12	24	8	6	19	34	32	28	26	27	46	44	40	42	34	2	46	49	27	41	1	49	18	21	50	7	5	4	47	50	23	5	15	45	30	19	12	9	18	35	40	48	27	3	26	5	36	15	30	8	47	1	23	22	21	49	19	41	37	12	43	6	10	33	32	36	40	1	29	32	32	37	8	46	32	9	22	0	9	15	19	1	27	20	2	15	34	42	35	44	29	30	39	10	28
24	46	45	43	41	12	49	39	14	18	23	21	16	31	47	39	1	17	7	46	8	15	47	16	1	38	49	2	26	4	29	35	43	23	44	26	38	40	35	50	47	40	39	28	22	7	9	48	33	33	31	12	21	31	5	28	42	22	14	33	2	33	5	32	8	43	28	41	36	33	29	25	31	48	38	24	11	30	49	11	34	6	14	0	43	30	7	42	4	6	9	7	32	28	27	26	29	48	25	15
6	3	24	38	24	34	11	9	27	36	12	31	26	47	5	5	26	1	14	5	23	41	29	37	39	12	49	49	43	29	14	44	17	22	33	2	50	32	32	29	28	32	40	24	45	22	42	47	39	19	10	4	39	14	44	12	41	35	31	15	40	9	8	49	42	19	8	2	50	1	40	34	18	40	16	48	17	18	44	27	41	45	49	37	0	17	41	37	21	26	49	6	33	35	33	37	50	39	49	9
36	1	50	3	18	17	41	8	29	13	5	44	42	46	50	35	38	10	25	44	37	37	2	27	38	41	23	46	6	7	13	34	25	30	49	33	4	14	2	39	31	9	40	48	14	26	11	22	3	15	31	30	3	39	22	17	18	28	29	13	7	46	1	30	28	44	41	42	49	46	13	38	21	17	19	41	16	13	39	26	42	13	15	22	24	0	28	28	35	16	30	14	19	15	12	20	2	10	29	38
2	39	19	32	32	24	27	27	16	6	7	32	23	38	11	10	46	7	25	42	6	2	45	1	27	20	8	48	24	29	39	35	34	21	16	29	36	24	27	17	5	6	27	22	25	50	37	25	47	42	3	6	29	14	3	12	43	44	29	5	42	44	20	12	32	24	15	35	39	40	28	41	34	39	18	5	50	14	16	39	34	35	10	27	15	27	0	30	26	5	38	24	24	17	13	27	9	41	6	26
11	24	28	7	11	33	29	27	25	45	5	26	20	9	39	17	37	15	1	24	6	3	25	22	36	24	20	31	28	5	49	25	2	38	49	39	19	38	16	49	17	27	30	20	34	49	35	40	7	36	35	39	22	16	42	40	26	35	23	29	33	17	22	12	30	12	5	47	38	16	20	21	47	21	24	38	39	12	5	1	10	18	30	46	3	26	30	0	33	3	9	2	10	41	28	45	45	1	5	10
14	12	30	14	44	40	9	28	10	31	6	2	20	10	18	25	50	8	39	10	7	35	25	34	31	29	7	38	49	37	13	3	4	1	10	22	46	45	2	48	20	24	33	3	35	33	11	44	39	42	49	30	44	14	12	33	8	24	39	12	4	36	7	13	12	44	13	17	31	19	36	12	48	9	13	20	50	5	24	31	42	33	48	1	41	14	10	37	0	44	50	27	16	5	9	9	19	1	33	36
47	46	8	34	14	19	48	10	12	47	2	4	39	16	37	15	42	13	3	46	25	49	1	13	29	7	18	14	6	13	17	6	34	35	36	50	6	47	2	39	18	15	33	45	40	24	34	14	13	44	18	43	8	20	39	20	2	38	26	44	2	48	3	20	41	20	4	42	29	9	20	21	8	28	41	17	34	32	44	10	49	41	26	1	43	38	33	3	12	0	32	47	45	4	1	12	14	31	43	21
34	7	48	29	10	28	36	17	10	26	23	10	20	8	21	31	1	24	5	49	46	2	27	23	1	16	41	29	36	28	1	38	35	17	9	2	29	44	50	17	43	12	36	25	46	13	29	50	3	47	14	2	30	12	37	13	13	37	14	19	4	27	4	14	44	17	46	23	13	33	33	17	36	34	36	29	37	8	28	29	14	38	11	45	8	33	49	16	48	20	0	20	31	37	9	14	19	20	20	35
18	24	18	18	9	43	34	6	23	11	18	12	15	23	3	46	6	4	7	14	39	33	13	36	34	50	37	42	40	5	6	7	37	46	50	8	15	33	7	10	47	17	32	48	40	37	2	33	47	3	41	17	25	23	13	10	30	45	30	17	43	21	50	22	1	48	29	45	3	47	41	40	34	14	10	41	17	16	43	29	15	42	45	42	28	14	2	14	38	19	37	0	24	47	15	21	30	11	13	26
27	2	11	8	16	2	8	28	3	14	44	9	32	34	1	39	19	24	47	7	18	10	32	43	18	42	29	29	42	23	34	10	4	9	7	38	49	24	26	48	46	40	38	39	28	40	21	16	35	27	28	8	10	41	42	45	38	45	22	9	48	13	47	4	1	25	50	16	14	47	46	3	39	49	50	25	32	31	39	48	35	32	24	42	36	2	41	15	45	10	16	26	0	40	44	48	39	34	16	4
26	15	34	1	48	39	31	11	12	21	26	37	34	39	37	45	4	12	42	7	14	48	34	30	27	40	18	41	15	35	9	12	9	38	34	17	42	46	16	15	7	34	34	38	18	47	20	14	49	49	39	37	24	49	40	11	44	40	32	9	46	41	2	37	18	49	27	11	4	40	20	9	21	9	18	26	7	46	41	4	36	11	17	27	6	23	23	36	11	21	23	18	5	0	49	45	22	24	35	29
8	12	13	41	50	41	21	3	5	30	23	16	41	46	48	46	41	39	43	34	43	22	34	49	20	17	39	16	44	5	39	20	15	43	2	15	6	33	41	39	32	2	35	27	43	13	41	2	14	13	29	26	7	13	8	50	36	47	24	11	33	6	28	30	7	41	6	2	11	12	18	20	29	12	16	19	5	15	50	26	37	12	31	48	27	1	25	31	19	4	24	47	23	15	0	17	31	37	26	28
21	24	18	26	9	33	11	18	42	42	42	37	48	32	20	5	30	32	25	31	15	17	47	20	34	43	31	44	24	37	28	4	38	8	14	30	42	16	36	19	19	38	37	8	3	35	19	14	22	14	46	39	1	29	48	21	19	6	25	33	4	33	33	29	18	46	39	50	5	18	13	14	39	30	49	26	27	40	1	50	50	20	8	24	17	27	44	2	8	11	48	23	22	31	36	0	23	4	15	14
48	12	14	35	1	10	28	10	22	27	36	12	34	18	42	23	40	36	40	13	50	8	3	42	22	38	37	37	44	24	12	35	38	34	40	7	4	1	25	18	20	38	26	26	16	22	20	16	36	6	24	16	23	30	34	46	6	18	26	20	7	2	8	1	35	33	11	44	19	16	8	36	24	50	27	21	18	2	42	38	29	49	38	7	28	34	33	38	27	13	33	22	29	7	37	16	0	25	23	19
6	40	12	40	10	34	11	49	42	31	7	49	45	44	38	13	16	31	9	33	48	44	36	42	36	36	24	11	17	17	44	10	36	38	6	1	41	15	48	27	9	35	15	49	36	14	29	32	39	5	12	28	7	9	46	15	13	10	44	2	6	36	39	8	10	21	14	8	6	47	46	35	14	22	34	21	16	6	15	2	19	43	24	3	15	40	2	12	31	28	4	27	41	6	1	39	9	0	30	50
5	43	22	39	40	5	10	41	46	40	33	35	35	17	40	49	17	34	4	17	9	9	37	37	34	43	18	6	10	3	45	15	6	47	48	23	49	20	25	1	28	31	41	42	16	15	24	43	47	49	25	34	37	31	19	6	37	32	29	13	46	23	3	28	33	43	21	21	47	37	46	21	19	20	38	40	49	21	45	35	7	25	24	19	49	3	41	43	5	20	22	20	24	30	12	37	17	21	0	32
14	21	2	34	45	23	38	22	16	29	17	3	19	13	38	16	43	43	7	48	42	38	44	34	47	46	19	27	50	44	13	45	14	23	44	45	36	30	38	7	4	28	23	8	37	38	50	4	20	22	41	48	15	20	11	40	2	49	17	46	16	30	31	33	40	8	45	42	45	31	41	30	31	21	25	22	39	38	46	10	27	10	39	10	21	33	22	32	32	35	44	41	23	29	17	40	20	26	50	0
