5
8
3	5	5	4	1	5	1	1
4	2	2	2	1	2	4	2
4	3	1	3	3	3	4	1
3	2	4	1	3	4	2	5
5	1	4	2	2	4	4	3
14	40	26	42	18	41	35	21	42	37	10	26	33	23	28	23	36	14	50	38	50	50	11	30	16	45	19	10	33	35	23	36	27	27	39	36	17	15	43	41	19	29	42	23	19	43	50	42	44	36
14	14	26	28	25	42	21	47	11	32	34	36	10	35	38	20	30	25	14	15	30	39	48	39	20	34	20	33	31	15	50	34	40	15	18	25	15	13	50	48	15	34	30	50	43	34	20	15	33	13
23	39	50	33	26	34	34	13	36	22	22	33	38	25	32	41	34	46	25	44	20	39	29	16	37	19	39	34	43	43	39	15	12	50	40	44	16	15	47	10	39	13	45	46	34	12	45	46	40	46
23	42	40	22	45	47	41	37	39	37	16	16	49	35	22	42	49	21	38	29	19	27	10	10	23	12	16	36	41	39	13	12	40	32	16	26	14	18	43	32	11	41	49	12	31	39	13	46	38	13
27	11	48	21	31	38	30	42	50	48	17	22	32	29	32	31	46	19	28	44	36	19	31	27	14	20	32	11	34	30	47	48	18	30	41	27	33	28	11	37	50	28	31	49	28	10	50	11	18	39
28	42	11	22	46	35	49	40	21	42	29	48	47	33	45	18	21	35	37	32	49	37	49	11	32	36	38	32	21	25	44	12	39	18	13	16	32	15	22	14	14	10	24	34	46	41	10	12	20	39
25	19	32	15	41	21	18	11	10	14	32	16	26	37	50	30	15	15	17	20	32	44	29	41	26	37	33	43	48	50	15	37	22	46	30	33	37	26	38	38	43	20	33	47	14	17	39	26	16	32
29	27	46	15	17	11	43	48	34	46	27	46	20	35	24	17	46	49	21	33	10	43	46	39	37	41	23	31	26	25	22	22	29	29	33	29	22	17	39	19	34	15	24	35	32	25	46	26	27	50
1 5   
1.5 10
1
1.5
19	11	11	30	5	4	31	48	39	14	25	50	10	38	14	5	22	42	33	17	25	38	16	13	21	4	19	3	5	16	40	20	48	41	48	39	23	21	7	28	4	48	26	42	16	42	47	34	50	29
0	28	17	23	9	21	31	40	25	4	24	2	49	25	18	46	13	36	40	19	41	9	36	33	30	26	9	36	43	31	1	1	8	35	36	16	3	22	30	5	30	29	31	37	41	28	21	10	12	3
7	0	39	47	37	12	23	10	16	32	19	29	14	32	14	50	34	50	43	41	32	23	36	8	35	42	4	11	41	29	3	17	15	50	9	44	3	19	44	36	17	39	27	12	38	37	48	13	17	45
36	3	0	21	12	12	43	44	8	34	37	40	21	41	25	14	35	30	22	11	50	6	11	26	38	12	37	15	9	20	25	1	39	45	1	6	46	14	50	33	49	13	31	4	42	18	11	42	3	42
4	40	22	0	15	1	21	23	13	25	11	37	11	6	19	49	5	10	31	1	17	34	36	5	2	26	6	31	22	9	14	22	10	27	43	8	12	3	17	31	19	14	13	15	1	48	9	18	25	38
38	36	36	3	0	45	42	47	6	34	8	26	18	20	39	27	30	2	35	20	44	36	38	27	36	4	49	4	26	35	10	6	44	18	26	25	2	26	32	15	4	19	23	43	26	22	8	35	40	50
36	35	6	15	24	0	7	21	17	4	36	26	14	20	20	17	12	26	3	41	32	44	22	27	8	15	25	19	32	47	27	21	20	45	42	26	29	40	42	29	40	18	1	40	29	23	7	19	21	9
12	2	45	11	38	26	0	17	27	47	1	15	20	12	50	18	6	45	27	3	4	21	40	47	14	23	46	32	15	1	43	6	2	5	40	47	24	2	32	26	7	7	41	46	28	43	17	14	7	16
36	22	28	41	10	24	24	0	46	41	34	33	17	5	38	18	8	32	17	32	22	17	11	2	31	34	49	41	4	27	34	45	39	21	16	22	14	20	20	23	20	4	18	19	29	2	34	37	22	21
15	33	5	21	45	50	14	29	0	32	18	32	38	29	18	21	11	12	42	45	44	16	7	48	48	32	20	49	38	25	28	18	23	36	20	5	7	48	1	12	42	17	10	35	4	13	14	29	40	32
13	31	44	40	46	2	29	3	6	0	4	40	32	11	8	36	47	45	13	21	39	12	43	41	11	1	2	42	50	40	32	3	48	42	40	6	22	44	21	37	35	11	12	17	45	50	16	46	49	39
48	27	3	32	29	1	1	11	6	27	0	10	36	2	1	6	8	24	17	2	18	23	30	36	30	45	49	33	29	20	33	6	24	21	38	4	13	46	41	49	15	35	44	47	10	42	31	49	14	34
15	4	45	40	7	29	32	21	7	31	26	0	19	31	2	30	4	8	50	41	47	7	4	44	11	39	30	37	50	23	50	27	16	43	46	25	38	14	15	43	36	46	23	46	33	42	4	40	39	14
33	39	29	18	35	26	23	34	39	31	42	30	0	6	3	20	1	28	43	18	34	18	36	35	4	48	21	42	32	15	29	3	31	23	28	30	46	12	1	30	44	34	31	33	24	35	1	17	1	30
50	33	30	29	48	15	43	34	34	43	30	34	30	0	35	26	14	16	49	14	37	26	47	15	38	44	3	43	15	28	4	4	37	49	47	7	46	28	41	29	3	25	42	20	20	44	20	37	46	23
33	4	44	3	40	24	43	37	18	47	16	13	44	30	0	19	24	4	48	30	15	8	12	21	30	28	14	28	13	35	13	41	20	35	26	13	18	17	49	37	7	43	42	28	9	45	24	8	21	31
20	40	6	49	17	43	28	21	25	23	21	11	2	11	28	0	22	42	39	31	48	5	34	16	8	21	43	14	29	30	14	42	23	12	31	43	23	7	45	2	30	6	6	14	4	26	32	30	5	3
10	22	3	27	42	41	39	5	23	23	49	45	50	30	8	1	0	26	16	6	5	27	28	9	19	46	33	40	43	22	24	29	43	12	29	5	17	6	14	40	4	31	41	24	38	18	12	11	47	28
46	7	25	38	36	5	6	49	42	43	23	41	21	43	36	19	17	0	49	34	49	32	25	17	47	2	13	46	23	1	31	36	27	22	11	32	7	11	4	39	42	38	46	12	17	36	26	5	12	24
42	30	29	1	48	9	32	34	21	6	8	10	36	47	30	49	5	44	0	16	16	38	38	14	11	2	35	43	28	49	30	42	42	41	43	42	29	43	42	45	39	29	7	24	5	17	41	42	11	45
33	17	49	2	26	24	19	37	18	25	33	12	15	9	44	34	47	34	18	0	33	8	2	29	4	18	45	22	45	50	16	48	42	24	8	42	43	35	49	20	43	5	6	41	33	15	29	38	18	35
45	49	45	12	48	26	3	20	36	28	43	14	10	10	44	44	7	44	35	12	0	41	32	41	9	26	48	39	22	6	13	27	15	4	15	45	16	9	35	9	37	45	14	30	24	36	7	35	48	16
6	9	18	43	29	43	3	1	43	18	31	30	12	7	43	1	16	20	36	26	9	0	1	12	43	17	6	37	22	16	33	26	27	32	35	40	44	49	44	1	32	7	49	13	10	7	28	17	16	4
28	49	3	20	50	1	50	25	18	22	3	49	11	26	40	50	5	48	23	38	10	50	0	40	36	3	20	47	39	25	28	14	40	15	13	13	19	32	39	31	1	49	50	26	43	49	21	8	19	18
16	34	22	18	42	2	20	13	43	26	4	36	14	11	17	3	12	13	16	18	30	18	28	0	50	17	16	34	15	28	11	50	24	25	40	31	14	44	35	27	11	16	8	41	16	45	20	49	10	48
6	13	36	34	39	21	32	45	38	48	14	17	47	47	43	14	45	9	14	47	48	25	13	20	0	15	23	18	45	12	17	31	34	41	16	3	1	1	37	35	49	9	21	38	41	28	48	7	31	29
4	3	49	16	47	4	10	4	1	30	32	5	5	1	36	18	46	36	27	37	30	14	33	30	45	0	11	4	11	32	29	25	19	14	23	33	46	10	26	2	41	10	43	25	11	5	3	19	46	7
36	18	45	13	18	9	37	35	39	18	14	25	43	4	32	25	50	17	11	13	16	15	9	37	27	13	0	46	48	35	7	46	38	5	47	22	19	13	2	18	33	15	35	26	33	37	33	49	17	17
49	7	50	29	2	9	7	7	18	49	7	19	20	20	22	34	35	31	29	50	43	34	35	45	38	45	3	0	45	19	35	20	41	39	25	23	44	30	38	36	36	24	36	36	13	45	4	14	33	3
37	6	38	20	12	30	23	4	45	32	9	4	32	14	20	35	6	38	46	25	17	13	25	34	33	43	22	43	0	31	37	12	47	44	2	28	8	8	10	1	40	15	37	49	23	26	9	15	37	12
19	42	29	17	36	41	47	30	10	23	4	17	17	10	21	23	15	15	25	24	36	44	32	25	45	2	9	5	18	0	41	41	32	19	18	16	36	14	14	40	24	12	47	11	29	7	1	29	47	31
37	15	36	29	19	36	18	50	17	50	30	17	2	45	19	38	8	46	29	27	9	8	28	21	27	23	34	34	15	13	0	6	8	49	10	35	35	11	50	32	10	10	17	14	16	17	30	13	3	45
47	6	43	48	9	13	42	12	48	47	35	45	37	31	10	23	3	20	16	16	14	29	34	22	42	46	13	3	7	7	1	0	41	12	41	43	6	24	11	27	26	32	19	2	48	48	43	5	4	22
17	41	20	28	26	33	3	19	40	34	30	22	3	11	48	21	10	4	39	47	29	13	8	38	40	12	1	31	4	47	47	12	0	18	47	48	1	26	31	35	15	15	15	21	29	29	3	40	43	3
29	5	45	7	4	50	2	24	24	18	25	36	44	40	37	21	36	35	37	32	30	34	19	21	41	14	44	45	37	7	15	24	46	0	50	13	15	48	7	20	32	31	21	18	28	2	33	6	46	42
48	32	2	48	3	33	7	45	31	24	3	17	11	45	13	23	24	33	20	49	18	41	31	16	49	44	50	2	33	40	50	21	7	7	0	30	16	47	12	39	31	27	25	14	33	31	13	16	45	2
3	26	33	24	6	46	1	1	19	12	12	17	36	16	13	48	47	17	18	21	15	4	4	25	7	31	47	9	4	13	44	3	34	5	31	0	6	31	16	28	7	25	8	28	22	23	44	10	42	19
12	21	45	21	21	23	7	16	18	24	35	45	31	32	47	46	32	45	3	21	28	46	42	45	1	45	1	16	42	42	19	14	33	23	29	28	0	6	39	48	16	11	41	9	43	36	20	43	31	38
49	14	30	11	32	10	49	26	8	44	14	13	9	13	5	49	17	19	25	33	24	42	46	33	38	2	3	42	8	43	6	28	40	43	5	32	18	0	5	49	50	15	28	29	35	10	38	14	50	4
12	33	42	32	35	18	24	15	10	20	1	42	7	22	16	24	18	42	12	20	32	15	31	25	30	24	28	2	12	40	17	12	34	3	24	28	11	12	0	21	27	13	29	34	47	50	30	32	44	23
16	49	43	24	36	50	9	32	2	27	41	22	33	32	21	28	33	23	39	25	49	12	41	48	11	35	48	6	35	46	42	36	28	1	24	27	8	25	42	0	29	21	31	9	36	5	33	13	27	5
39	10	24	10	5	45	12	29	20	12	12	45	37	26	19	29	5	22	5	42	5	45	15	24	45	19	10	37	12	12	46	42	37	40	39	6	35	5	30	7	0	26	15	18	8	45	43	14	1	25
15	22	5	5	1	45	12	37	40	39	32	36	50	37	13	49	41	18	15	37	38	40	1	22	38	35	13	25	30	29	40	22	11	39	48	42	24	39	13	35	10	0	17	14	30	47	50	8	48	28
14	20	34	4	41	32	4	4	22	35	25	5	46	29	35	48	23	29	29	26	41	9	47	49	31	23	48	49	24	12	36	40	1	23	36	15	8	25	41	36	34	50	0	6	31	44	29	25	49	21
20	21	30	27	41	31	11	18	48	23	1	43	20	43	48	13	19	3	8	34	24	35	37	33	1	38	42	11	6	40	38	30	35	2	18	49	27	24	17	47	35	50	2	0	14	2	34	42	39	29
14	3	36	35	26	16	45	1	12	1	22	44	22	41	46	44	36	22	2	4	48	13	26	38	22	9	39	23	16	35	43	24	15	38	8	37	8	3	19	36	31	2	33	33	0	48	31	27	34	23
21	28	29	1	43	36	18	14	42	16	43	38	13	18	36	22	15	34	42	46	30	45	46	4	40	28	18	28	30	35	11	43	17	20	21	31	28	4	47	32	37	29	13	11	19	0	23	9	39	23
44	15	3	13	13	27	29	39	50	15	26	19	3	41	46	45	6	32	9	5	40	41	11	19	40	26	49	1	9	26	38	35	41	38	6	46	6	15	16	31	14	39	25	46	16	41	0	45	24	14
26	3	6	36	19	3	29	29	9	48	18	36	27	22	16	1	36	37	31	32	6	40	24	45	19	40	12	27	44	28	30	14	40	38	38	35	24	35	22	3	3	22	12	8	39	30	34	0	10	6
1	38	48	36	15	50	47	47	48	41	2	38	46	20	48	35	29	40	27	1	11	17	25	15	6	36	39	6	6	38	44	38	8	12	24	45	44	28	19	39	26	22	34	41	11	49	46	40	0	35
34	28	2	33	3	50	26	14	16	25	3	24	3	17	18	14	14	32	14	46	33	17	11	24	34	37	24	43	24	9	25	31	43	3	9	36	4	14	15	10	26	14	48	34	21	24	49	37	16	0
27	40	42	4	9	25	28	34	49	2	33	41	11	36	23	16	33	41	13	13	8	49	28	49	5	36	9	41	2	29	49	37	16	13	2	29	17	7	24	18	14	41	17	45	36	38	1	46	31	33
0	25	26	1	22	39	45	38	49	11	40	44	26	47	47	24	34	39	48	21	30	15	35	36	45	33	13	5	46	18	19	41	49	13	21	6	21	26	2	42	9	28	50	11	47	46	25	11	47	22
43	0	25	44	4	7	32	13	11	15	48	9	4	22	40	12	11	10	43	49	37	16	28	6	37	2	35	43	44	34	32	20	50	2	43	15	24	45	47	41	26	49	41	25	32	4	47	15	48	46
50	31	0	14	23	9	13	18	9	1	4	8	9	35	35	38	29	16	1	18	17	6	40	47	38	8	18	14	43	45	10	40	41	37	31	44	26	15	11	28	32	23	7	2	36	32	21	20	23	16
48	39	32	0	5	17	23	9	28	31	13	12	16	42	11	35	26	29	39	32	8	16	9	49	46	49	25	3	4	33	50	36	16	6	9	44	47	20	27	23	17	47	23	6	11	30	13	33	35	7
33	46	4	32	0	25	15	39	47	31	3	11	24	50	10	41	31	43	6	22	1	43	7	2	4	24	46	50	4	6	19	48	12	31	37	36	42	34	38	30	3	23	6	22	46	27	38	13	42	42
12	29	45	1	46	0	29	25	1	14	31	38	45	6	14	21	14	43	48	39	48	45	26	49	35	9	50	16	15	3	15	17	3	21	16	33	10	16	31	26	43	40	47	25	9	23	10	4	48	8
38	44	23	26	12	48	0	33	24	17	24	40	35	18	27	30	15	39	44	37	10	8	40	39	1	34	45	19	23	26	50	45	28	49	38	14	26	5	28	2	17	9	5	25	38	29	30	33	25	19
8	37	4	44	40	8	49	0	20	45	31	13	24	43	44	1	15	6	8	34	42	33	10	19	39	22	12	34	26	42	12	45	46	21	18	6	45	8	28	35	14	39	2	48	7	17	31	39	22	21
40	44	12	33	12	13	3	29	0	12	15	27	31	20	50	38	1	40	46	30	6	33	27	9	39	8	17	38	30	35	17	19	20	45	44	40	2	29	1	44	33	37	50	49	40	40	24	28	11	34
28	15	1	27	7	47	24	14	17	0	29	25	25	30	8	36	37	38	44	30	36	16	38	27	48	23	8	41	3	39	7	19	32	5	24	30	19	40	44	16	32	31	34	26	36	11	10	6	25	45
40	15	15	31	11	23	33	30	44	15	0	8	38	8	44	36	24	45	30	8	25	35	8	31	13	33	37	13	1	15	22	14	36	28	33	34	39	17	49	11	35	44	43	4	16	50	15	15	39	32
31	40	27	38	32	14	28	31	26	32	27	0	30	10	18	15	41	24	24	49	18	25	23	17	4	7	49	19	29	6	5	45	19	49	13	20	31	27	38	13	7	48	41	21	49	4	3	39	48	42
42	32	19	49	5	43	30	24	5	29	10	15	0	4	12	34	14	17	1	5	50	28	26	43	3	13	23	9	47	15	4	2	33	33	18	47	38	27	40	18	38	44	25	1	17	33	49	28	18	36
39	10	5	2	29	32	7	25	44	40	5	21	30	0	17	9	9	31	37	50	12	18	49	45	33	20	41	45	2	48	27	28	11	46	31	10	27	32	32	42	33	44	2	42	19	25	26	17	9	23
1	11	25	43	34	26	35	35	29	12	8	25	35	13	0	30	5	20	30	32	50	3	33	31	10	17	48	15	7	14	45	48	2	39	37	34	7	2	37	20	42	9	7	30	41	5	44	26	6	32
47	38	18	22	30	45	20	41	19	40	40	16	41	46	47	0	39	21	9	40	1	13	49	16	18	9	31	21	25	50	7	46	38	31	37	14	20	43	33	31	50	50	16	1	34	7	30	13	15	48
11	47	40	30	6	41	45	25	1	17	25	22	15	16	29	5	0	20	9	7	10	20	33	13	16	18	45	18	29	3	28	20	29	29	27	25	1	3	47	18	2	32	36	44	33	37	49	26	25	34
29	1	17	2	48	41	19	9	7	39	4	27	43	7	4	28	16	0	49	21	5	15	11	42	15	27	6	31	31	50	5	8	20	2	22	43	15	11	11	11	45	19	33	19	42	5	41	5	17	5
15	13	1	33	43	12	41	44	19	27	14	13	48	23	9	36	46	4	0	22	11	5	42	32	47	41	38	11	42	1	44	31	23	30	24	16	14	27	23	33	38	15	17	50	21	43	7	41	23	37
50	2	16	12	5	45	19	9	14	31	30	48	46	35	3	31	34	37	23	0	22	41	10	31	24	37	4	17	29	34	11	18	49	43	35	35	43	24	26	11	29	12	40	32	1	5	11	25	17	11
22	34	39	17	47	12	39	44	26	34	36	13	16	16	33	1	34	38	18	23	0	28	19	38	17	16	16	37	49	26	2	48	8	26	40	10	8	4	1	46	1	9	49	50	13	46	42	33	38	25
27	30	25	27	5	8	27	6	42	9	16	20	1	38	49	3	50	37	32	30	27	0	1	22	10	9	13	1	4	49	12	3	42	44	23	45	10	47	9	37	25	23	33	22	12	36	24	36	46	11
49	11	42	23	21	26	39	39	28	41	27	41	6	1	6	40	32	37	1	42	49	14	0	20	22	32	1	11	37	35	13	43	42	36	2	20	34	20	47	19	31	22	47	15	49	5	49	24	37	37
22	13	8	3	20	40	4	10	27	14	36	45	34	24	34	14	42	44	46	8	6	22	23	0	36	19	18	25	39	41	22	28	13	19	7	50	30	26	5	42	4	19	7	13	28	49	13	21	35	18
25	6	15	47	24	15	29	7	41	10	38	23	47	18	1	46	7	1	23	25	45	39	18	26	0	33	23	27	15	2	10	29	4	21	9	38	18	8	39	30	49	13	29	9	47	30	46	31	45	29
10	29	39	1	18	24	2	17	26	44	14	13	45	13	48	40	47	37	15	7	26	34	43	28	23	0	28	47	9	36	7	5	14	29	43	5	9	27	29	15	27	37	10	39	31	45	27	35	48	10
35	7	2	27	14	1	18	33	2	27	35	4	19	31	36	24	38	48	19	2	22	50	19	12	28	39	0	39	49	48	29	16	49	46	8	24	23	39	21	19	38	3	31	46	43	13	45	23	47	26
14	18	29	18	28	38	27	14	20	32	15	42	3	47	33	47	14	49	40	27	11	32	16	43	29	29	14	0	16	48	1	25	7	2	15	29	25	47	1	50	39	47	41	32	39	35	11	31	10	18
33	31	25	44	36	2	40	27	33	49	11	28	39	22	26	38	26	14	40	44	44	32	31	46	48	24	4	1	0	47	10	46	9	32	3	32	39	12	32	34	33	24	26	24	43	28	9	25	28	20
24	18	10	1	48	29	36	16	39	17	42	5	17	34	4	47	44	9	9	2	50	30	33	40	33	34	33	15	44	0	33	27	6	21	1	47	33	48	45	13	11	21	49	29	2	36	23	44	13	9
47	32	41	23	27	3	38	12	10	36	18	28	25	32	25	47	38	1	26	36	45	48	27	19	10	33	20	31	47	28	0	13	31	13	25	40	18	1	39	31	40	44	22	49	27	38	30	31	13	7
34	3	2	16	36	2	12	46	25	16	39	16	39	11	46	19	42	19	39	49	43	15	28	25	35	47	12	34	49	26	5	0	14	49	41	9	33	44	21	31	11	32	27	1	19	45	27	21	50	28
15	24	45	22	41	12	8	28	21	3	27	48	10	46	7	50	26	40	32	4	18	40	13	40	42	17	5	3	42	44	20	40	0	15	45	19	48	8	25	41	31	10	40	33	8	17	25	8	17	7
33	26	4	30	24	36	12	20	18	11	19	47	46	35	2	37	2	12	3	16	48	19	40	13	21	38	46	3	44	50	4	6	25	0	6	37	29	47	32	39	28	4	47	35	19	26	17	9	42	4
12	42	44	2	48	15	3	40	50	32	8	47	49	47	7	44	46	27	39	49	34	40	45	7	4	46	41	42	6	34	32	31	46	22	0	14	9	15	7	29	35	40	22	44	30	10	48	23	47	43
17	7	10	42	32	19	39	28	36	15	11	2	28	43	5	4	28	19	32	44	43	22	45	41	2	14	26	37	27	18	39	15	47	42	50	0	3	42	33	2	33	37	32	49	42	19	16	4	18	39
20	31	17	13	44	19	5	50	20	3	45	49	29	28	14	42	14	49	17	6	13	30	36	34	50	25	6	15	50	36	49	34	12	31	33	6	0	48	37	4	10	35	18	34	32	42	2	15	44	3
34	31	2	34	23	24	27	15	30	39	1	36	18	30	17	49	9	35	3	35	4	32	4	11	27	30	13	45	16	47	6	14	18	28	22	19	13	0	3	30	41	25	14	46	26	2	39	9	34	46
22	24	8	17	49	49	34	44	17	17	38	24	47	45	27	30	40	1	42	9	12	13	7	50	24	48	4	21	44	4	14	25	14	27	32	7	19	28	0	29	2	38	4	36	40	16	24	40	3	44
5	28	30	44	41	38	23	47	35	37	19	21	38	9	5	30	36	32	22	19	44	30	10	19	8	14	38	24	11	26	49	28	33	35	29	2	3	38	19	0	31	30	27	48	47	47	46	39	26	35
27	13	27	27	23	28	35	43	27	36	50	24	36	29	23	29	26	36	15	30	10	11	16	3	36	39	31	37	49	11	1	13	38	21	45	41	28	23	45	33	0	31	36	14	16	34	34	31	4	18
20	49	12	9	33	16	46	14	21	19	8	33	9	13	45	35	49	14	37	41	1	25	2	24	38	22	22	44	41	34	2	45	47	20	44	36	45	45	20	44	28	0	43	42	17	30	49	41	37	1
29	50	27	31	48	38	14	21	4	35	43	50	49	8	9	45	13	13	33	38	34	18	30	37	50	15	19	23	49	13	34	18	29	40	6	11	5	9	3	47	6	18	0	36	27	47	2	6	49	12
49	48	25	2	34	6	1	46	47	49	15	43	31	27	9	12	30	16	31	7	6	49	11	34	36	1	42	39	19	48	37	44	16	4	12	37	27	23	20	29	31	42	6	0	32	9	18	41	43	44
34	44	43	30	24	26	44	6	23	28	1	36	28	50	12	44	33	12	41	17	36	49	15	38	49	41	38	24	32	35	28	38	23	9	9	17	46	38	24	43	44	16	43	33	0	50	37	33	38	12
15	26	8	40	42	11	45	43	4	14	34	13	32	35	6	48	5	11	6	40	7	1	7	27	28	1	38	14	42	46	39	32	21	40	11	46	11	42	16	17	4	23	43	21	48	0	50	28	33	30
31	33	22	16	1	9	50	38	7	11	29	41	5	9	2	7	34	40	14	46	48	35	6	23	21	50	45	50	26	41	4	34	23	28	48	28	21	38	49	31	2	17	6	1	28	46	0	22	5	48
21	47	42	5	18	24	47	30	48	9	48	3	39	25	27	49	39	2	33	14	27	38	4	17	15	43	2	43	14	40	9	14	39	3	2	22	13	15	48	35	31	35	38	49	28	40	30	0	5	1
28	13	11	47	25	39	48	18	25	8	30	12	49	4	26	49	9	22	40	15	36	50	33	17	32	50	28	26	12	6	19	49	9	6	37	41	21	23	41	44	17	44	35	26	36	16	26	18	0	7
1	48	28	4	37	13	8	29	23	47	41	7	13	17	42	6	38	23	30	21	4	1	34	22	16	6	8	11	41	42	15	14	19	11	33	21	7	35	3	48	6	34	48	15	31	7	19	41	22	0
22	36	44	47	49	33	42	20	32	32	17	28	26	35	37	37	20	6	23	42	1	13	2	30	26	4	10	30	28	7	23	28	18	50	32	23	1	2	5	5	1	9	29	46	11	7	3	11	13	35
0	42	37	44	9	3	8	20	15	18	38	1	15	35	25	25	9	41	35	37	20	3	9	13	50	21	17	17	35	30	48	8	10	11	33	3	23	19	11	1	12	30	27	35	48	21	38	45	5	5
21	0	30	14	37	11	26	23	24	34	15	25	31	44	9	27	31	22	17	49	19	40	15	40	20	32	41	38	25	47	40	30	16	39	13	29	28	22	5	25	17	29	28	23	38	17	7	7	49	9
49	20	0	45	37	38	28	43	37	18	41	18	23	50	3	43	23	39	18	3	2	35	15	19	43	8	46	5	2	50	5	14	45	47	11	5	30	48	39	10	36	23	2	42	29	21	46	45	9	26
37	4	27	0	2	4	50	29	43	16	27	36	34	40	3	39	4	36	30	1	49	6	13	35	19	1	33	47	49	11	19	35	8	8	39	29	33	35	7	2	39	16	33	45	11	7	40	21	3	12
28	30	14	9	0	21	11	15	37	38	41	2	27	33	44	20	2	4	44	32	43	26	34	4	38	34	20	2	48	3	42	17	47	19	23	16	2	41	3	46	13	22	23	9	15	26	24	13	29	16
26	21	33	2	40	0	11	22	17	18	36	14	15	32	35	48	26	25	30	21	9	48	27	48	5	40	2	42	15	17	12	46	42	40	22	2	40	48	33	49	4	9	23	27	14	49	50	17	17	9
6	27	32	8	27	47	0	31	9	34	50	15	1	40	3	39	24	27	27	47	36	31	17	29	29	21	11	17	26	13	8	3	18	12	37	43	42	17	9	10	30	28	49	16	24	49	22	31	17	46
43	44	11	44	47	6	34	0	24	30	11	20	26	24	26	19	39	12	8	19	26	49	23	16	4	8	18	19	5	22	7	14	32	36	46	31	26	35	48	28	23	47	4	46	48	1	46	25	39	41
37	6	27	1	18	26	33	22	0	38	33	46	21	49	18	13	4	2	9	38	18	48	31	23	19	20	28	2	43	14	31	6	6	7	22	30	26	25	46	17	36	12	46	22	28	24	6	20	31	39
32	6	42	2	19	37	13	45	33	0	37	28	23	16	12	48	31	39	28	24	19	41	4	29	32	26	2	30	50	3	49	18	2	28	28	2	2	18	49	29	41	21	9	26	30	47	7	19	5	9
17	1	47	9	11	26	45	38	10	9	0	37	15	19	47	17	39	4	30	8	40	35	13	29	30	30	36	3	40	6	32	36	22	13	6	34	28	38	29	26	29	28	25	9	49	1	23	33	7	7
1	9	4	34	1	12	29	20	20	20	31	0	21	11	4	26	29	19	24	32	9	50	10	41	18	28	24	45	29	28	11	39	29	2	45	33	7	46	13	19	20	14	47	34	16	39	1	10	28	22
22	35	9	26	34	34	12	48	35	40	5	45	0	7	49	39	46	41	9	38	21	3	27	29	25	48	48	1	41	36	10	32	14	24	27	8	36	10	20	21	18	22	26	22	45	34	47	28	49	2
47	50	49	49	33	10	28	1	13	24	18	48	42	0	33	1	26	19	39	25	32	42	33	36	26	15	48	35	40	23	32	10	50	27	19	35	14	31	13	10	21	9	44	48	20	17	2	16	38	19
47	41	3	11	34	32	44	18	27	5	10	8	25	1	0	16	15	15	22	11	26	27	41	26	26	18	28	36	8	41	18	43	45	10	23	43	49	16	48	48	16	9	47	50	32	15	8	23	13	10
20	4	6	37	31	8	19	36	21	9	45	20	18	27	44	0	36	17	18	7	20	12	11	15	44	36	11	14	17	25	43	10	26	4	27	12	5	17	11	4	26	5	6	36	40	25	25	3	28	43
30	33	31	37	5	37	8	46	24	8	14	2	17	35	43	2	0	5	14	49	14	48	11	32	48	34	35	5	20	47	50	6	11	34	19	25	38	23	45	42	36	28	11	43	14	10	6	48	43	20
43	39	50	13	31	13	13	41	44	33	23	33	49	41	17	6	43	0	32	37	5	30	32	37	13	14	25	47	18	14	32	41	30	14	12	32	13	48	20	19	9	7	37	41	17	36	32	9	46	12
41	38	30	32	41	10	35	45	48	20	43	7	46	48	17	5	38	14	0	47	33	22	4	33	50	38	45	42	31	35	35	11	39	41	43	40	43	43	11	39	20	34	37	18	12	9	26	32	32	46
15	47	40	8	23	26	4	3	31	8	2	47	5	49	23	7	8	42	22	0	14	34	25	18	44	16	46	45	40	41	32	47	5	21	25	15	27	48	44	34	13	41	33	31	16	10	49	19	31	29
50	17	13	4	22	38	40	37	48	8	21	41	12	32	11	20	4	33	47	12	0	17	5	1	1	32	31	10	20	3	10	36	49	38	40	46	7	9	1	39	18	1	12	23	3	23	14	50	40	45
17	47	50	35	34	17	20	19	48	27	15	36	27	20	20	19	1	50	30	7	23	0	9	27	19	16	8	45	16	1	17	38	15	15	25	1	26	20	12	39	2	12	27	10	2	23	38	32	40	39
12	38	26	44	47	9	24	2	18	9	22	30	48	18	48	16	31	12	6	42	37	7	0	10	2	16	30	34	42	36	20	26	42	42	22	14	17	34	34	3	30	41	3	30	40	38	38	21	47	23
2	31	13	8	3	36	43	12	22	35	46	3	42	41	47	14	21	31	6	3	46	31	35	0	43	22	35	24	18	32	16	41	29	14	39	40	10	27	34	4	7	37	23	24	43	46	16	29	37	32
35	17	27	24	45	31	6	47	26	6	20	41	6	44	34	14	20	12	35	50	4	13	33	39	0	43	7	26	15	12	39	34	49	42	3	6	35	49	22	37	40	34	3	7	35	45	11	43	50	7
37	11	31	42	1	42	25	16	47	24	13	21	41	39	14	17	21	46	12	28	37	25	12	20	25	0	50	25	12	3	10	44	41	28	37	5	14	39	13	42	4	10	48	40	17	5	12	7	21	16
38	20	1	45	37	29	39	45	44	35	19	38	31	26	32	12	16	7	15	41	7	46	47	18	19	27	0	34	17	5	3	40	25	21	21	1	34	13	41	22	13	43	20	13	34	48	27	36	30	11
5	8	6	18	10	25	3	15	16	20	24	50	48	17	38	42	28	32	19	33	3	9	26	10	22	47	40	0	44	16	19	28	46	34	34	46	13	39	14	5	14	12	14	3	33	28	17	26	41	15
3	1	45	22	15	42	36	14	11	47	29	28	7	17	42	38	23	20	2	23	46	48	6	17	28	50	22	28	0	15	20	25	2	13	36	39	13	26	11	45	39	28	49	35	42	20	9	43	4	19
1	18	41	25	13	12	11	35	24	39	37	4	26	12	42	30	5	36	31	41	27	12	47	8	37	42	4	28	1	0	49	11	16	2	47	9	50	25	27	48	27	14	16	1	26	47	25	18	37	17
40	41	31	5	40	38	6	40	21	3	47	18	44	5	21	47	35	12	43	25	16	6	32	43	39	34	10	10	16	16	0	33	7	44	35	50	11	39	31	22	24	39	9	41	31	42	14	22	9	42
11	28	7	1	41	37	40	2	43	13	31	9	47	44	30	41	34	31	43	1	21	14	23	38	14	5	35	23	19	8	18	0	2	43	42	9	48	4	38	16	1	13	31	23	24	30	37	24	18	21
10	12	28	19	4	27	17	10	13	43	38	19	37	50	22	49	23	22	20	7	11	32	27	42	31	24	39	24	15	18	50	45	0	25	7	34	22	37	38	39	13	14	30	42	32	48	4	32	30	32
9	48	21	22	32	10	40	22	44	14	45	31	20	2	3	13	23	6	30	36	20	49	37	50	5	1	7	37	31	27	50	39	33	0	24	44	37	40	15	15	24	49	30	36	50	29	10	47	26	49
13	35	46	7	5	20	2	28	39	2	36	44	5	39	43	2	8	35	1	3	1	43	9	30	5	37	26	37	35	27	10	30	26	16	0	4	14	45	8	24	41	31	2	8	23	46	29	50	42	40
14	41	7	10	43	26	20	3	46	31	50	42	31	21	28	4	50	3	38	33	34	23	13	3	6	5	9	6	36	18	40	38	30	17	34	0	2	4	9	31	36	8	35	37	30	18	23	47	14	7
30	45	39	15	14	33	46	15	46	34	33	27	30	29	26	30	25	5	21	11	49	43	41	8	18	12	13	12	14	33	14	4	50	49	20	32	0	36	2	5	3	3	17	25	14	21	28	6	15	2
45	29	24	21	32	35	28	38	41	5	42	14	37	10	30	9	1	13	40	40	15	15	28	31	22	15	35	30	15	36	29	33	3	32	6	22	36	0	33	41	30	38	14	38	5	41	14	28	16	34
42	31	19	24	16	15	42	50	24	19	23	26	27	44	45	5	26	15	23	6	16	12	22	46	47	15	44	23	42	8	3	35	36	39	19	42	39	7	0	12	40	5	41	20	44	27	24	23	50	39
43	29	43	17	48	24	40	12	38	1	9	41	40	32	29	30	33	4	42	26	43	44	39	11	45	12	21	4	6	42	33	40	33	32	8	50	45	3	18	0	28	8	34	21	23	25	3	47	41	40
9	19	30	27	22	45	45	37	10	35	4	26	49	5	32	40	35	13	15	12	28	5	16	3	12	42	35	9	3	1	23	16	18	40	26	24	20	45	22	38	0	25	22	33	14	23	45	37	23	22
46	41	8	2	46	19	27	45	9	31	10	41	39	17	35	17	36	21	28	30	17	37	16	13	32	41	20	31	43	17	47	7	1	5	28	29	27	27	36	39	24	0	20	25	1	21	47	20	47	41
10	3	16	29	5	26	30	23	21	29	45	20	21	15	47	43	46	39	49	26	41	37	41	14	49	45	42	42	38	30	50	24	41	1	49	32	24	16	21	32	50	4	0	18	9	36	8	12	45	23
27	44	31	47	22	13	36	13	26	8	42	42	6	36	8	39	23	39	1	32	22	2	13	49	1	4	18	45	14	50	29	44	25	10	6	1	13	15	47	11	31	38	24	0	28	47	26	32	18	28
3	44	38	8	26	25	44	22	21	25	10	33	35	10	4	26	29	2	8	18	39	18	32	25	39	21	14	32	11	20	15	1	4	6	41	16	44	42	15	40	17	20	35	21	0	22	37	30	43	26
45	22	8	33	47	10	4	22	12	5	16	6	42	24	36	19	5	13	12	27	13	15	17	4	6	19	4	15	49	12	5	11	15	1	44	8	20	33	10	37	19	12	37	28	7	0	8	31	49	31
33	15	47	19	42	15	44	21	45	19	11	9	21	1	35	2	32	9	5	8	49	42	14	21	19	25	31	12	26	2	47	49	25	1	13	3	14	32	39	44	36	48	12	4	8	4	0	19	4	5
39	30	16	34	43	20	6	20	16	16	33	38	15	31	34	35	27	14	30	26	37	37	32	16	20	46	32	38	12	27	4	46	9	24	11	2	20	41	26	31	5	17	42	32	49	10	20	0	37	44
11	43	43	46	4	50	50	22	47	18	35	11	24	38	30	43	32	12	43	15	5	45	27	37	50	10	31	26	39	40	39	28	44	18	14	28	33	40	17	22	29	15	41	14	40	47	18	30	0	38
46	18	45	6	29	2	41	36	26	40	45	7	38	34	31	24	18	46	43	24	6	39	42	29	20	27	4	45	32	47	4	45	3	34	37	41	44	46	10	44	3	27	30	19	8	25	22	19	38	0
43	12	25	29	29	16	43	26	48	2	2	11	36	46	33	38	1	16	43	29	18	48	6	26	20	43	8	18	39	13	47	14	48	50	21	40	10	10	29	44	13	24	31	49	41	37	12	40	15	15
0	32	6	20	46	18	45	37	12	7	4	47	33	27	6	10	31	43	13	3	31	4	22	27	1	7	47	24	21	43	14	35	24	36	16	28	14	30	39	23	49	14	33	21	40	30	30	20	28	1
50	0	24	45	18	6	16	28	17	45	29	12	25	1	7	19	36	42	45	18	46	22	46	20	15	29	26	43	39	8	32	44	33	31	50	2	50	5	41	24	45	23	7	4	28	14	40	1	19	27
25	31	0	24	22	12	18	45	9	13	49	17	28	33	50	49	8	19	49	24	15	22	27	43	1	12	11	31	9	13	14	22	1	3	38	32	19	46	3	16	31	45	47	18	12	33	13	40	27	46
10	4	42	0	50	35	9	27	27	6	27	30	29	50	8	7	27	17	43	33	2	28	42	11	30	3	2	15	18	30	35	18	26	40	13	45	50	24	12	1	25	30	19	41	43	6	34	43	16	10
38	41	42	23	0	7	37	16	46	44	45	27	34	32	25	3	28	2	26	30	15	39	39	21	38	14	4	1	18	36	3	4	6	36	24	17	43	38	40	25	38	20	10	12	23	28	45	40	2	49
50	38	25	10	25	0	27	38	31	31	38	20	50	17	37	1	6	11	24	12	15	10	24	13	7	15	45	10	10	14	47	50	47	8	9	12	34	31	7	25	17	6	47	5	39	48	38	14	24	24
31	30	31	25	21	26	0	36	32	42	14	50	27	45	44	17	12	38	50	30	14	5	11	28	25	37	26	13	7	12	1	12	27	50	37	39	12	29	9	30	12	3	38	36	1	35	10	40	34	40
41	13	21	25	23	20	18	0	26	14	17	27	9	33	9	25	2	47	6	41	3	44	33	39	36	33	32	23	40	4	46	43	25	16	11	1	49	40	23	11	3	32	45	25	14	37	32	47	14	13
30	49	16	3	40	38	1	25	0	41	25	31	29	43	14	26	47	26	44	27	42	45	44	14	18	30	34	19	46	1	39	44	49	7	6	43	32	49	14	3	40	9	24	47	39	46	28	43	11	27
45	35	46	14	48	48	34	10	37	0	23	6	5	1	13	45	6	46	46	5	14	19	48	16	25	43	9	22	38	12	7	27	6	7	25	47	5	22	19	41	49	3	40	15	48	27	21	22	25	15
16	34	49	15	37	3	6	34	40	13	0	2	10	11	10	22	37	31	28	37	22	25	50	46	6	45	48	16	35	10	48	22	11	47	29	40	32	45	34	17	44	5	8	41	1	18	26	1	25	22
39	35	31	47	2	28	34	13	23	21	48	0	3	43	49	10	4	41	3	41	16	20	8	17	20	42	50	39	34	35	10	46	37	28	25	46	12	6	15	28	1	36	50	20	8	27	4	29	15	13
36	46	48	22	1	47	24	27	48	27	31	1	0	45	6	14	44	36	28	48	37	20	6	27	33	26	1	22	24	45	11	12	42	38	21	34	40	4	30	42	49	49	16	15	28	38	4	25	34	6
31	26	4	36	2	30	33	2	31	25	47	19	1	0	1	23	47	6	20	38	2	27	37	45	39	18	7	12	24	28	26	36	22	50	18	18	31	2	29	39	48	37	9	29	6	35	41	37	22	40
45	22	25	10	14	49	35	37	13	11	28	25	5	26	0	27	13	18	24	49	3	48	49	24	19	10	24	18	40	21	16	44	21	49	17	20	16	41	15	5	23	35	8	27	42	30	14	28	47	34
21	9	50	26	50	8	27	43	36	12	38	21	44	13	11	0	45	17	32	42	34	8	32	11	48	25	26	29	28	12	38	31	40	30	14	43	46	7	4	17	17	34	23	28	35	44	1	26	7	28
3	35	37	50	4	35	25	12	32	49	40	48	6	43	45	35	0	29	49	15	1	34	1	19	47	21	25	48	46	6	45	39	26	18	4	31	31	44	45	33	23	10	33	12	41	41	7	34	36	9
20	13	32	14	29	33	42	44	35	1	44	5	47	24	19	12	23	0	29	42	39	1	43	27	18	42	20	42	6	44	17	19	10	23	33	7	43	4	17	41	38	40	17	41	34	31	19	1	40	12
20	50	29	40	3	37	1	41	12	15	27	21	11	20	45	40	7	26	0	18	25	5	29	39	39	26	5	44	10	30	1	31	36	37	5	41	35	5	30	28	41	3	23	48	16	27	29	34	45	40
49	44	29	39	26	48	44	10	27	11	11	8	22	43	39	5	4	49	28	0	21	38	43	9	4	44	50	36	21	3	37	8	22	18	12	23	19	33	26	3	50	18	42	27	13	38	50	23	36	16
31	19	2	12	27	45	49	39	41	27	29	49	31	29	32	49	4	47	35	7	0	14	26	41	6	19	46	49	40	38	25	31	25	28	11	28	23	29	42	36	46	36	15	22	26	31	7	45	14	44
4	3	32	47	24	15	30	40	30	40	17	26	40	14	30	9	38	36	10	29	34	0	40	4	13	20	35	42	18	25	21	11	9	9	8	39	44	32	7	4	49	21	40	49	4	39	1	21	41	21
10	40	49	45	34	23	23	27	48	34	23	27	17	29	33	39	40	14	47	14	11	6	0	35	2	36	19	27	12	10	37	24	15	28	45	41	34	1	48	30	2	8	24	42	26	25	4	11	5	27
24	6	31	18	2	27	46	21	4	16	1	45	48	45	19	28	40	24	41	47	8	3	1	0	11	27	2	17	5	11	41	31	23	47	38	32	40	49	31	18	11	18	22	4	45	35	23	43	25	28
42	46	39	17	24	2	22	47	24	23	1	38	14	31	5	50	9	8	20	29	21	17	44	9	0	20	32	10	9	15	1	32	20	36	40	42	38	45	11	9	9	25	36	22	48	40	18	14	23	23
46	31	37	9	3	6	39	6	10	17	10	42	47	35	22	43	8	13	21	10	17	3	32	49	7	0	31	2	42	35	43	9	30	35	23	4	41	20	37	18	31	49	18	31	8	28	5	23	48	2
8	44	35	41	9	30	4	46	21	15	21	9	37	47	5	21	15	48	35	5	8	9	24	21	42	37	0	33	26	38	6	34	5	40	42	11	43	14	47	30	28	13	45	44	14	27	1	14	23	18
34	36	28	46	41	31	3	17	30	47	48	10	9	45	11	8	8	18	37	16	11	41	43	15	1	27	25	0	45	26	19	5	19	11	13	21	6	32	48	41	41	23	25	9	16	15	5	44	48	29
6	39	43	7	50	2	1	45	50	30	49	45	22	39	27	19	34	40	44	7	27	9	3	38	39	26	30	29	0	25	12	48	15	15	4	41	27	7	11	32	31	9	19	3	25	44	34	47	30	16
39	29	44	44	43	14	34	47	14	11	10	34	32	50	16	5	41	1	21	21	10	21	26	23	9	47	33	35	39	0	3	22	43	35	29	42	15	16	39	19	2	23	36	6	11	32	40	2	32	8
39	24	3	17	14	10	25	6	38	3	20	4	32	28	43	8	27	30	46	1	9	15	17	31	47	24	40	28	50	32	0	29	18	41	20	15	26	39	15	11	6	27	21	47	3	35	35	29	41	18
5	39	37	50	29	39	26	41	27	29	48	45	33	26	35	22	5	39	5	48	49	44	4	7	42	1	24	38	26	47	42	0	24	23	22	25	9	49	41	6	6	3	48	16	17	45	13	47	31	9
17	14	43	37	14	4	13	5	36	33	16	28	12	3	31	19	37	31	50	31	45	32	5	24	32	43	28	42	6	6	20	45	0	11	34	20	26	14	46	28	7	36	13	7	4	22	45	50	44	3
8	42	30	47	29	47	37	50	15	45	8	39	47	22	16	10	31	1	46	32	20	48	7	50	35	9	3	34	7	23	29	13	35	0	42	43	13	22	13	3	30	19	26	46	1	13	26	24	45	44
46	24	3	41	50	4	47	8	41	37	46	40	11	42	3	17	30	40	26	15	40	8	25	50	34	35	1	31	9	29	17	30	31	26	0	16	26	37	47	37	28	40	34	35	41	27	12	19	10	3
10	2	4	23	39	33	25	10	14	29	2	3	16	15	15	36	39	40	3	18	22	15	1	35	50	50	7	17	39	42	25	5	23	13	11	0	2	37	47	11	4	19	16	22	13	18	36	12	43	36
14	42	39	3	49	6	42	37	2	13	15	23	21	26	44	26	14	11	38	31	39	6	36	33	2	39	50	15	21	39	5	50	41	33	12	46	0	13	28	21	10	28	27	50	31	47	26	4	44	37
2	15	29	31	35	22	43	31	34	35	24	33	21	10	45	23	23	2	34	19	41	36	25	37	18	16	2	31	2	17	46	8	41	46	26	1	35	0	19	26	39	9	48	40	5	41	44	33	43	38
40	37	14	20	34	25	15	39	5	32	49	34	39	3	48	29	12	11	1	14	27	30	21	20	46	36	34	7	10	37	9	8	2	10	2	38	24	35	0	16	42	32	34	35	42	48	21	50	41	4
40	11	10	10	32	44	22	20	20	34	20	5	10	40	47	3	42	49	9	33	31	12	42	43	4	25	4	38	17	3	6	6	49	36	12	1	15	21	16	0	47	2	29	7	18	2	42	12	30	27
47	16	38	16	34	25	2	7	4	12	39	40	36	49	49	36	30	13	38	41	29	1	18	1	34	6	2	33	6	9	16	13	41	23	18	12	20	46	12	24	0	10	28	40	40	38	3	13	48	11
31	10	1	47	37	23	10	31	4	43	19	2	20	33	16	13	35	1	5	19	34	8	17	21	21	20	49	22	42	9	16	1	23	38	43	34	19	19	4	32	34	0	29	25	30	14	11	47	20	50
25	22	1	22	43	5	27	15	23	18	40	20	23	47	1	32	40	16	6	18	17	39	21	32	40	5	40	14	17	16	48	33	49	37	23	10	15	47	27	23	1	8	0	10	22	11	28	1	4	13
27	10	49	13	43	17	40	19	45	12	30	39	43	22	29	19	47	10	28	10	25	10	9	8	49	4	3	2	24	10	44	17	15	18	43	20	5	42	8	38	29	30	33	0	36	26	46	35	30	20
32	48	4	41	4	31	4	50	15	25	30	43	29	49	28	6	39	21	50	7	18	8	46	12	34	42	20	19	27	35	14	6	18	12	2	43	17	17	19	13	3	2	49	37	0	4	19	34	31	6
44	47	33	30	7	8	21	9	23	37	36	20	31	12	30	6	49	44	14	26	19	7	50	27	7	9	31	2	20	36	50	4	16	14	26	46	43	42	25	11	16	39	3	11	48	0	1	31	48	5
34	24	19	34	32	45	36	31	6	31	3	2	15	4	22	6	39	15	34	18	9	29	33	41	20	41	30	17	48	45	32	43	9	32	34	18	39	26	36	18	9	13	8	30	2	41	0	9	25	29
3	15	7	26	37	1	4	48	48	23	46	8	24	16	33	45	45	38	41	26	12	35	7	45	2	36	18	50	41	36	7	15	40	31	42	28	47	1	47	50	26	9	18	6	34	26	7	0	25	4
13	36	19	34	2	6	30	43	49	23	6	12	32	7	21	7	8	37	49	24	4	3	34	42	45	8	49	15	26	25	3	5	50	50	8	27	18	39	21	40	18	34	41	43	46	25	34	22	0	42
5	30	22	3	18	9	44	14	36	36	12	42	13	27	10	37	33	4	40	33	13	42	34	5	2	8	19	3	8	36	45	23	2	40	6	50	18	38	40	16	49	31	2	20	28	49	5	11	5	0
14	31	35	25	49	15	34	3	4	31	21	3	33	2	14	22	28	27	33	43	10	25	32	47	28	20	31	42	17	44	49	7	25	2	37	19	28	37	5	33	31	47	50	34	43	44	40	48	9	50
0	16	3	13	38	24	46	31	39	9	25	46	21	37	1	35	24	10	46	30	9	20	10	35	31	17	2	6	26	27	18	42	5	15	46	20	9	38	7	2	27	38	35	27	22	3	37	45	30	2
43	0	4	21	13	18	32	9	3	20	2	22	19	17	4	39	28	12	26	23	44	4	23	43	19	1	27	42	34	8	1	23	14	33	43	38	20	19	8	17	31	47	25	49	36	47	11	49	13	11
2	47	0	28	38	8	14	4	22	5	50	40	33	23	16	15	20	50	43	37	12	19	9	11	14	19	42	24	18	8	46	8	49	25	33	42	17	25	24	21	35	33	21	30	19	17	24	17	46	14
17	16	43	0	40	7	4	40	40	17	47	22	3	31	25	22	21	14	47	22	27	22	44	11	20	14	3	17	42	31	45	33	38	28	37	31	29	40	34	23	31	27	47	4	9	34	44	2	12	49
41	1	36	7	0	24	12	29	37	40	43	50	44	14	10	21	49	19	28	20	10	41	20	45	10	15	21	13	18	10	22	43	6	26	11	13	28	4	7	2	24	28	42	1	25	16	34	42	31	5
33	11	17	3	26	0	34	24	18	25	39	25	17	11	15	47	14	34	6	48	49	15	45	18	38	9	10	35	8	9	1	27	23	29	13	33	46	34	2	18	22	19	7	28	38	24	24	28	41	10
11	10	33	5	15	42	0	19	3	25	38	19	32	3	2	34	35	10	40	27	7	4	45	12	34	15	26	50	34	48	11	9	25	35	11	48	23	2	11	44	28	22	16	20	41	15	33	34	38	1
21	39	42	15	28	20	46	0	7	16	19	44	7	34	44	25	29	5	9	25	6	38	8	26	7	19	37	36	26	28	15	45	32	8	46	27	4	8	17	45	11	35	16	48	11	29	9	44	5	47
42	32	49	35	5	28	34	28	0	18	13	19	3	31	12	38	39	38	12	48	37	16	34	15	17	48	29	7	11	40	13	33	12	23	38	8	27	38	14	24	23	45	15	11	14	39	6	34	32	9
21	45	14	11	22	11	25	33	12	0	32	39	7	43	23	44	19	33	9	24	14	8	36	21	9	49	2	5	11	12	23	35	4	15	45	48	40	26	47	19	36	40	49	42	12	33	35	5	40	8
23	34	11	5	25	11	4	44	38	10	0	9	17	32	9	50	43	30	4	31	33	30	10	8	48	10	44	11	6	20	15	33	32	33	16	25	5	12	2	41	9	49	20	10	13	21	16	49	23	19
43	29	18	29	19	35	34	14	6	18	19	0	18	29	8	33	6	37	20	48	30	21	2	19	12	13	31	14	6	40	47	46	7	1	24	11	29	16	4	23	33	19	49	28	11	21	35	43	7	18
28	15	3	38	42	6	14	21	46	27	7	4	0	21	41	27	1	22	28	49	38	50	40	42	16	11	33	35	39	3	20	3	40	20	24	35	8	19	36	1	42	28	50	44	49	27	18	15	4	36
20	25	19	13	33	5	17	20	30	34	38	9	11	0	50	8	4	6	30	13	5	25	39	48	4	39	40	21	37	28	33	14	48	10	17	1	36	8	31	31	26	22	6	35	49	49	17	28	50	46
17	39	18	20	2	46	5	14	20	35	26	38	4	19	0	4	30	21	10	25	33	10	5	48	13	43	28	11	42	42	47	19	40	49	31	36	22	20	37	3	20	39	34	29	31	16	39	15	2	50
23	3	48	14	9	37	41	44	12	24	49	34	50	36	43	0	45	34	10	37	22	25	4	18	46	35	38	24	24	25	19	13	35	33	9	22	28	6	1	34	12	38	13	3	6	5	25	25	43	15
10	34	12	12	35	40	15	23	49	30	18	37	41	11	24	5	0	10	40	33	14	37	6	26	12	34	37	8	42	5	30	32	9	23	17	25	37	46	28	50	4	41	18	12	17	22	46	19	21	35
45	13	46	9	2	43	45	12	33	2	43	44	11	22	35	6	47	0	9	34	4	34	13	38	13	24	47	35	33	22	35	36	10	35	2	8	44	19	32	45	44	48	41	33	33	17	31	50	28	7
31	43	30	31	3	18	8	20	5	20	6	31	11	40	22	43	24	37	0	11	26	47	29	19	16	26	6	16	45	42	1	29	23	9	6	31	36	10	32	16	18	16	7	17	47	26	17	20	17	25
43	29	27	40	43	13	11	34	32	33	46	32	8	15	11	40	49	6	9	0	21	43	2	29	22	29	25	11	26	11	36	4	35	45	19	12	46	31	4	17	29	29	50	6	22	35	39	48	26	45
49	31	12	36	20	44	38	1	21	14	46	2	39	37	30	8	19	23	34	50	0	41	22	43	13	1	25	49	21	3	31	3	43	40	8	5	36	25	17	42	46	35	5	46	17	22	24	26	7	18
8	6	22	17	42	39	18	45	30	49	14	24	22	32	24	45	34	30	46	46	27	0	9	15	4	18	45	17	13	39	45	43	21	20	12	37	11	25	41	21	5	14	50	13	41	13	31	9	18	41
19	23	35	27	10	29	5	29	25	7	26	17	45	10	43	16	14	4	43	42	23	50	0	18	50	45	39	23	23	2	32	15	33	46	5	2	32	1	15	43	39	10	10	35	49	47	31	17	39	39
38	24	26	43	26	27	22	36	6	49	48	6	2	32	11	4	15	35	50	40	9	25	40	0	4	7	42	18	36	46	32	34	34	45	41	21	24	5	8	46	24	25	34	34	10	4	33	37	12	21
49	37	1	36	24	45	31	17	12	24	12	12	15	28	32	13	21	2	2	48	1	38	2	27	0	4	28	19	3	25	25	1	41	35	7	46	30	31	9	19	28	25	4	45	12	40	46	19	20	22
39	40	39	8	14	48	4	48	8	47	35	43	37	44	24	31	23	22	23	44	39	37	24	39	42	0	46	2	24	41	8	10	11	35	20	38	43	37	45	31	44	39	49	33	28	3	14	16	26	44
37	5	44	37	16	30	10	18	28	17	11	21	12	48	47	24	17	37	35	15	47	32	3	9	16	43	0	1	43	25	5	42	36	8	4	33	46	22	19	45	16	31	25	23	46	14	14	50	29	32
44	3	48	19	40	32	44	35	34	27	19	39	10	17	12	13	5	45	8	38	32	10	9	28	32	5	16	0	37	26	3	8	35	46	11	27	9	6	26	4	33	31	29	33	24	34	36	7	10	2
35	24	8	45	21	31	40	15	39	25	46	33	50	5	31	46	16	6	48	10	34	30	1	34	6	8	9	31	0	38	9	18	23	38	44	38	12	4	19	18	21	43	36	31	32	10	32	7	27	11
19	10	11	2	1	11	31	33	38	41	4	44	17	41	46	45	21	43	35	45	16	29	46	19	34	20	46	35	2	0	28	29	36	21	28	6	12	3	17	33	19	13	50	3	5	1	35	34	24	43
34	39	41	47	12	27	44	21	32	2	32	27	43	8	43	5	11	14	43	36	50	10	45	16	42	41	32	25	17	38	0	4	38	29	36	28	50	35	24	35	36	11	28	22	9	35	11	30	24	43
10	5	36	2	45	15	49	40	47	28	9	41	19	50	45	3	27	4	38	20	13	20	8	49	44	39	19	31	34	45	13	0	12	39	27	36	26	27	38	45	42	9	12	16	11	1	22	22	29	7
49	8	27	17	30	47	29	2	6	42	33	12	41	20	10	1	35	21	24	42	42	41	14	33	22	10	10	38	33	7	45	28	0	8	13	2	2	50	22	15	34	32	21	23	18	34	17	32	13	35
33	2	16	36	23	3	20	39	49	34	34	45	33	42	44	26	32	8	36	5	38	24	39	8	14	47	6	16	39	41	14	39	24	0	35	3	30	46	25	18	46	28	7	29	30	39	4	48	6	13
48	46	28	4	49	35	32	9	46	5	31	5	34	30	14	29	2	21	23	6	31	39	8	3	42	7	22	7	42	9	28	25	28	41	0	40	23	39	33	15	24	5	26	24	33	7	35	1	48	12
3	12	40	40	33	29	41	3	34	33	37	9	44	23	12	22	28	43	25	26	21	11	23	43	34	1	20	36	40	32	38	38	15	50	41	0	37	41	16	30	31	46	4	40	4	12	11	28	49	30
10	9	47	50	34	11	43	38	42	34	10	26	42	25	43	12	49	37	2	11	50	38	12	48	22	9	41	23	24	22	5	18	23	28	9	19	0	38	39	41	13	5	5	42	41	23	13	20	46	47
22	45	47	16	3	48	34	37	18	50	46	26	13	10	9	40	6	16	32	42	37	22	26	28	13	33	9	33	23	15	43	39	32	9	25	39	44	0	10	3	1	20	20	27	32	32	38	2	25	36
48	21	38	49	26	22	41	42	28	44	8	43	45	12	14	23	35	8	14	49	41	1	5	26	50	41	23	45	50	10	34	10	4	35	11	43	26	27	0	22	9	36	32	30	8	7	29	12	14	17
49	26	13	41	41	16	27	23	48	9	4	49	20	7	26	36	44	5	9	40	47	29	50	38	31	18	30	22	42	9	27	45	36	4	14	33	48	11	29	0	28	25	32	47	49	29	1	28	8	25
44	2	25	38	27	17	40	26	38	25	36	40	11	48	23	17	8	42	5	46	15	14	17	7	32	5	28	47	32	45	15	15	37	18	33	49	18	39	19	13	0	44	1	36	4	6	1	44	2	16
15	21	21	27	28	35	30	10	30	40	50	19	43	27	50	3	2	19	48	43	28	4	27	16	34	42	27	28	45	4	2	27	20	39	21	44	36	10	30	12	19	0	37	44	29	50	44	15	15	37
14	29	17	32	48	43	32	39	12	14	18	26	37	40	13	30	44	28	28	17	25	42	50	45	7	16	23	30	25	18	13	27	4	12	20	40	36	10	22	26	3	43	0	42	13	47	45	26	36	9
29	24	18	25	8	27	8	1	10	17	26	43	34	16	36	40	16	10	12	13	46	30	34	26	33	27	27	50	6	31	27	5	47	11	22	13	9	9	37	46	32	23	42	0	47	19	45	25	37	31
4	2	16	25	30	29	13	41	13	20	3	49	30	37	21	24	32	31	36	35	50	2	38	9	4	20	36	46	35	44	6	39	25	14	10	17	21	16	23	33	47	33	24	17	0	48	46	15	20	27
19	29	47	16	34	7	9	38	7	34	48	10	28	8	30	36	42	20	48	5	6	33	10	10	18	27	19	18	45	10	16	48	48	29	46	9	44	3	40	50	38	30	33	29	43	0	40	38	18	45
12	46	41	10	28	12	17	39	17	13	8	48	47	19	18	16	50	18	25	48	16	9	27	20	45	27	3	32	27	41	7	47	34	18	38	28	49	41	17	36	39	14	9	45	37	24	0	34	8	1
24	37	23	26	23	37	21	12	24	23	23	21	30	17	16	36	33	43	23	47	49	46	16	7	49	5	16	37	25	50	3	4	25	33	28	13	29	23	18	46	13	15	13	49	22	21	13	0	19	28
29	30	29	4	37	50	14	32	42	9	45	42	18	34	15	9	21	16	6	47	49	2	39	47	32	24	24	45	22	1	45	28	46	13	18	32	36	35	20	32	43	48	50	5	16	47	40	37	0	32
45	49	19	17	29	23	6	27	27	20	12	1	10	14	37	11	37	11	37	10	16	46	12	48	46	20	35	49	42	40	20	20	38	4	20	47	33	43	46	3	31	45	50	6	34	24	31	40	29	0
12	10	25	26	46	37	11	20	35	16	30	5	29	25	23	42	35	2	17	28	17	15	47	13	9	46	9	35	1	7	13	45	1	49	46	39	7	17	35	40	31	16	30	42	14	46	7	22	29	43
0	25	37	45	31	32	6	50	30	23	30	4	39	12	42	32	11	2	39	3	19	30	41	16	1	42	25	19	31	48	4	4	10	9	27	47	31	22	10	2	13	32	45	30	8	7	1	2	36	35
39	0	25	38	38	29	49	48	3	15	16	33	40	2	6	20	20	30	48	5	35	3	24	50	17	5	1	14	39	40	49	46	19	31	16	50	34	5	45	45	19	25	19	41	26	8	42	30	26	24
29	4	0	20	40	48	24	35	41	39	1	37	2	45	22	30	5	38	2	2	20	8	45	13	50	1	5	14	41	11	20	48	37	31	46	3	48	40	5	14	28	44	10	32	25	33	20	9	14	43
34	5	32	0	10	23	24	49	3	21	26	5	39	2	28	13	39	32	2	31	45	32	35	43	13	42	33	7	46	4	49	39	46	3	41	9	9	35	20	5	7	26	43	11	41	32	36	24	34	39
37	44	3	38	0	30	47	48	26	24	8	37	39	38	40	37	1	11	25	4	36	50	26	34	31	10	9	29	33	43	34	25	27	34	14	45	40	46	44	20	28	12	30	34	28	9	13	36	10	39
12	16	43	12	10	0	32	3	15	27	33	20	12	8	12	6	28	45	40	25	4	36	8	2	19	5	43	9	3	27	22	28	47	39	28	20	45	12	1	22	40	26	25	31	19	6	6	29	14	2
9	36	28	39	2	19	0	47	27	11	19	46	46	31	32	22	32	32	7	9	5	46	34	9	25	2	11	37	22	4	23	4	48	5	18	19	20	20	2	48	2	30	49	46	31	29	27	8	17	22
3	46	32	50	43	42	19	0	8	46	8	44	48	16	50	22	24	27	41	48	18	24	27	32	45	41	41	17	30	15	2	33	34	3	22	19	33	8	34	47	28	6	37	46	19	45	2	33	37	17
10	30	15	18	11	37	21	35	0	39	34	4	10	23	40	38	5	28	46	4	16	20	5	11	11	10	32	16	23	46	41	15	26	38	3	39	7	46	39	8	45	16	34	39	24	36	14	46	16	28
23	18	12	32	8	45	10	3	40	0	43	27	50	5	35	47	30	45	40	4	43	8	30	31	41	6	35	21	44	12	29	16	9	19	26	4	16	41	23	4	32	33	11	14	41	40	7	10	45	17
6	14	21	9	19	15	24	42	46	35	0	10	26	32	4	5	47	36	19	5	45	15	39	25	50	25	48	39	2	30	4	5	33	20	5	7	6	39	5	40	47	48	29	13	5	37	27	34	37	47
47	2	15	39	21	6	39	39	44	44	50	0	10	17	6	48	9	26	44	23	2	8	11	22	10	35	3	38	44	35	45	24	3	39	27	4	10	25	44	30	28	13	48	39	31	26	38	3	3	8
40	2	30	27	35	42	26	9	18	2	15	14	0	9	46	39	31	46	50	5	12	47	29	10	21	10	38	18	22	41	15	35	3	6	2	32	28	48	48	18	4	4	43	17	19	18	33	17	44	6
8	21	30	31	12	23	25	26	48	13	41	2	5	0	13	35	38	38	42	49	32	2	42	7	12	35	41	27	11	31	18	11	14	12	9	29	26	10	49	28	8	41	42	9	15	2	9	27	31	1
35	23	31	49	47	31	40	27	32	21	24	41	46	41	0	26	12	32	3	21	13	11	49	37	7	46	29	16	7	16	21	26	5	5	46	41	31	2	13	19	21	2	32	30	23	44	27	31	37	7
3	25	47	16	43	40	11	37	19	45	46	18	23	7	20	0	6	24	14	29	50	33	23	35	18	14	38	21	25	29	7	34	24	45	49	50	13	8	20	11	10	39	5	26	3	39	18	26	16	25
28	18	21	9	9	14	18	10	50	27	9	16	19	46	27	4	0	23	45	50	5	13	47	46	40	3	11	25	20	14	14	50	23	45	16	34	32	17	38	48	49	36	38	41	16	25	20	20	48	32
16	28	32	12	30	41	28	45	19	22	2	25	26	31	6	12	36	0	47	43	30	25	15	8	15	45	1	37	28	24	13	39	25	9	9	42	26	40	7	17	42	48	19	48	12	38	35	49	46	2
6	39	24	18	48	40	45	3	15	14	14	49	37	10	36	2	18	20	0	27	27	22	45	2	29	12	19	39	21	7	22	40	25	49	31	34	30	4	30	17	42	26	24	28	43	17	3	28	15	17
12	37	38	45	44	6	37	8	7	41	2	28	48	46	12	35	33	21	42	0	14	48	29	49	37	37	27	22	6	22	40	28	23	22	3	50	22	1	46	43	13	27	21	17	26	38	44	41	41	12
10	7	23	46	25	26	34	14	6	1	10	35	43	19	45	6	33	13	30	28	0	8	29	9	18	7	19	38	15	44	18	41	35	21	23	44	9	47	34	6	47	27	42	37	19	39	8	17	6	13
7	30	15	17	8	2	30	41	1	23	14	20	27	17	30	26	6	13	23	40	25	0	18	35	9	22	21	13	25	40	2	29	44	16	3	6	25	15	42	31	40	14	16	9	19	40	2	32	12	44
42	21	22	25	41	48	18	3	23	19	30	34	5	15	48	21	49	1	11	4	2	27	0	48	2	23	5	21	17	21	1	25	45	25	24	21	12	18	3	8	38	29	43	21	8	25	1	12	36	7
33	50	14	19	9	49	38	19	34	16	43	16	33	37	38	50	6	29	34	21	8	3	45	0	30	22	29	44	33	13	25	32	16	27	1	13	27	47	47	23	40	22	20	33	48	32	14	10	9	12
38	40	23	35	18	32	4	22	13	14	41	24	16	50	23	18	8	12	49	35	34	39	15	39	0	29	19	39	31	23	26	24	14	29	3	4	1	12	9	19	4	25	14	1	10	14	36	17	24	1
38	18	1	21	28	29	16	42	44	1	14	29	11	31	41	23	6	50	36	27	8	36	47	19	46	0	48	17	47	33	31	16	9	37	48	20	14	44	6	3	36	23	5	41	43	28	30	18	30	26
35	5	40	6	13	4	11	8	31	26	8	45	50	26	4	46	43	45	32	12	19	42	47	26	8	27	0	41	44	49	13	32	33	20	18	1	22	11	49	45	41	9	39	38	50	5	27	32	43	16
37	18	36	8	3	45	1	22	47	20	8	31	45	36	29	27	30	19	39	13	26	8	47	10	48	14	21	0	12	43	37	7	37	6	15	22	42	29	17	32	26	16	48	47	43	45	9	36	37	28
21	31	48	35	17	19	14	33	18	5	5	24	22	6	13	26	45	13	39	23	48	25	10	19	1	20	7	29	0	41	5	9	4	14	10	38	22	15	49	36	38	37	29	43	40	16	48	17	14	31
32	28	6	10	12	32	26	33	28	37	35	33	4	50	27	29	16	6	16	25	37	20	44	11	42	40	36	21	15	0	15	14	40	1	38	42	36	5	2	48	19	48	24	5	16	30	13	50	25	39
48	4	48	45	37	46	47	29	15	36	50	4	43	12	17	25	42	21	25	14	37	49	30	14	39	27	42	32	6	8	0	34	18	31	11	48	2	20	23	20	27	46	39	24	9	40	44	21	20	8
14	13	12	44	28	29	16	27	3	23	31	38	49	49	35	41	20	21	33	1	13	7	34	43	45	6	8	14	10	9	19	0	38	8	29	3	4	5	11	11	40	9	40	9	4	41	1	20	29	17
19	6	37	35	42	7	10	20	35	47	3	31	7	28	13	13	22	44	35	3	13	12	6	4	13	36	4	42	1	19	24	31	0	14	12	18	46	9	5	1	44	14	1	37	44	50	39	48	36	33
4	16	11	34	31	10	26	19	33	12	39	45	28	10	47	39	36	38	41	37	23	37	50	13	45	18	39	15	21	41	7	34	8	0	40	17	3	11	43	29	39	12	1	26	49	33	39	1	25	47
18	32	21	29	49	5	44	18	23	4	38	29	25	11	45	22	29	44	11	37	29	15	12	19	47	9	26	36	45	39	26	12	20	39	0	9	32	48	20	43	26	25	15	45	23	49	1	3	14	7
8	2	48	33	20	4	4	28	24	44	48	13	17	19	18	14	48	30	46	44	35	7	18	22	3	21	47	4	42	31	22	41	12	7	7	0	18	41	12	12	14	26	13	19	19	6	49	17	24	3
14	10	38	34	3	38	2	27	23	34	22	24	36	34	43	25	5	50	8	4	32	9	11	26	23	14	50	14	7	49	36	20	20	16	34	45	0	22	14	4	28	50	28	14	47	23	23	7	7	8
5	36	11	10	30	7	21	4	20	42	22	47	31	30	42	30	33	16	38	3	13	24	18	33	11	30	43	18	17	6	46	22	22	43	49	43	45	0	28	39	9	42	5	36	31	16	2	17	10	39
10	13	10	16	29	43	9	31	7	24	25	8	48	8	11	50	3	36	16	22	1	12	45	13	29	3	7	2	17	19	32	19	21	40	47	42	31	26	0	14	16	45	15	12	22	10	17	24	9	27
36	35	28	43	20	3	15	21	29	28	12	12	17	18	20	24	25	25	11	49	19	6	24	7	2	11	5	15	31	45	34	35	13	1	25	12	47	17	17	0	26	36	50	12	43	5	29	6	43	35
20	21	16	20	6	17	12	36	19	20	24	2	12	12	31	37	10	32	41	37	14	20	5	2	31	23	5	36	40	37	12	12	18	30	19	32	47	43	26	2	0	17	31	14	11	28	42	50	17	29
44	31	15	10	12	24	14	22	50	50	5	40	6	46	6	21	4	36	45	15	5	20	13	14	44	14	46	39	13	16	47	8	5	17	48	32	28	30	46	44	16	0	13	29	44	2	21	31	9	14
48	38	43	11	15	43	47	45	20	21	13	35	43	38	37	24	18	42	18	33	32	7	27	30	31	8	13	5	34	13	40	46	40	46	18	15	44	9	23	8	6	25	0	20	13	49	20	18	46	43
27	13	28	30	34	29	11	1	33	44	2	32	20	47	2	43	38	23	48	1	28	32	24	38	12	3	40	1	25	13	23	21	20	38	32	38	12	14	3	14	27	17	38	0	35	32	11	24	12	13
7	5	23	40	30	3	18	48	4	45	44	17	45	40	41	36	35	25	2	29	15	2	12	4	47	17	37	28	43	1	25	6	16	41	6	45	19	12	28	36	17	24	8	44	0	49	38	44	9	11
34	3	39	34	17	4	45	30	36	37	48	31	6	24	23	34	13	44	40	38	17	21	27	5	25	28	10	9	45	36	9	24	31	17	30	34	10	25	4	41	47	17	41	24	49	0	2	18	45	5
28	42	42	13	12	46	5	34	22	41	2	12	29	41	46	38	37	14	33	2	1	32	1	19	46	42	5	1	39	20	15	24	2	34	15	41	25	44	35	14	7	34	29	40	23	50	0	6	12	12
45	23	34	41	5	4	33	41	10	34	9	18	47	12	29	26	41	14	31	40	13	29	35	2	41	35	9	21	10	7	16	19	42	7	25	46	21	31	39	39	33	23	45	33	44	5	37	0	13	50
3	23	8	28	38	49	19	2	48	27	33	12	45	14	13	41	17	44	37	47	46	6	41	20	13	2	17	47	46	21	22	12	46	9	15	20	7	37	11	9	1	2	32	13	11	44	16	42	0	9
37	11	48	18	24	28	22	6	8	5	8	38	36	19	35	2	50	46	16	30	49	42	1	17	32	24	9	47	47	34	34	37	33	36	37	9	21	43	39	23	45	17	48	29	50	8	47	22	35	0
23	30	31	11	45	24	43	2	47	23	30	14	15	13	29	8	50	50	1	25	10	31	15	24	6	1	47	2	35	46	6	16	23	32	13	7	44	1	45	46	16	31	42	22	44	22	27	1	40	3
0	32	25	42	5	15	21	30	6	21	41	43	11	25	23	23	37	39	14	9	12	5	27	28	24	3	36	7	22	11	22	33	10	6	42	32	24	5	22	9	1	36	33	43	32	11	15	50	50	26
28	0	24	15	31	47	1	20	38	48	32	30	8	35	6	10	41	46	35	30	33	44	28	36	10	23	9	24	38	49	49	46	15	6	8	25	50	7	21	21	6	12	15	4	33	18	12	20	18	40
11	12	0	31	35	1	25	47	18	30	47	19	50	20	36	44	36	28	1	9	45	37	22	10	14	41	6	46	19	16	16	12	45	33	24	31	32	33	3	34	27	32	38	38	10	25	24	34	16	26
50	12	27	0	42	17	10	36	18	35	38	29	2	26	29	23	45	2	19	15	18	9	2	45	5	3	31	29	47	1	21	40	22	24	8	12	13	16	38	1	19	32	31	14	6	28	18	1	25	22
11	16	15	33	0	8	43	8	17	9	39	10	49	10	48	46	49	28	42	28	23	46	17	25	3	32	41	7	49	27	39	28	14	15	31	50	33	42	46	27	1	25	25	43	32	50	6	24	38	42
1	28	50	43	16	0	7	31	37	27	39	25	14	14	11	44	37	1	12	18	12	21	4	46	38	7	37	5	16	22	7	23	26	48	40	3	38	48	28	46	43	9	49	40	11	34	6	13	20	2
2	35	42	44	44	41	0	27	9	37	8	12	19	9	11	25	19	7	34	14	44	17	31	23	38	5	4	2	1	7	7	13	42	6	35	19	48	9	44	21	16	33	31	16	36	25	36	3	29	47
12	12	32	47	12	48	5	0	6	15	10	32	45	9	8	29	15	6	47	10	46	45	2	50	4	11	25	12	9	40	33	32	28	26	15	36	50	15	18	18	8	28	15	39	45	39	13	7	32	32
37	49	12	12	42	29	26	47	0	20	19	35	3	22	40	49	35	34	26	5	40	5	22	23	14	20	7	8	10	45	23	43	15	3	31	22	7	49	18	24	35	45	42	17	10	23	48	41	28	3
20	9	38	29	17	30	44	1	4	0	28	2	38	50	16	44	48	42	31	28	45	22	7	9	32	43	10	45	29	46	27	41	40	39	49	32	16	39	5	35	34	38	29	21	15	27	17	15	27	6
37	36	47	6	21	35	34	3	31	28	0	40	16	9	35	29	17	50	37	8	1	3	27	13	31	31	30	29	39	17	20	42	40	30	14	32	14	47	5	39	39	47	14	50	18	44	42	12	27	40
2	7	26	29	39	2	40	21	6	48	13	0	26	28	15	9	50	22	27	46	3	10	12	6	39	40	48	45	34	14	24	36	41	15	22	47	24	7	41	33	19	4	16	25	20	9	14	29	47	18
33	7	31	19	7	6	41	49	9	22	29	8	0	47	47	1	30	30	15	20	27	36	9	12	23	27	3	42	19	29	3	2	43	19	41	7	2	41	6	19	41	42	26	45	34	21	18	45	44	19
31	33	30	20	15	49	12	31	35	28	33	6	25	0	20	44	40	6	47	15	26	24	37	13	12	7	23	24	33	6	14	20	22	14	10	44	29	31	18	43	10	36	31	33	32	1	12	33	37	12
50	22	49	24	5	48	17	36	2	16	45	14	9	43	0	2	27	40	18	5	3	10	27	3	43	45	37	12	41	12	37	29	26	7	22	37	4	28	7	4	43	37	42	11	17	16	28	24	50	49
42	7	41	40	15	28	48	22	24	30	49	14	4	20	17	0	8	12	1	16	7	1	28	41	37	46	38	16	40	43	37	14	36	42	19	43	1	23	36	39	1	14	30	33	6	28	27	37	21	17
25	8	6	20	41	2	20	48	35	4	29	22	33	29	45	11	0	38	36	4	43	41	1	25	40	26	37	40	30	48	12	39	28	48	14	45	31	12	2	2	35	17	39	1	6	23	25	16	26	1
25	15	24	37	35	5	32	39	3	42	2	23	28	14	6	2	25	0	39	43	38	5	27	40	39	10	41	26	38	31	38	31	38	39	1	15	38	13	14	35	19	25	25	5	37	13	41	47	42	27
49	31	20	14	1	41	12	19	29	47	50	50	34	12	25	5	39	24	0	39	11	17	23	40	12	44	42	46	14	42	33	1	37	22	28	33	9	17	30	32	45	30	37	47	10	22	25	7	26	15
29	21	39	1	37	10	13	31	49	46	18	43	20	47	36	10	35	48	14	0	48	11	31	19	1	20	50	34	8	18	40	36	15	27	10	23	6	42	43	16	14	49	29	21	29	15	40	37	36	35
28	8	43	22	34	39	34	8	26	41	39	5	24	43	5	43	3	50	29	4	0	4	5	35	42	13	3	36	15	13	35	2	40	15	26	31	12	49	12	39	17	37	19	6	13	17	42	44	48	2
33	7	45	28	44	40	47	8	23	47	36	3	46	30	44	4	18	5	49	35	10	0	21	41	1	38	8	2	26	29	46	33	19	30	26	49	6	28	40	32	18	1	34	50	39	42	12	11	3	44
34	26	8	2	3	37	29	31	22	34	15	21	16	26	6	49	12	38	26	37	15	22	0	21	19	41	1	39	13	20	43	22	27	24	39	36	19	47	1	34	20	27	18	4	21	16	48	27	41	30
31	47	15	34	8	43	49	24	28	45	44	29	35	2	23	6	20	6	46	5	26	50	34	0	47	28	38	37	48	14	10	40	28	37	15	15	46	18	50	4	48	14	32	29	28	30	7	8	13	40
37	30	23	15	44	2	22	13	38	38	5	22	22	19	4	20	22	49	34	38	15	25	4	41	0	27	12	3	39	21	19	5	9	42	14	3	26	36	45	29	33	39	42	33	9	44	41	35	16	12
5	3	30	39	39	27	13	12	13	9	15	28	22	26	28	18	7	6	40	13	35	2	13	42	40	0	24	16	48	28	27	22	17	30	31	35	1	1	35	45	12	10	34	31	39	3	27	45	45	25
30	32	44	10	39	35	8	28	16	26	27	19	21	25	11	37	30	12	36	43	3	12	4	25	37	1	0	38	7	41	30	30	26	13	44	6	11	26	36	1	20	1	36	2	45	29	41	33	5	44
26	24	4	24	30	49	7	37	41	50	18	16	50	34	6	1	19	40	19	8	42	25	45	46	44	46	1	0	9	9	4	37	3	17	8	40	14	49	27	12	32	6	41	2	29	47	7	18	13	19
7	35	24	3	34	35	9	27	20	14	44	40	47	35	39	1	38	33	10	1	46	5	22	36	1	2	4	46	0	42	27	40	3	9	4	27	49	20	40	4	3	30	12	49	15	27	21	14	37	43
29	47	48	30	42	43	33	19	39	20	2	38	19	33	3	23	9	40	24	20	2	12	46	38	15	32	15	9	17	0	42	44	37	43	43	4	31	17	48	28	1	22	49	15	17	31	19	27	36	17
5	48	44	41	22	19	43	31	40	14	20	32	31	48	42	5	34	16	8	6	46	34	30	25	31	26	35	17	7	28	0	44	26	25	1	9	30	36	15	1	25	3	29	29	2	6	44	31	4	26
13	27	39	4	41	10	16	31	8	49	1	47	31	33	49	18	1	30	37	12	7	43	4	49	16	20	32	33	11	36	18	0	21	36	29	46	23	35	1	16	9	39	11	38	34	13	13	49	29	37
44	1	12	4	37	43	13	5	25	39	50	1	29	41	35	39	34	13	11	26	5	17	40	49	19	36	26	22	40	42	7	30	0	25	46	35	10	34	23	32	1	32	1	45	47	24	47	46	4	46
7	31	18	24	38	2	8	15	4	4	30	30	24	44	36	27	22	22	11	9	39	40	44	43	4	26	21	9	31	49	31	27	35	0	10	43	37	32	11	50	14	42	49	35	1	25	24	36	12	6
21	33	8	11	45	11	38	12	22	8	48	38	45	21	12	1	1	40	7	50	9	35	25	49	50	34	48	46	49	46	29	41	21	12	0	16	3	4	22	8	38	40	44	13	46	50	22	15	4	14
50	1	12	4	3	32	43	21	39	22	19	12	34	41	42	33	28	33	8	48	21	18	7	47	39	39	13	30	7	46	48	5	13	38	5	0	35	14	3	15	18	1	44	32	38	15	36	20	45	10
24	27	45	2	16	38	3	46	31	12	19	48	44	16	7	39	39	22	12	26	49	26	5	11	8	9	14	41	44	16	7	40	44	41	44	18	0	20	23	5	7	30	31	11	24	8	24	10	33	34
21	34	47	31	15	29	17	16	20	50	30	10	5	39	15	22	10	2	1	13	14	35	41	26	10	1	36	43	11	17	40	27	11	23	17	9	44	0	50	2	31	3	14	47	36	19	19	16	15	44
34	7	16	34	42	40	27	15	28	17	2	5	19	36	49	42	38	10	37	41	10	19	27	28	35	18	44	17	11	28	2	8	16	20	23	39	43	3	0	5	22	10	14	9	44	43	27	46	44	42
25	39	3	7	8	16	40	30	19	47	49	44	38	41	2	25	13	46	19	26	17	21	23	40	9	17	24	20	26	14	7	3	23	20	24	41	13	32	6	0	4	38	48	23	28	45	17	43	14	14
30	49	20	32	40	32	2	10	44	49	11	13	3	32	23	41	16	49	9	29	22	5	43	31	33	38	9	47	47	17	21	14	9	17	9	39	38	14	17	39	0	1	29	38	39	10	20	34	50	29
2	15	21	11	2	25	23	8	36	41	20	41	45	24	47	44	14	26	42	25	5	39	36	37	47	6	16	26	17	6	34	28	46	3	8	24	9	16	47	47	27	0	23	35	41	48	20	42	6	18
42	26	20	11	29	42	40	36	22	12	34	44	40	22	24	32	43	45	33	42	1	37	11	6	49	15	50	47	11	31	1	44	31	11	39	30	47	47	15	1	2	30	0	33	2	8	26	37	19	19
35	33	28	10	16	1	42	20	24	23	2	23	17	26	21	50	34	31	19	38	1	14	19	23	24	17	36	19	25	4	50	37	50	22	5	37	6	39	37	11	28	5	21	0	38	50	50	5	20	17
15	11	35	34	46	14	11	32	4	22	38	1	11	19	16	12	3	35	1	43	43	21	30	12	21	47	10	5	17	31	48	28	50	15	38	17	13	11	39	42	14	14	35	7	0	26	48	4	35	46
34	16	33	39	28	10	38	20	5	29	11	48	14	37	43	1	46	28	11	39	42	4	21	20	31	6	38	44	18	49	40	44	44	12	32	40	6	49	19	48	46	11	35	39	50	0	3	7	43	1
25	18	49	42	30	50	24	26	49	33	8	4	19	30	21	36	48	18	15	10	42	4	43	30	9	39	36	2	45	40	1	4	12	20	29	17	26	9	30	49	21	11	43	6	46	44	0	22	5	21
13	4	24	2	39	20	3	19	29	10	20	17	39	31	12	35	45	19	33	14	30	48	34	30	34	43	15	20	10	3	39	50	2	43	11	14	13	13	1	18	37	1	39	3	22	13	1	0	27	47
37	6	12	26	9	1	18	3	11	1	5	41	10	11	50	29	45	17	14	44	40	34	10	13	40	38	20	3	47	17	44	30	15	32	21	15	27	33	29	13	35	36	1	35	28	14	18	28	0	29
3	31	38	2	19	34	4	14	50	34	15	43	8	35	13	50	21	25	47	14	45	5	35	37	27	33	14	47	29	22	38	39	43	21	47	14	6	8	42	20	41	44	36	42	15	30	11	48	14	0
23	3	17	50	11	24	39	9	39	4	17	45	38	7	49	25	45	9	20	34	43	49	27	17	34	36	39	19	37	23	42	13	18	28	13	22	37	15	34	43	50	20	3	36	14	36	50	8	23	23
0	34	35	38	9	47	15	27	42	26	49	45	35	19	26	43	28	27	2	19	8	15	44	19	6	33	5	32	43	35	20	1	46	22	38	22	10	40	41	35	18	41	5	38	27	23	27	23	50	2
14	0	13	18	49	21	38	7	29	21	33	27	42	2	29	17	5	2	28	17	35	3	13	13	31	6	17	29	48	44	24	48	8	14	44	37	19	29	21	21	14	30	36	17	50	38	47	22	35	12
18	25	0	23	26	12	1	16	28	9	29	24	8	47	27	45	8	37	50	23	44	40	17	28	41	2	32	1	24	46	28	14	30	30	43	27	2	17	5	12	40	41	7	33	45	20	16	26	11	35
19	30	16	0	18	27	8	14	9	49	2	1	26	29	31	28	37	19	27	47	7	7	38	27	34	22	6	10	22	15	45	30	16	32	48	47	11	26	49	39	16	38	1	24	36	9	35	21	36	29
15	2	25	3	0	6	8	21	20	47	24	46	29	43	17	24	44	17	9	10	30	50	14	3	7	49	1	30	49	42	5	50	22	41	13	38	2	41	21	39	3	6	31	24	1	26	25	41	6	50
38	16	48	50	20	0	30	29	23	27	45	33	13	48	33	15	35	8	8	29	28	33	40	15	19	46	9	43	49	14	17	8	10	39	7	50	17	32	34	44	30	31	20	4	46	36	31	16	3	35
26	19	8	26	16	11	0	50	42	27	5	48	7	4	27	22	33	30	13	38	14	14	12	27	35	1	6	49	5	19	27	33	6	22	26	41	42	15	21	47	33	24	14	25	33	26	37	2	31	8
38	27	42	35	6	46	29	0	6	23	5	14	15	8	22	20	37	45	22	31	24	10	7	28	12	30	26	47	43	1	48	1	41	28	16	3	32	4	7	40	5	34	25	31	47	44	34	19	48	13
31	37	42	24	15	13	25	6	0	20	5	48	31	49	2	23	30	36	40	49	12	17	20	16	18	17	2	49	16	24	5	41	42	40	2	46	50	15	21	17	39	49	44	35	34	10	11	39	19	6
41	49	48	10	45	35	45	31	19	0	2	10	14	25	32	2	45	25	20	31	38	9	1	39	21	11	20	33	48	16	50	39	42	37	43	21	39	9	29	26	46	35	49	36	7	32	43	39	48	21
45	26	7	28	34	50	4	6	12	7	0	7	36	34	7	17	22	41	32	6	28	18	36	29	30	24	26	17	24	15	32	21	5	33	14	3	17	38	5	14	4	30	50	36	48	40	15	6	20	32
46	36	36	9	48	30	41	20	3	21	49	0	12	23	4	28	6	14	26	29	7	4	36	40	22	22	22	36	3	43	24	8	38	11	36	3	15	28	14	29	6	15	39	11	35	13	3	37	15	37
2	33	8	39	4	36	38	48	18	32	15	18	0	47	14	2	36	31	27	15	8	20	7	34	28	23	13	5	9	48	19	38	11	39	6	31	10	32	49	18	50	44	14	22	40	30	33	45	39	41
35	29	17	4	7	9	42	50	10	31	20	3	9	0	46	38	7	34	42	24	37	48	18	5	9	13	31	34	40	19	42	46	44	2	37	6	47	30	15	44	34	33	48	29	11	21	39	41	8	31
48	5	44	28	31	20	33	34	10	33	29	17	27	35	0	5	18	11	35	31	32	41	8	35	33	1	16	46	48	34	29	4	15	47	33	14	28	9	42	10	41	38	6	8	37	2	33	15	21	29
11	18	40	14	36	26	22	18	39	42	32	24	3	34	29	0	41	40	35	42	31	28	7	41	32	16	2	23	4	3	3	14	30	18	48	21	23	4	13	27	12	17	35	47	39	41	21	39	18	10
40	5	50	41	45	9	40	33	41	22	11	33	48	28	13	37	0	20	4	36	7	33	5	23	6	31	21	35	9	16	31	20	25	18	43	26	34	15	8	48	14	26	29	10	38	1	16	12	38	47
49	50	47	30	34	11	32	14	32	22	30	8	30	9	31	42	37	0	24	47	1	4	39	35	26	23	25	50	28	44	7	1	29	44	22	29	49	39	49	4	49	34	40	43	14	9	36	26	46	12
4	23	34	17	2	25	26	45	32	2	13	25	23	49	12	28	43	32	0	37	48	27	14	47	49	35	5	14	34	25	21	32	17	8	24	40	38	10	11	40	1	5	25	21	2	26	22	32	17	27
43	2	24	17	1	29	4	15	14	39	6	21	33	38	13	5	37	43	5	0	22	22	23	40	38	27	40	24	26	49	19	22	36	5	17	37	34	49	20	38	35	29	17	2	43	46	38	28	5	5
32	5	27	7	25	16	9	25	6	37	39	15	43	14	38	24	5	24	7	35	0	32	5	49	40	14	28	29	14	35	24	45	5	46	40	31	18	9	6	35	22	31	42	44	19	34	47	20	24	8
49	50	26	32	32	45	5	24	8	12	38	29	50	32	32	45	18	47	7	26	12	0	8	8	30	18	29	18	28	7	21	36	12	49	31	21	1	49	1	33	38	39	27	1	22	45	10	50	1	38
30	36	45	24	31	6	35	38	32	21	11	14	43	45	40	28	22	50	31	1	5	22	0	30	11	1	49	11	22	36	8	37	27	5	33	50	3	30	8	40	2	4	18	44	8	11	41	33	9	47
23	32	37	11	11	28	42	22	33	35	36	24	38	42	32	4	43	40	8	47	23	12	7	0	4	5	41	4	26	12	12	6	28	28	42	36	36	21	46	17	19	37	27	9	13	30	9	30	16	42
40	46	28	14	31	8	42	36	12	26	47	5	31	33	4	24	34	31	3	27	49	34	18	31	0	39	47	33	8	22	23	1	23	6	8	35	36	18	15	4	48	3	13	12	39	14	35	4	5	21
36	33	13	29	35	2	7	32	32	4	1	17	37	39	50	26	35	34	27	44	12	22	37	33	19	0	14	6	30	47	11	14	8	22	16	9	10	7	46	42	48	10	38	32	44	22	44	41	46	13
15	35	21	2	20	37	42	33	10	12	17	29	19	41	9	43	21	47	44	39	25	43	35	11	2	16	0	46	16	4	37	11	37	41	33	26	23	12	17	50	7	31	40	19	4	37	42	3	40	29
29	20	18	50	37	28	33	9	2	6	16	35	11	13	31	1	49	49	26	15	10	10	19	39	20	31	49	0	3	32	41	8	50	6	6	24	37	12	35	48	13	1	21	18	16	20	10	35	23	38
49	41	32	8	31	33	14	14	39	43	28	31	39	38	31	36	32	35	15	46	35	13	3	2	27	12	5	43	0	38	31	1	2	3	48	16	14	50	50	33	4	2	47	33	12	1	42	19	14	36
35	21	22	10	35	50	1	41	48	48	26	15	50	27	16	18	7	50	16	33	28	6	29	11	29	47	49	29	16	0	44	37	33	8	44	49	48	31	8	7	50	7	22	14	12	4	40	28	49	9
32	20	27	22	24	22	33	10	32	9	22	47	14	46	17	35	24	3	8	10	6	9	4	6	46	20	25	15	32	50	0	2	18	31	29	19	34	37	27	32	11	10	33	3	23	34	5	18	13	16
2	49	17	11	2	30	2	9	29	19	9	46	27	25	43	21	24	42	14	28	25	22	10	18	12	17	45	17	16	25	6	0	22	40	31	8	50	38	22	13	8	7	24	32	4	7	35	17	15	5
48	23	35	41	35	14	30	46	23	39	12	23	16	33	38	27	30	32	3	2	40	35	18	3	15	10	45	24	13	11	10	37	0	6	21	2	22	26	44	7	4	36	8	9	37	10	4	2	23	35
20	47	28	49	34	1	47	26	38	43	38	25	18	11	21	44	18	10	47	9	37	5	50	27	16	7	28	13	23	14	12	11	8	0	8	7	40	41	26	20	31	46	4	9	27	6	44	16	25	14
48	27	37	14	27	39	17	25	36	25	46	3	29	6	12	26	29	27	17	37	27	4	38	10	41	19	40	8	36	1	22	26	6	37	0	45	19	30	9	4	13	28	29	40	39	7	40	25	14	38
18	35	5	12	47	39	6	26	3	6	10	16	15	10	41	49	29	1	22	40	16	40	16	17	2	40	27	20	20	45	49	50	45	49	3	0	36	6	20	29	47	29	27	46	35	43	13	24	7	30
19	5	33	8	45	46	44	43	4	28	47	20	38	1	14	43	4	30	49	2	50	35	50	9	41	3	28	3	33	40	25	26	13	32	43	47	0	30	16	20	18	14	33	45	33	36	46	9	50	27
3	15	36	27	31	26	47	22	30	5	44	50	7	17	19	33	26	27	14	11	4	1	19	39	11	1	31	49	3	48	39	39	30	17	16	33	45	0	44	17	19	20	26	46	49	19	1	22	35	28
43	45	9	39	1	29	47	45	15	6	1	1	9	47	48	8	17	37	8	32	22	50	37	38	48	39	45	49	24	42	46	39	30	45	29	9	39	8	0	24	2	18	23	17	33	3	17	11	5	39
32	44	13	4	43	7	2	28	43	17	23	34	8	39	27	25	12	3	14	28	9	21	16	49	49	9	21	31	48	34	44	34	35	6	12	45	5	30	3	0	16	11	24	8	32	5	40	39	6	43
5	9	18	13	1	6	38	17	23	17	12	28	34	48	41	28	2	25	32	31	4	31	2	33	37	17	28	12	18	28	1	46	28	18	37	2	14	42	1	8	0	8	33	6	29	19	5	17	12	49
39	12	3	47	38	14	48	7	35	33	37	27	40	37	18	3	24	38	48	19	28	12	11	14	23	40	15	29	46	4	25	1	46	33	36	38	16	20	2	45	25	0	32	1	10	16	29	49	35	33
10	23	33	5	21	18	18	26	34	15	26	37	43	36	4	17	26	5	25	40	11	13	14	4	38	19	24	32	8	35	10	37	48	40	35	44	37	43	22	12	49	19	0	36	19	13	41	41	10	6
13	30	12	35	48	38	13	7	28	16	31	30	22	25	39	30	18	17	11	26	39	17	12	33	33	21	33	49	50	21	37	36	34	11	8	33	21	39	14	4	12	45	12	0	2	14	10	46	13	7
42	25	25	32	17	15	34	46	3	47	38	13	32	49	23	15	37	25	50	14	17	2	40	19	29	9	15	32	37	46	31	17	38	47	37	21	10	2	46	14	26	38	23	18	0	11	30	20	43	33
3	46	9	38	41	11	24	8	16	19	45	32	50	48	20	43	41	3	19	14	33	41	20	50	13	47	48	8	42	15	18	34	21	38	6	28	46	22	8	32	18	45	40	16	13	0	1	23	29	29
9	36	22	27	19	30	19	41	15	35	10	28	26	4	20	19	3	37	11	1	48	1	23	24	39	40	35	49	15	43	26	31	29	14	46	5	38	48	7	1	14	28	22	38	40	47	0	1	20	29
25	39	12	25	50	14	11	34	41	6	21	32	34	28	44	4	27	7	50	11	22	31	34	26	13	14	8	6	37	8	34	20	2	15	27	4	3	3	16	49	36	29	37	21	34	27	49	0	33	34
36	35	49	49	46	33	18	16	17	11	12	2	33	39	24	27	2	40	37	38	38	10	13	34	46	40	19	13	17	42	12	28	5	25	13	30	38	8	37	44	44	18	39	38	40	11	49	24	0	15
1	16	16	48	48	32	17	1	50	47	39	42	28	38	26	6	25	29	17	10	35	42	32	11	22	41	16	29	50	33	19	43	40	32	12	34	29	34	19	5	16	44	22	8	32	27	9	22	5	0

