6
8
3	1	2	1	1	2	4	3
5	5	1	4	2	4	3	2
1	2	2	3	4	3	3	5
4	4	5	3	4	4	2	1
3	2	4	5	3	4	5	5
2	2	4	2	1	4	2	3
39	37	41	23	31	26	25	22	22	29	29	33	29	22	17	39	19	34	15	24	35	32	25	46	26	27	50	32	48	42	16	47	46	30	29	33	36	40	37	47	21	39	26	26	36	20	46	47	21	49
16	45	19	10	33	35	23	36	27	27	39	36	17	15	43	41	19	29	42	23	19	43	50	42	44	36	27	47	19	19	42	39	32	14	22	22	33	28	22	28	49	26	48	33	30	14	45	27	37	20
20	34	20	33	31	15	50	34	40	15	18	25	15	13	50	48	15	34	30	50	43	34	20	15	33	13	11	46	25	20	49	14	45	38	19	33	26	16	44	47	33	21	48	18	29	43	49	13	11	18
37	19	39	34	43	43	39	15	12	50	40	44	16	15	47	10	39	13	45	46	34	12	45	46	40	46	39	10	34	31	41	15	49	10	37	34	12	50	49	21	16	31	39	21	19	21	31	25	27	49
23	12	16	36	41	39	13	12	40	32	16	26	14	18	43	32	11	41	49	12	31	39	13	46	38	13	49	38	14	49	40	30	11	14	22	45	32	23	15	41	34	42	42	28	42	46	15	33	36	36
14	20	32	11	34	30	47	48	18	30	41	27	33	28	11	37	50	28	31	49	28	10	50	11	18	39	45	30	40	19	16	31	30	23	20	34	29	41	26	29	14	19	50	33	48	31	34	31	31	47
32	36	38	32	21	25	44	12	39	18	13	16	32	15	22	14	14	10	24	34	46	41	10	12	20	39	50	38	35	35	50	29	35	35	18	15	35	40	38	34	29	26	18	15	15	13	35	32	34	49
26	37	33	43	48	50	15	37	22	46	30	33	37	26	38	38	43	20	33	47	14	17	39	26	16	32	35	38	48	45	21	43	25	29	45	33	11	17	31	17	13	39	29	24	29	26	30	34	39	46
1 5   
1.5 10
1
1.5
27	33	9	21	43	40	49	24	2	44	38	18	38	40	42	34	46	13	8	5	8	1	38	7	24	4	31	31	18	32	7	36	33	40	11	46	41	14	49	50	42	8	22	7	30	50	11	27	38	18
0	27	15	27	16	22	8	18	3	22	13	23	12	26	40	39	8	28	49	49	21	20	38	10	8	41	45	45	11	45	37	32	41	39	6	8	2	24	19	17	39	14	45	17	2	11	27	10	2	44
32	0	23	46	41	33	27	29	40	21	15	18	6	12	5	17	3	2	34	43	47	19	38	37	22	8	6	50	19	17	37	6	9	34	34	28	49	41	35	42	35	28	40	18	45	4	5	48	35	11
26	10	0	21	3	7	50	15	32	45	23	11	1	35	48	50	18	37	41	46	49	40	29	14	7	29	1	12	5	41	22	49	8	18	20	17	19	35	33	34	18	18	2	13	6	28	28	19	21	50
32	16	1	0	4	11	38	14	44	34	47	37	20	35	24	16	25	35	16	47	40	38	46	14	47	37	46	22	33	49	21	9	24	19	8	21	27	21	30	27	42	32	28	27	33	14	40	37	35	16
8	47	4	45	0	23	16	33	24	20	36	26	16	2	30	23	23	48	38	46	30	20	16	18	35	46	32	33	39	6	46	46	22	41	10	35	8	10	43	50	6	43	19	27	16	8	12	30	6	14
30	24	2	41	12	0	3	48	11	49	37	17	21	19	3	8	35	23	49	50	25	33	33	34	24	35	45	21	13	19	44	38	5	42	42	38	8	36	16	19	16	13	6	42	23	35	35	4	4	38
29	26	43	30	15	38	0	6	43	1	14	32	26	12	24	36	27	50	49	6	48	26	7	38	27	34	7	42	27	41	13	43	15	23	13	15	22	2	10	34	33	5	37	24	42	22	1	25	12	31
7	41	24	28	43	43	14	0	45	24	1	18	38	19	7	38	9	21	47	34	19	43	32	32	29	10	30	8	46	42	25	41	19	37	33	16	39	15	16	15	2	30	20	5	3	44	19	11	19	36
9	9	35	10	31	7	18	7	0	2	28	15	24	42	27	40	10	12	29	3	27	40	21	26	45	30	17	34	35	17	44	41	17	16	39	27	17	4	48	20	44	36	17	28	18	45	14	45	9	12
5	29	32	29	21	2	37	46	43	0	27	39	2	43	33	44	47	30	41	45	23	33	23	8	37	23	7	4	36	14	18	19	50	2	12	3	39	27	5	27	5	33	19	21	19	49	7	13	9	1
16	46	15	48	7	34	45	19	38	38	0	30	38	4	45	15	27	33	22	39	36	2	35	40	8	22	41	5	35	27	38	49	27	37	4	29	23	7	28	43	3	7	32	49	35	38	32	37	34	2
43	13	8	23	47	48	23	26	38	14	13	0	49	36	23	48	16	10	44	18	31	26	6	10	45	31	21	30	46	48	39	26	10	33	10	8	47	33	16	41	47	35	11	11	29	1	47	17	19	7
45	47	30	31	46	33	10	3	47	39	40	19	0	34	47	16	9	30	35	7	2	16	5	8	1	30	1	47	48	30	45	46	19	9	10	31	9	12	15	38	5	5	18	49	2	41	1	15	21	36
1	45	44	19	17	7	39	11	30	13	7	27	48	0	30	24	40	50	34	44	14	6	44	26	40	8	50	23	1	29	10	34	37	14	30	17	34	16	49	28	46	22	2	11	19	11	13	35	25	1
5	48	44	30	31	50	13	37	7	3	18	48	13	43	0	3	2	31	41	27	44	36	22	50	39	36	24	29	32	32	28	46	9	44	28	9	44	16	32	15	7	6	10	6	17	50	29	20	28	45
4	38	47	37	27	19	18	9	3	13	39	17	5	34	39	0	46	38	3	7	38	44	6	29	4	18	18	45	4	11	30	12	47	48	23	48	45	8	36	7	44	50	11	2	24	44	44	31	22	18
20	3	32	37	27	33	39	38	6	7	39	14	45	23	37	36	0	7	38	3	42	18	15	31	10	30	23	19	5	36	40	23	11	31	32	14	47	10	26	34	13	5	8	14	46	25	18	9	15	49
49	4	19	22	33	47	19	23	31	33	32	38	18	33	34	33	29	0	42	46	30	7	32	37	50	2	8	6	47	16	8	20	40	19	11	36	9	5	38	21	43	4	6	14	24	49	25	36	13	1
27	1	39	23	12	1	6	43	11	47	42	12	38	11	15	18	39	22	0	9	47	10	14	4	3	34	11	25	11	14	29	3	31	7	48	42	38	30	43	50	28	26	12	34	12	48	35	1	5	42
49	37	9	49	44	16	24	15	32	4	3	19	6	47	23	31	19	40	11	0	15	44	31	27	31	15	18	44	33	33	8	18	34	31	5	37	38	41	10	18	35	7	9	14	11	38	8	3	17	21
23	24	16	4	32	1	44	41	34	13	42	3	3	10	11	49	43	12	32	36	0	40	35	24	18	44	6	18	14	33	17	31	25	39	47	14	3	34	16	3	28	19	21	14	28	38	45	31	41	32
2	46	3	45	40	37	33	41	21	50	25	47	37	23	50	17	16	31	8	34	17	0	7	26	21	31	22	13	37	19	1	44	48	10	31	6	16	38	43	34	23	48	1	29	36	42	36	3	40	33
35	30	40	27	43	50	4	3	25	25	2	5	50	48	42	35	2	39	20	4	38	33	0	50	12	36	46	18	20	39	42	46	16	49	50	34	18	28	47	47	8	23	17	24	19	23	39	39	43	16
6	41	17	26	30	48	2	30	44	27	17	6	30	38	42	40	31	30	6	34	20	32	7	0	34	4	40	35	2	2	13	18	13	10	37	10	21	17	50	49	24	11	48	11	47	26	24	9	5	40
2	29	6	22	26	41	34	26	38	44	6	2	9	32	33	36	50	50	39	43	29	4	17	28	0	6	10	33	11	1	18	5	48	31	35	9	31	18	11	11	14	49	20	42	10	6	13	23	30	43
16	42	33	30	38	38	31	16	31	32	31	28	43	39	22	10	24	21	2	14	2	48	18	43	29	0	33	24	50	14	26	43	30	44	49	4	1	5	48	23	5	46	20	10	11	17	9	27	16	7
21	17	11	50	41	11	35	31	42	28	12	39	13	14	17	31	34	47	46	37	14	17	25	49	49	8	0	13	20	15	32	36	5	46	50	14	46	14	9	29	45	7	41	7	4	45	46	34	3	27
6	31	26	11	34	16	12	40	49	2	50	8	23	41	31	20	7	19	29	50	26	3	13	7	36	31	43	0	6	34	7	4	37	40	37	36	15	7	50	15	25	49	6	39	17	2	30	46	39	22
32	50	47	42	4	45	11	27	47	15	13	41	35	38	25	20	19	29	12	42	24	41	7	5	30	28	25	10	0	41	17	14	34	32	10	43	32	30	3	9	3	46	1	1	49	18	6	44	41	25
22	18	23	46	14	39	40	41	5	32	38	31	1	9	26	27	29	20	9	43	23	26	21	41	30	15	50	39	31	0	41	26	47	2	33	9	41	34	26	4	5	19	20	35	25	37	19	12	21	36
2	42	33	5	26	5	13	11	40	32	47	36	44	41	28	48	23	46	19	26	42	29	5	15	5	23	34	37	38	6	0	37	12	42	29	3	29	30	16	12	48	33	35	23	45	42	28	49	17	22
18	17	28	28	16	13	28	3	6	49	24	40	2	14	17	27	12	35	39	48	44	6	16	24	40	33	43	9	11	5	29	0	18	5	31	26	30	37	14	33	32	13	5	31	1	16	4	31	49	45
38	6	39	35	3	24	39	25	47	38	44	25	21	40	7	4	28	8	31	29	41	23	30	11	25	24	34	29	49	40	49	4	0	22	2	31	11	41	2	42	12	41	24	44	4	46	7	31	44	13
27	32	32	27	33	48	37	45	12	29	31	19	11	20	26	46	34	47	1	27	4	15	44	22	44	46	5	31	21	4	48	28	6	0	12	28	17	29	44	30	40	14	32	31	9	20	49	7	48	40
29	28	45	8	4	26	24	1	28	35	44	17	37	10	41	27	40	20	34	37	23	34	18	39	12	30	16	36	13	13	49	4	34	16	0	40	47	39	43	18	10	24	40	40	10	10	12	37	32	7
16	40	10	32	26	3	22	1	29	15	3	9	26	1	14	40	38	40	50	47	10	20	17	24	45	50	27	22	43	25	9	27	23	21	41	0	29	27	7	8	50	35	28	17	35	43	42	24	10	47
25	10	5	4	7	3	20	50	23	47	7	9	50	46	4	45	41	36	18	6	17	26	43	7	39	11	18	43	25	35	1	11	7	2	45	10	0	36	28	38	3	28	1	29	37	11	30	22	48	23
14	38	15	11	18	26	42	14	16	8	16	15	9	12	46	31	4	19	32	3	42	41	39	49	40	23	31	25	2	3	6	16	36	36	5	32	10	0	7	12	16	46	3	44	48	28	8	42	40	32
47	13	43	7	16	49	19	45	8	28	30	1	15	3	42	37	47	4	50	5	48	32	28	33	34	31	18	21	21	45	9	5	16	39	6	47	45	9	0	23	34	12	30	4	35	20	1	16	29	28
11	12	49	20	49	16	17	32	24	27	24	47	41	34	50	39	13	13	43	5	27	17	17	14	23	38	12	25	19	23	8	12	44	4	38	49	32	38	37	0	9	33	18	29	34	50	42	8	15	21
48	6	17	10	27	37	32	25	31	34	45	45	1	36	10	36	22	39	27	50	3	25	50	33	47	26	9	13	1	30	30	36	23	6	3	31	31	41	13	16	0	33	50	30	5	40	24	33	1	45
3	49	48	50	2	17	18	40	24	34	33	35	45	25	4	24	19	28	12	31	22	6	29	26	31	27	47	12	25	20	44	49	1	39	7	17	8	42	2	1	2	0	39	22	25	36	24	39	2	44
41	37	33	14	1	27	37	17	20	26	15	4	14	41	22	48	40	17	34	43	26	39	28	8	50	8	49	30	19	34	49	14	26	36	26	1	45	32	23	31	19	10	0	48	18	42	25	21	50	18
22	34	4	34	44	40	43	17	44	4	25	43	29	27	15	19	15	24	38	3	48	2	49	21	25	34	13	6	18	27	47	28	24	30	16	19	26	29	10	29	45	30	20	0	48	28	22	45	35	14
8	14	13	42	47	42	27	13	43	23	42	1	32	15	50	25	11	14	35	30	26	21	31	50	34	12	1	17	36	14	37	5	20	50	50	18	23	1	16	18	20	17	27	2	0	22	26	3	49	9
2	42	34	35	33	40	42	16	49	42	15	50	33	11	5	38	37	27	43	7	42	31	40	33	12	10	9	37	5	2	15	40	43	46	39	44	43	7	33	19	37	22	41	3	48	0	48	44	49	50
34	37	48	8	26	37	25	23	2	6	50	47	5	43	28	26	1	32	44	41	46	29	20	31	32	18	41	18	20	50	26	47	1	30	3	50	1	11	48	30	2	28	48	19	33	43	0	15	11	32
3	32	47	44	50	28	2	23	27	22	5	9	22	30	18	32	37	25	49	35	35	15	19	50	37	1	1	17	50	10	12	30	32	47	50	46	18	47	45	31	41	16	43	41	12	31	7	0	31	17
38	8	13	39	5	16	23	24	27	36	37	36	35	36	3	7	40	41	13	25	13	34	43	18	34	23	50	9	47	22	8	44	48	11	34	44	29	24	2	4	6	28	19	2	27	39	43	45	0	8
26	1	45	18	31	49	39	28	34	46	34	29	49	28	43	18	1	50	25	43	7	18	1	33	5	37	3	50	37	46	18	2	12	38	13	50	49	32	27	39	27	29	2	47	22	12	9	34	9	0
35	18	13	41	6	32	33	5	41	36	32	37	22	10	29	13	30	48	39	16	29	28	29	11	23	41	20	10	40	39	15	45	19	19	34	6	49	50	21	48	15	25	31	19	19	18	32	46	12	1
0	3	28	8	29	32	31	38	47	19	45	5	12	29	3	25	50	14	50	46	4	20	5	19	11	6	33	16	35	25	19	34	7	37	13	26	3	22	9	9	50	21	1	49	45	46	29	45	21	3
5	0	20	20	6	14	23	34	14	13	50	43	29	2	29	8	23	10	21	49	1	10	23	34	22	36	11	44	11	30	47	23	32	5	49	48	29	37	42	27	35	45	24	15	15	31	40	1	21	45
20	47	0	11	32	32	32	34	23	3	6	13	9	48	5	24	28	15	28	48	6	36	50	33	9	11	34	30	13	10	4	8	10	2	32	1	21	14	19	33	34	48	2	13	28	30	12	24	45	25
32	27	5	0	34	48	29	6	32	9	40	32	5	4	33	50	33	14	13	6	11	38	46	1	45	34	17	23	15	21	8	46	15	17	31	49	40	25	2	6	32	21	4	21	13	43	47	26	35	13
34	8	4	1	0	43	17	47	39	35	18	45	27	40	7	15	9	4	31	50	12	38	1	7	29	38	12	32	43	30	22	47	38	42	30	25	47	21	22	41	31	19	46	40	32	43	1	15	30	22
25	4	38	34	7	0	39	34	21	29	32	11	1	4	48	37	20	33	23	6	37	22	21	42	10	10	28	46	9	13	36	20	32	32	45	36	44	8	6	15	46	1	28	11	11	50	15	41	12	38
44	35	1	14	25	20	0	26	18	8	3	27	44	9	15	36	45	34	6	28	7	6	10	13	29	46	36	16	11	7	38	10	32	1	20	43	33	29	41	9	20	38	12	13	15	26	7	14	13	6
32	36	49	17	21	23	11	0	13	5	20	10	43	4	48	28	31	11	29	6	14	41	21	19	5	43	49	5	10	14	45	6	11	41	30	10	28	13	17	14	14	13	34	19	50	12	29	4	34	46
10	30	45	36	24	17	26	41	0	47	32	44	24	44	44	27	17	10	21	46	7	8	46	26	13	30	10	28	26	39	46	38	34	28	16	49	43	3	22	45	25	47	17	35	36	38	44	25	6	9
31	23	50	21	15	24	48	30	13	0	43	33	13	3	10	34	48	7	13	11	2	48	13	45	37	6	41	25	4	29	17	10	11	33	42	20	14	41	41	3	27	38	28	5	13	34	5	2	20	29
25	50	27	21	29	46	40	34	10	1	0	47	21	24	43	26	48	41	22	23	22	18	18	42	38	50	30	37	24	35	30	36	2	19	7	39	34	14	18	46	31	17	4	37	37	9	39	37	23	30
27	13	33	6	14	32	24	24	1	36	1	0	40	40	37	2	22	34	23	50	21	35	23	3	16	50	33	19	50	15	43	48	19	25	24	9	9	1	13	16	41	2	3	47	37	30	41	34	11	32
41	43	17	1	25	11	23	18	43	18	2	26	0	8	43	40	38	20	20	11	23	7	12	48	18	8	46	46	37	40	32	21	21	18	36	23	43	40	5	48	12	2	40	28	13	46	1	36	46	19
48	20	34	20	45	19	39	45	13	44	1	12	42	0	45	37	29	33	17	4	44	22	36	34	2	40	29	15	19	50	33	45	37	33	6	38	10	7	4	25	27	38	18	4	34	28	26	5	33	34
15	33	6	48	6	44	41	34	25	14	4	17	7	26	0	16	22	24	16	13	45	18	36	39	20	42	19	49	44	23	7	50	18	29	3	5	12	44	47	50	46	24	32	40	38	40	12	35	46	23
38	34	26	39	8	25	28	6	22	19	34	32	45	34	20	0	48	23	13	49	38	49	23	33	2	38	1	27	25	7	21	19	10	32	26	42	38	4	50	31	20	5	2	40	45	5	37	14	37	1
22	12	11	13	31	27	49	8	19	7	45	45	46	31	16	17	0	33	47	24	11	43	25	7	42	49	26	21	3	29	39	1	40	2	15	18	18	47	24	16	16	30	43	23	23	20	43	35	23	20
45	49	14	37	23	17	41	30	5	26	7	47	18	32	15	25	43	0	10	46	48	34	11	31	46	37	50	20	45	5	23	14	6	50	29	30	8	31	42	39	34	18	5	35	50	50	35	2	45	38
8	29	3	37	21	45	34	26	5	5	1	50	9	31	6	15	47	26	0	44	47	49	24	24	12	49	6	3	17	23	46	46	34	43	12	37	14	9	50	35	7	39	38	30	44	38	40	2	34	8
1	6	7	37	4	13	13	44	33	18	6	3	26	40	4	17	21	5	23	0	24	1	36	33	50	12	24	43	19	8	9	19	44	50	17	46	48	37	42	10	15	14	4	2	4	37	8	27	14	7
30	19	2	28	41	9	20	12	6	21	34	34	44	5	12	18	46	21	7	43	0	35	9	25	13	16	20	23	15	40	46	1	14	23	45	22	45	27	27	29	34	48	50	46	18	24	16	45	8	47
44	43	9	43	4	50	41	29	27	3	48	10	27	23	3	8	6	16	26	38	5	0	25	13	27	33	40	50	47	17	16	18	18	19	11	48	15	45	17	16	7	33	37	6	19	1	24	2	1	3
22	34	30	27	37	35	33	26	26	20	35	17	9	12	30	19	41	40	18	37	48	25	0	46	12	19	39	19	18	14	29	35	34	4	38	41	44	29	15	34	41	13	6	27	38	1	29	37	4	26
41	31	27	46	49	41	47	42	13	31	9	37	26	46	35	34	39	18	17	45	32	50	28	0	49	48	40	47	15	50	41	47	30	35	18	4	7	1	45	4	10	40	28	18	12	4	8	41	19	6
18	42	8	9	2	31	28	32	35	21	3	21	26	42	21	23	8	38	36	21	36	6	41	10	0	39	14	42	14	46	13	23	1	39	44	26	36	17	1	15	36	25	41	32	35	3	48	45	46	40
41	7	15	31	12	36	20	46	37	47	22	33	32	47	50	31	35	46	15	5	28	29	10	50	8	0	25	32	12	31	13	33	41	10	19	14	13	28	16	14	6	37	23	30	37	7	32	33	33	49
16	18	4	46	41	31	3	42	9	20	38	18	10	22	24	39	49	44	45	43	15	18	16	14	25	11	0	6	2	42	50	39	26	16	2	24	20	42	34	12	11	14	27	36	35	14	48	39	36	44
19	38	11	15	50	29	2	3	44	21	41	20	3	14	28	39	30	3	30	1	22	39	24	10	11	33	42	0	19	38	42	8	8	16	7	11	35	41	34	6	45	40	14	11	6	16	4	46	24	16
10	42	18	44	8	48	38	37	12	13	4	32	3	3	44	38	12	41	35	11	39	38	33	18	35	49	17	18	0	20	48	28	7	2	48	37	32	41	39	13	34	42	49	16	23	12	50	14	28	32
20	24	47	21	49	38	39	40	44	33	10	19	15	43	24	45	11	48	48	38	37	30	29	31	4	14	44	32	21	0	24	46	10	45	48	3	42	43	28	37	46	4	44	13	22	9	14	41	32	27
35	45	20	12	34	7	12	41	29	16	21	46	11	10	33	41	1	47	49	30	4	34	44	17	31	49	38	44	37	21	0	6	35	23	15	1	36	22	37	20	40	6	11	23	18	20	35	42	39	39
14	36	33	26	19	14	31	16	20	10	21	19	30	35	36	5	28	10	17	26	24	44	16	22	11	36	6	6	26	30	4	0	33	30	20	8	21	8	34	49	31	41	48	15	33	4	49	31	30	50
24	25	7	35	27	42	49	4	19	34	10	30	50	11	20	23	27	30	11	44	35	29	47	26	30	29	17	30	34	48	9	46	0	9	38	41	33	3	16	21	27	10	34	43	42	42	19	1	19	40
22	50	39	32	8	14	49	45	39	34	10	26	43	37	17	20	15	41	12	20	40	12	41	49	5	29	17	41	15	13	40	49	6	0	2	24	10	30	3	3	23	45	2	1	31	28	21	23	3	3
18	33	3	15	46	35	19	12	43	6	21	32	24	40	3	15	28	28	20	35	13	48	16	19	12	17	5	9	17	4	21	50	37	50	0	40	40	35	46	24	45	48	47	19	44	31	24	16	23	42
50	38	7	1	48	35	20	4	32	28	36	29	19	15	41	26	49	25	22	40	13	45	9	31	6	11	37	22	31	6	21	1	12	50	10	0	29	7	44	19	43	44	29	35	27	10	40	14	7	44
36	49	26	32	19	27	32	13	27	46	45	24	16	48	46	8	31	25	17	2	33	48	34	13	29	49	6	36	3	43	33	24	35	22	27	14	0	42	35	50	23	35	29	33	36	3	23	10	47	31
18	32	45	34	43	29	11	43	25	28	32	39	13	22	39	18	20	4	28	2	30	4	46	33	41	41	1	44	16	27	39	2	13	35	17	25	2	0	43	24	1	9	42	5	14	21	33	29	2	40
20	21	18	22	49	15	25	11	43	41	44	9	7	45	50	38	35	16	31	36	27	43	23	40	3	44	14	25	35	32	5	14	14	48	12	18	27	16	0	29	21	48	35	23	6	13	38	40	24	20
26	3	6	41	16	27	44	21	24	13	15	35	38	23	17	30	41	28	45	2	33	4	30	28	21	16	30	7	50	34	43	23	38	19	39	5	19	7	31	0	33	45	25	2	42	25	34	26	21	21
46	1	24	45	44	1	14	21	6	8	35	5	16	17	41	44	47	38	31	2	47	35	30	7	24	29	41	34	38	17	5	46	20	31	17	39	16	34	30	21	0	43	45	33	18	10	9	29	17	31
19	26	44	40	35	3	42	28	7	26	24	5	45	30	40	45	8	5	36	1	18	42	10	27	41	2	28	19	8	23	19	28	13	38	30	42	38	23	26	26	38	0	19	19	3	35	31	36	35	31
39	27	10	49	20	45	24	18	29	47	34	7	48	28	5	4	12	34	34	34	29	34	9	26	14	27	29	41	22	44	38	45	20	31	11	25	6	7	48	37	48	42	0	16	45	1	42	15	27	10
26	50	46	8	7	32	9	46	42	10	21	7	41	46	33	5	49	1	45	34	40	28	2	11	50	46	30	3	47	31	42	23	30	50	18	35	43	41	7	21	7	13	14	0	16	41	24	12	44	21
44	15	11	22	40	13	45	16	9	5	47	19	32	46	9	44	43	23	2	15	13	48	20	23	7	45	19	16	31	37	34	48	34	11	7	17	31	24	40	22	17	44	15	35	0	19	14	24	16	29
27	10	17	32	28	12	34	15	31	14	2	5	5	1	28	23	30	22	25	12	39	26	40	2	31	25	46	9	9	23	8	38	32	34	19	28	43	37	3	11	11	4	37	4	23	0	17	50	39	12
39	19	29	36	19	9	17	43	43	17	43	1	19	42	28	37	30	9	33	13	1	20	3	10	15	50	37	1	11	11	39	5	7	37	11	32	25	23	49	40	22	48	20	41	16	1	0	4	21	44
18	8	19	39	9	17	15	2	46	21	46	40	20	32	31	24	38	23	39	17	44	8	21	5	9	23	38	30	34	17	22	22	23	48	35	49	41	30	50	48	17	17	17	31	27	6	28	0	12	25
33	29	34	6	19	15	28	27	14	31	40	25	11	25	21	29	16	9	43	25	26	3	36	17	42	10	27	24	29	29	29	3	36	49	28	41	41	7	8	23	30	35	40	41	8	15	15	36	0	39
7	38	1	37	1	41	48	49	12	25	42	39	46	45	13	31	45	39	35	37	6	12	36	15	15	7	22	7	3	39	43	25	22	21	27	45	40	29	15	5	50	50	44	28	49	31	38	42	38	0
15	27	40	9	7	31	45	35	49	34	9	44	27	7	18	18	42	16	31	12	5	49	35	16	38	29	19	42	25	6	14	39	12	32	38	41	45	36	1	7	47	39	42	20	2	13	44	20	43	32
0	24	25	47	4	32	26	10	50	9	11	36	21	16	31	43	30	34	48	2	23	50	24	2	47	28	9	46	49	18	32	46	12	27	38	37	2	9	47	39	9	36	31	48	27	23	17	41	5	7
5	0	40	41	4	19	16	17	38	37	43	26	37	18	6	5	26	26	2	49	29	45	34	46	19	31	35	4	41	42	21	40	14	26	34	39	7	5	30	41	22	12	19	5	32	35	29	29	29	32
15	6	0	4	47	10	7	18	21	6	23	35	33	2	25	5	6	42	12	13	24	4	41	44	45	28	14	32	39	49	26	18	4	37	16	3	42	38	14	11	28	34	7	18	9	1	21	35	45	10
25	18	40	0	21	36	31	11	6	18	6	43	1	30	48	13	9	35	24	30	16	28	33	39	10	25	9	37	19	12	4	34	28	16	9	1	29	44	15	3	12	32	23	36	43	49	10	45	36	23
38	2	48	5	0	3	46	48	25	17	36	45	22	28	34	37	19	27	12	38	10	47	24	14	44	22	35	10	37	28	11	8	46	12	16	16	27	39	49	23	45	21	16	35	44	35	10	14	12	24
41	27	11	38	40	0	1	15	3	29	44	10	33	36	37	48	42	23	31	33	5	32	6	25	21	41	14	9	17	37	5	34	49	23	4	15	22	8	6	19	16	38	17	25	6	9	16	38	32	32
42	49	50	31	22	9	0	49	31	41	33	17	33	37	37	17	38	7	28	4	50	13	15	3	19	32	31	37	29	40	40	34	7	32	32	1	43	38	39	10	45	40	6	33	10	42	5	11	37	25
15	1	38	8	15	23	7	0	16	31	11	41	35	46	41	5	27	40	34	4	47	50	41	6	44	7	22	34	14	22	11	48	30	26	42	17	25	24	23	16	2	12	42	16	9	19	45	17	47	10
43	49	3	11	44	26	31	48	0	1	2	11	8	36	26	34	8	22	35	40	47	27	3	19	31	22	42	3	47	49	49	39	49	34	39	36	37	41	22	43	39	26	2	43	45	17	21	14	23	19
10	13	12	39	37	33	2	24	28	0	12	43	27	15	50	26	12	6	13	34	43	42	9	17	2	22	13	6	27	4	33	29	14	26	30	20	11	37	30	11	6	35	1	19	8	27	47	5	27	16
37	14	31	33	49	33	7	2	27	20	0	38	31	17	23	36	14	11	30	26	28	45	22	48	33	21	3	39	1	32	22	36	22	34	23	23	18	5	37	20	47	28	32	49	38	21	36	8	36	4
28	15	5	4	39	35	49	19	23	5	28	0	30	39	46	2	33	30	14	43	34	25	10	30	38	14	12	40	38	19	40	4	48	39	28	26	35	17	33	47	22	30	3	45	42	27	49	47	32	1
2	38	22	31	32	22	5	1	29	23	49	37	0	47	45	18	33	21	43	33	3	14	22	26	5	11	17	49	42	5	28	7	24	28	37	39	11	39	40	42	50	14	29	36	50	27	32	16	14	35
3	5	1	9	25	39	32	43	28	18	50	1	49	0	12	43	40	10	32	16	39	25	11	12	34	39	6	30	18	4	20	37	11	1	26	5	23	21	11	49	34	14	50	50	44	40	47	33	19	29
22	14	19	14	2	36	18	40	42	23	7	38	44	31	0	15	11	31	42	49	7	23	26	50	24	21	18	20	28	27	27	35	4	23	1	33	4	36	22	39	10	8	21	9	38	49	47	7	9	19
27	14	23	30	50	12	1	46	12	36	46	1	9	15	47	0	33	6	32	28	42	1	7	14	24	7	6	42	20	20	10	33	40	34	16	49	21	9	2	2	1	8	16	10	27	28	42	17	21	16
29	38	37	3	40	23	24	10	36	21	18	33	5	49	36	6	0	38	34	47	33	45	40	16	14	36	43	18	13	42	24	32	19	27	21	28	21	14	11	37	28	4	30	44	1	45	35	48	3	7
46	4	43	19	26	48	22	37	35	46	25	12	46	15	49	1	43	0	6	9	28	25	45	44	40	6	23	39	50	14	39	41	13	9	47	30	39	8	12	39	3	12	43	12	11	31	3	25	2	15
39	18	9	43	26	48	3	24	38	29	20	3	31	19	27	24	10	4	0	29	39	14	49	1	38	1	42	6	31	12	23	32	42	46	24	3	38	49	27	1	46	38	29	28	33	23	11	22	32	3
43	30	34	20	20	6	49	38	1	14	28	26	1	20	8	29	37	10	27	0	4	4	49	9	37	11	16	31	20	42	3	7	9	9	37	25	17	23	37	36	23	38	37	45	12	33	23	14	23	37
42	44	40	48	15	17	29	41	44	37	7	49	19	30	37	18	7	43	20	28	0	15	12	16	18	49	41	24	5	9	6	5	31	11	38	1	30	26	10	24	15	24	13	11	24	17	48	12	20	49
35	5	29	25	26	11	46	15	23	2	10	36	22	31	36	40	40	7	13	1	11	0	18	1	9	8	2	49	47	43	49	33	4	48	11	20	27	38	28	5	43	12	34	10	40	17	49	31	41	47
24	24	48	48	36	11	36	9	47	49	17	42	46	44	50	4	26	12	43	46	24	17	0	5	17	24	1	4	16	37	9	47	24	18	21	19	5	11	4	35	2	38	34	43	9	34	14	30	32	9
41	21	5	29	16	40	50	25	11	4	42	19	38	24	29	44	47	12	47	41	20	47	10	0	4	16	1	1	26	1	48	24	29	35	14	29	43	36	49	42	49	42	19	17	35	25	41	44	14	25
18	23	48	30	8	28	26	28	33	40	7	27	22	17	17	4	16	19	8	3	33	21	48	45	0	39	4	3	43	37	41	32	23	5	27	19	42	7	26	46	25	26	5	41	31	12	34	35	10	28
3	41	35	38	23	5	47	49	48	42	10	34	18	6	2	1	41	11	8	24	25	19	48	38	14	0	6	26	30	6	49	34	5	30	35	10	46	3	42	2	41	12	10	5	2	32	14	20	19	33
20	22	49	17	17	46	16	47	22	50	49	11	40	44	2	45	3	28	27	47	38	17	34	7	26	26	0	14	15	12	27	1	22	38	39	46	2	10	7	31	33	3	12	26	15	3	12	41	16	32
29	37	23	13	7	42	21	19	23	24	33	7	42	24	34	50	37	40	45	50	4	42	27	41	32	41	28	0	30	35	32	47	39	35	6	17	9	27	38	26	45	26	3	37	45	4	41	26	32	29
49	27	49	4	50	24	46	42	44	8	18	38	30	8	40	47	36	44	27	36	40	2	48	28	45	42	11	14	0	2	20	43	9	29	33	49	33	21	27	40	29	31	4	36	35	21	28	2	8	4
49	11	3	36	49	33	45	20	49	49	20	41	34	35	28	1	50	15	42	32	25	28	33	49	50	39	30	1	49	0	32	28	49	11	10	36	4	27	49	6	47	1	18	16	43	29	3	18	14	50
20	11	20	50	20	19	10	10	46	9	8	44	38	30	41	22	27	23	17	28	19	29	36	22	2	11	24	38	46	21	0	27	29	26	50	39	47	5	21	49	38	42	22	44	19	10	17	36	36	46
25	5	20	39	22	6	32	13	24	36	7	21	32	33	21	25	45	5	15	23	19	12	45	23	48	20	10	43	4	5	2	0	50	9	11	37	19	22	2	19	35	14	50	23	2	12	28	27	36	11
24	39	44	24	11	12	14	8	36	26	3	4	26	12	7	35	5	45	3	19	11	3	48	17	36	6	35	1	21	6	1	25	0	24	45	27	6	24	18	34	25	41	32	6	15	42	42	13	48	50
14	6	19	20	32	12	30	46	4	44	50	9	6	49	31	35	17	37	46	5	25	27	6	18	25	23	40	41	39	9	10	34	41	0	8	6	50	40	45	25	45	6	34	1	18	4	12	37	16	19
38	44	43	5	4	45	45	50	36	32	2	10	35	7	14	31	37	50	50	26	14	44	21	43	25	34	7	29	3	47	14	28	10	22	0	4	4	31	20	5	23	6	17	15	15	4	40	21	47	42
17	11	21	38	13	28	47	9	36	44	19	25	13	34	27	27	30	27	9	22	2	47	25	30	1	38	14	6	33	23	32	44	4	29	10	0	6	31	31	46	17	23	35	37	24	3	15	39	47	33
31	9	36	28	21	27	48	1	4	50	26	25	8	26	7	19	3	36	32	19	7	3	2	29	13	36	44	49	3	42	25	7	10	5	43	17	0	43	25	2	50	35	13	47	48	43	41	35	9	43
14	20	31	43	5	15	34	1	24	42	44	5	20	36	8	27	45	26	12	47	31	6	48	11	7	4	7	21	34	21	48	43	11	2	17	16	41	0	23	32	14	40	25	20	40	12	32	27	9	26
33	38	11	34	40	47	28	1	6	21	16	49	48	31	11	34	36	16	6	7	39	20	15	40	12	37	18	41	5	46	45	30	16	2	1	2	15	47	0	23	35	36	42	7	27	17	11	18	6	1
39	6	2	15	30	45	38	30	46	22	6	26	27	29	32	16	5	9	20	39	31	39	13	36	5	45	34	1	13	40	50	29	11	40	22	47	3	25	50	0	44	44	46	25	19	33	49	26	49	10
12	2	5	20	3	3	11	46	5	23	18	13	47	24	30	13	35	5	39	13	29	39	34	15	42	42	17	41	15	18	7	19	37	4	29	21	22	23	37	11	0	30	15	23	19	3	24	13	9	18
8	34	32	38	25	45	48	33	6	7	35	37	34	16	27	2	33	27	17	33	34	18	40	17	4	15	22	38	9	2	50	46	38	49	11	33	28	1	29	42	30	0	49	27	2	6	44	28	3	4
30	21	47	9	4	36	41	42	37	12	33	6	40	20	30	23	38	10	1	25	39	49	35	50	43	41	30	27	49	18	21	39	13	41	44	28	43	1	3	37	5	46	0	31	41	43	26	39	14	50
4	3	17	45	42	45	45	18	20	29	34	3	9	5	17	7	40	8	46	41	31	3	28	1	31	3	5	11	11	27	3	47	32	48	22	50	10	10	37	35	45	33	48	0	7	2	50	40	10	37
16	2	27	17	7	37	28	31	27	39	47	20	42	31	15	2	3	20	2	22	40	24	21	6	22	39	35	37	14	4	23	3	11	28	22	23	2	44	22	41	25	15	34	11	0	12	2	49	50	26
16	46	46	19	19	39	22	41	38	43	4	16	9	40	38	6	50	9	30	38	9	22	20	4	22	7	3	28	34	20	30	19	25	6	38	5	23	26	44	42	2	21	8	23	22	0	39	9	19	19
4	22	31	35	27	31	1	39	27	25	30	34	50	28	29	26	48	7	31	6	9	20	19	28	1	29	38	24	18	6	49	11	47	16	32	23	24	44	20	50	16	45	5	33	9	31	0	31	7	12
17	15	23	19	1	17	44	31	19	40	50	1	45	21	21	37	47	17	41	13	39	21	37	49	26	9	47	49	18	20	25	7	2	21	18	50	37	38	32	28	34	27	19	12	49	9	17	0	4	14
12	30	8	6	44	23	50	7	29	41	8	36	24	18	9	33	50	48	24	40	22	43	5	2	24	24	43	48	22	39	1	12	18	29	21	19	44	35	39	46	30	37	2	44	44	44	3	19	0	49
9	35	39	11	36	49	38	13	1	48	26	18	22	41	11	33	15	49	40	14	19	17	6	23	45	29	49	41	21	38	46	27	4	48	11	15	48	16	19	42	26	30	5	27	12	44	6	27	45	0
30	30	41	46	12	28	47	18	11	20	27	38	20	21	4	32	42	19	27	42	44	4	9	31	27	33	21	37	46	42	24	20	31	20	33	46	3	31	38	8	17	32	13	43	25	22	33	10	28	46
0	48	40	44	24	7	38	28	47	1	41	28	35	42	28	38	27	31	2	12	18	29	29	28	16	47	43	43	14	40	17	29	27	32	2	27	46	4	39	17	6	8	10	28	24	48	3	9	26	46
4	0	28	33	44	42	16	15	9	2	14	4	36	19	6	44	26	1	12	3	29	45	36	21	6	25	5	34	30	15	30	21	25	36	39	50	50	15	27	34	47	40	16	5	43	43	22	15	25	29
35	29	0	22	26	11	48	21	7	34	1	22	45	29	41	24	46	34	8	13	47	24	17	35	33	16	13	21	18	19	36	47	48	16	24	7	25	33	25	20	5	3	29	39	6	39	34	48	18	27
18	3	7	0	28	17	5	47	32	39	42	40	32	35	12	31	46	22	45	49	25	15	6	34	29	14	12	47	29	25	16	41	35	10	10	48	11	1	1	23	21	2	4	8	49	27	14	41	19	50
1	6	46	21	0	22	17	13	28	34	41	28	45	4	9	2	18	37	34	48	2	27	47	15	42	26	34	20	44	21	32	32	47	11	6	23	44	49	25	4	21	24	17	40	25	14	3	44	20	21
5	12	5	5	50	0	8	26	11	1	10	40	40	8	28	19	50	27	12	16	13	48	43	42	44	22	43	13	29	4	42	8	9	43	19	24	41	14	39	16	25	10	33	40	7	26	22	39	12	24
44	5	33	20	42	14	0	13	4	43	34	50	39	20	26	6	18	32	26	37	48	25	39	43	24	1	47	5	18	36	32	18	25	8	5	43	19	20	45	6	11	39	8	43	34	22	15	5	44	2
19	47	3	12	19	17	24	0	27	25	16	48	42	8	31	11	3	32	42	36	4	6	46	5	20	36	14	4	14	5	13	7	11	39	48	34	15	43	20	14	9	24	4	48	46	37	34	30	3	26
1	13	7	11	36	14	42	41	0	17	20	45	7	12	37	22	7	22	21	41	49	34	10	12	48	20	47	43	20	32	16	50	27	3	19	26	33	47	35	49	49	21	39	31	38	12	1	26	8	14
27	24	9	11	6	20	23	49	15	0	49	7	29	32	36	7	5	31	1	16	35	27	16	41	45	17	9	23	49	16	18	17	17	34	50	26	37	28	41	26	43	11	20	4	46	34	16	10	50	2
26	7	48	49	16	48	6	30	14	17	0	46	7	48	47	47	20	49	15	29	44	19	10	42	12	46	48	6	19	11	19	2	49	32	27	21	2	6	46	26	31	50	23	37	29	22	13	47	30	4
42	9	19	37	28	10	1	40	28	48	30	0	34	46	6	42	43	21	29	13	33	39	20	49	13	16	25	17	42	37	35	2	12	12	50	28	34	8	36	5	10	41	5	32	26	4	2	21	27	38
25	40	35	50	36	42	41	24	3	17	22	3	0	42	44	11	14	31	25	31	37	50	6	48	1	14	26	43	4	18	43	3	12	48	47	44	12	2	33	31	43	19	6	39	39	38	27	2	44	1
12	9	33	33	27	2	50	42	5	42	39	3	19	0	10	25	3	26	2	35	27	29	17	43	6	49	32	5	29	28	6	1	42	9	34	19	9	37	8	32	2	19	10	48	40	21	35	35	29	14
34	33	30	35	46	16	5	12	32	16	12	16	21	30	0	1	35	27	17	50	40	32	3	36	40	30	22	38	32	5	5	49	50	45	29	49	40	33	2	19	33	23	39	40	35	47	26	40	26	15
24	16	45	48	24	37	14	43	46	37	41	24	16	2	3	0	13	6	43	8	42	38	33	40	35	31	15	11	1	42	32	49	3	16	1	28	23	27	46	18	6	12	9	28	5	8	30	16	30	37
18	28	29	17	42	16	16	18	30	8	27	27	48	2	2	37	0	36	28	30	21	13	9	29	44	35	50	13	13	2	32	31	41	9	31	7	39	34	27	47	21	2	42	10	30	25	23	5	44	43
19	28	34	6	33	30	12	40	8	23	48	31	48	28	37	45	34	0	41	28	33	45	36	6	12	7	33	30	45	16	11	9	22	28	5	10	12	12	46	13	46	32	24	37	4	33	33	13	41	29
29	48	37	29	37	3	43	8	27	45	39	1	44	42	46	9	2	23	0	40	15	23	33	26	7	6	43	21	49	14	21	44	30	6	43	44	9	12	18	4	32	36	35	25	26	9	26	8	23	28
45	44	23	8	8	9	49	26	38	8	42	10	29	28	4	42	34	15	40	0	22	35	14	17	36	44	24	25	44	7	28	37	30	44	18	19	24	17	46	17	45	2	42	46	44	31	48	39	28	32
46	21	25	15	49	38	45	22	29	11	45	13	39	47	47	20	1	19	34	42	0	45	4	38	2	16	4	40	40	17	32	19	44	30	46	35	34	46	25	19	14	20	13	25	41	1	12	37	33	15
21	9	17	22	30	20	16	39	43	50	48	35	11	48	15	2	36	8	10	31	44	0	14	46	16	28	8	13	26	28	24	23	3	39	13	21	1	8	25	47	2	33	19	46	15	18	4	9	7	39
40	9	43	6	33	34	2	24	46	30	33	41	1	21	48	47	29	10	24	9	14	42	0	27	14	9	7	43	6	48	16	5	30	28	22	22	20	45	1	40	22	22	11	45	24	10	35	25	3	11
42	50	37	46	2	45	22	35	28	14	37	44	35	45	48	21	19	4	45	21	35	6	33	0	49	30	15	20	4	19	49	46	20	3	31	28	30	48	28	4	11	6	29	20	15	10	38	48	36	26
4	30	27	49	20	20	39	41	33	41	16	34	32	27	39	8	6	32	46	27	29	22	12	36	0	8	3	38	8	25	45	30	25	7	26	45	14	4	19	50	34	22	34	26	43	36	20	9	4	19
14	17	43	41	50	49	47	5	15	38	39	2	6	37	9	31	35	21	40	1	1	14	30	9	18	0	23	16	39	50	26	22	31	20	8	34	43	2	2	30	19	11	6	48	33	20	26	22	29	39
23	22	9	27	15	42	48	24	37	44	19	2	40	38	18	20	2	35	33	23	7	15	17	13	39	5	0	1	5	8	9	23	10	44	21	43	5	17	32	12	33	35	6	39	48	42	2	17	46	17
40	40	46	44	11	27	24	34	20	49	7	34	15	23	6	11	30	45	28	17	11	16	3	41	42	16	16	0	26	35	28	35	30	41	16	43	14	24	20	2	46	45	37	20	28	49	22	24	41	8
5	20	39	26	21	37	41	38	28	12	2	16	46	15	20	13	45	37	13	28	40	33	6	39	23	45	46	39	0	18	3	42	18	28	32	18	13	36	38	39	39	49	44	25	4	37	16	20	29	23
9	7	37	8	42	3	3	45	31	27	35	17	29	2	19	38	45	10	46	14	26	9	27	5	37	30	20	45	7	0	42	39	32	13	41	12	3	24	16	47	8	1	37	1	27	47	1	13	39	10
45	27	9	30	14	2	4	15	6	38	33	36	2	33	26	49	38	45	13	20	9	43	10	15	18	36	38	7	46	49	0	15	28	37	5	13	1	23	35	5	2	16	33	6	42	15	48	20	27	42
24	43	2	17	13	42	23	6	46	15	45	6	9	5	41	16	49	1	38	3	30	26	32	19	4	21	37	15	37	26	44	0	40	21	17	43	30	20	21	46	7	49	22	18	50	7	23	3	28	30
22	41	2	22	39	24	15	36	42	37	13	13	18	13	21	27	27	23	1	26	20	39	34	22	45	17	5	14	47	27	29	27	0	1	1	19	24	46	26	34	32	20	27	48	44	5	1	49	36	10
42	36	30	6	50	17	42	36	14	14	18	45	11	13	44	46	10	42	30	40	32	21	16	9	20	10	16	10	8	50	34	14	20	0	5	22	48	15	7	49	7	10	7	27	24	47	41	22	45	45
23	20	39	32	49	41	2	25	49	31	25	50	23	11	8	19	17	26	9	12	44	5	11	8	10	19	42	1	23	16	15	14	31	33	0	10	5	8	32	46	30	20	45	45	3	13	39	7	19	18
25	24	3	31	23	45	26	18	35	21	37	25	41	14	41	32	48	4	48	10	38	39	11	21	27	10	44	2	18	1	31	23	1	41	50	0	2	35	17	49	21	29	36	39	16	18	6	15	35	25
5	44	13	26	49	29	22	11	6	50	33	8	12	24	47	27	1	21	18	18	28	3	30	14	11	17	11	16	49	5	7	50	22	25	6	7	0	19	4	31	30	40	22	49	14	39	9	16	28	18
18	37	38	6	21	31	8	31	14	25	6	6	33	29	48	4	2	34	30	18	17	1	11	46	29	4	32	39	21	8	20	16	29	6	19	19	35	0	47	11	24	20	32	2	47	28	19	37	38	14
41	30	23	1	41	37	20	17	13	48	37	50	29	45	9	29	39	10	49	28	29	48	46	39	28	40	45	16	29	42	26	6	31	20	31	7	29	40	0	30	27	23	38	28	44	5	16	41	12	49
26	42	38	22	30	16	42	29	41	36	17	12	16	15	35	34	24	39	29	9	44	34	3	31	18	11	10	8	7	8	34	35	37	9	22	33	38	6	50	0	40	5	40	1	29	19	21	24	30	27
26	15	26	47	39	43	11	47	11	33	29	16	16	9	26	35	18	19	37	1	43	4	18	3	42	43	14	21	24	27	9	8	48	38	5	18	8	11	37	43	0	35	11	7	15	28	18	46	39	44
47	26	6	8	37	1	1	49	10	46	49	31	22	13	18	8	1	7	4	16	42	25	20	6	8	2	2	8	45	39	26	1	41	2	47	45	43	50	33	11	14	0	43	3	35	41	39	46	5	43
34	38	23	15	43	42	38	24	14	22	18	38	43	19	30	46	10	14	40	15	22	49	12	44	37	50	9	40	34	24	35	50	13	22	47	9	49	25	43	7	44	47	0	47	16	21	38	37	28	20
50	19	6	35	44	48	40	50	46	35	6	18	17	32	45	46	47	25	23	5	45	20	44	36	46	48	40	41	38	23	17	37	37	21	4	18	44	2	4	25	35	16	7	0	38	23	6	36	46	17
35	19	35	38	24	39	10	39	20	30	27	4	17	3	1	6	25	26	9	27	40	43	12	47	14	27	46	38	20	6	47	5	48	50	32	41	27	9	36	19	34	36	20	3	0	27	5	21	23	10
18	8	19	49	47	26	31	13	50	25	14	36	33	33	26	32	25	9	20	7	5	25	48	13	8	25	48	5	40	27	18	29	17	21	46	22	43	29	8	42	44	29	23	5	11	0	20	23	20	34
13	13	38	46	38	15	18	11	8	28	36	24	3	21	37	21	32	27	9	21	19	33	23	17	29	23	6	1	24	46	48	48	35	34	11	43	12	29	10	30	39	43	38	1	12	3	0	43	20	21
8	33	14	36	11	11	5	35	29	24	16	24	34	50	41	10	15	39	43	32	39	32	8	17	11	33	7	8	20	45	49	11	14	47	15	3	23	12	34	15	2	19	12	31	3	36	29	0	14	7
17	19	47	37	48	22	9	50	6	37	17	13	24	7	13	45	39	33	17	31	42	42	19	12	8	17	40	2	28	36	24	6	4	15	46	15	14	24	5	10	44	25	20	22	42	13	37	14	0	35
18	10	15	29	49	42	30	26	31	48	28	25	45	30	29	11	32	8	13	28	47	7	8	28	35	26	15	20	10	35	48	44	32	25	34	34	28	44	47	12	33	5	2	42	28	10	32	39	46	0
47	38	34	14	50	8	18	36	24	45	26	38	24	12	27	36	7	47	10	3	4	20	7	19	11	28	48	39	25	31	3	45	29	7	13	9	14	11	46	19	19	44	32	38	38	18	42	31	18	38
0	12	47	9	19	24	20	23	45	20	28	22	6	34	32	39	38	21	13	29	45	7	3	12	47	38	7	17	23	9	44	20	38	26	1	27	35	31	7	4	30	5	14	19	32	42	49	41	4	33
27	0	6	10	46	29	17	7	37	38	31	22	11	42	49	35	40	10	38	11	16	36	38	44	20	22	1	49	36	33	9	19	31	44	38	40	45	8	22	14	25	50	3	43	19	44	9	1	1	13
1	9	0	49	11	38	42	8	14	42	2	21	45	25	36	9	6	7	21	15	37	1	15	9	26	6	24	17	23	6	44	21	9	2	2	25	25	33	5	43	39	16	44	28	46	48	35	16	2	44
4	41	16	0	37	29	34	36	8	46	37	18	21	25	10	42	13	32	16	29	6	30	40	27	45	26	6	37	1	40	35	2	36	7	19	17	33	38	11	42	43	27	21	39	1	8	31	18	39	43
43	49	25	35	0	42	18	27	18	4	25	27	45	11	5	10	43	5	14	38	9	29	7	18	12	34	44	23	28	10	2	7	12	36	10	26	23	30	11	47	6	11	43	20	3	28	13	25	2	23
14	1	36	16	34	0	1	35	40	45	35	15	39	22	46	35	10	4	4	27	48	45	23	32	35	10	24	18	6	9	40	44	41	20	4	18	2	2	47	50	24	23	4	14	13	13	13	30	12	6
3	28	10	14	23	21	0	1	25	27	17	24	17	45	10	40	24	11	16	15	27	17	16	42	11	13	27	38	3	34	27	33	25	15	48	46	27	50	23	46	2	21	40	7	10	32	4	6	48	43
48	18	37	48	36	15	2	0	42	8	38	28	39	35	32	8	4	33	6	13	19	21	36	43	40	9	25	15	26	16	28	6	45	15	5	23	15	16	23	43	40	30	50	21	21	27	45	12	13	5
39	16	20	24	11	28	30	33	0	3	35	43	25	36	35	27	33	7	29	45	26	24	2	41	8	13	12	40	7	32	29	26	44	5	10	10	41	26	2	16	10	27	42	9	29	48	49	29	20	7
26	34	35	2	34	45	37	28	26	0	32	49	40	3	23	6	7	42	16	15	25	12	44	9	10	46	23	10	12	13	26	13	4	20	20	13	6	1	48	45	35	3	8	4	31	28	22	19	29	24
4	11	31	23	48	34	11	20	26	18	0	42	26	43	27	36	32	18	32	32	13	1	22	22	20	34	13	18	11	47	19	45	4	26	38	7	50	19	30	31	37	22	33	24	3	21	2	14	50	32
15	6	25	6	43	6	34	48	13	32	1	0	12	29	7	16	35	49	5	30	45	29	38	11	4	25	29	5	23	21	29	14	48	16	47	9	10	25	2	3	4	19	41	49	26	3	34	34	18	3
43	46	40	46	40	42	28	34	39	17	38	14	0	13	5	41	25	19	35	31	37	15	46	27	33	23	3	10	42	20	8	28	1	38	10	26	40	10	35	15	35	45	49	45	9	29	5	46	21	22
49	30	26	15	1	49	42	13	20	49	40	18	7	0	24	16	43	32	12	9	26	4	42	48	46	49	50	4	42	21	19	22	17	44	36	43	27	49	5	5	41	45	25	46	36	11	50	4	23	34
27	21	25	20	30	28	29	28	11	50	35	29	47	46	0	11	29	27	27	47	35	27	27	44	10	39	38	38	43	28	13	9	6	22	27	6	13	28	16	35	4	48	8	23	41	9	11	31	36	14
44	47	21	16	47	23	29	39	22	9	21	35	47	43	30	0	7	10	17	45	34	37	31	37	27	14	48	37	13	14	21	43	36	31	41	32	41	46	20	17	24	4	10	25	23	13	35	39	18	39
42	39	45	2	20	43	23	46	28	11	21	28	16	6	26	5	0	12	7	39	3	27	6	20	11	6	45	11	46	47	14	6	27	30	7	40	30	2	10	1	38	28	28	14	3	25	48	43	12	45
39	49	3	19	39	5	7	4	14	20	9	6	24	2	23	14	40	0	12	38	8	38	48	38	12	42	24	21	38	33	12	10	17	35	35	13	3	13	26	10	16	29	30	14	32	11	28	18	25	9
25	9	1	43	49	38	26	22	36	29	41	47	28	7	11	50	38	42	0	40	44	7	3	16	13	41	46	41	49	7	20	46	10	27	12	46	3	27	29	40	45	42	39	37	34	35	42	19	29	45
5	24	12	45	48	10	1	4	35	25	15	10	8	1	13	17	43	49	47	0	14	27	17	12	3	9	20	37	31	47	50	49	13	45	16	45	31	22	17	19	4	39	28	34	18	28	14	17	9	39
3	29	34	44	39	6	43	49	14	31	18	37	16	23	8	20	13	39	10	14	0	4	33	23	33	43	36	8	12	39	14	32	8	13	6	16	3	41	34	34	41	16	42	10	34	1	20	18	12	50
44	27	45	40	12	25	49	33	15	18	47	29	47	39	1	33	17	25	24	33	5	0	28	5	45	8	6	26	4	14	30	5	39	5	8	21	39	48	35	33	13	29	33	31	17	46	27	23	30	48
37	9	22	9	35	42	38	31	1	26	12	5	40	41	39	32	46	25	47	49	37	29	0	20	26	38	5	15	13	28	25	39	36	46	24	13	11	19	20	22	28	13	28	14	44	29	34	32	48	41
5	29	15	27	10	39	36	23	21	29	45	20	32	6	37	30	38	11	45	11	34	46	39	0	12	29	28	4	3	49	8	42	13	42	20	17	30	49	36	47	21	2	37	28	25	50	20	46	47	6
44	26	31	40	40	29	7	44	15	25	30	9	18	15	4	17	21	47	33	19	34	13	20	47	0	45	47	27	33	28	3	23	27	33	21	48	10	23	12	50	4	29	48	28	21	47	25	14	34	29
24	19	39	4	26	44	45	13	2	13	12	46	15	37	19	35	5	8	26	11	25	29	29	19	25	0	28	41	12	39	46	9	36	17	22	24	32	30	12	2	12	23	47	39	47	33	17	27	10	23
40	43	10	44	5	33	8	49	16	10	36	27	35	36	37	2	15	20	3	3	37	35	1	36	45	35	0	11	23	16	3	11	29	16	43	34	18	15	28	39	27	43	22	43	47	41	4	17	39	14
8	21	47	25	26	15	18	47	15	45	16	43	22	29	22	6	7	46	11	5	19	38	1	35	16	24	49	0	35	3	44	22	50	44	48	12	32	40	4	30	8	22	49	8	43	23	46	37	21	1
40	3	34	28	9	43	25	46	15	19	50	18	31	33	31	42	41	4	39	35	34	16	50	34	11	47	34	48	0	38	43	18	43	43	33	20	32	11	11	45	44	26	28	5	19	32	17	15	49	48
23	45	10	43	44	17	29	48	16	50	21	2	27	16	7	9	27	8	24	50	17	40	3	39	49	33	43	17	14	0	3	18	23	20	14	14	1	3	16	46	9	1	13	27	16	18	2	41	50	20
26	23	27	18	16	45	49	5	2	39	15	25	3	39	25	14	40	12	1	50	12	35	44	48	46	41	43	2	12	9	0	24	38	45	8	4	49	21	47	25	31	30	33	7	24	7	13	42	32	7
15	27	1	38	46	6	33	10	22	32	17	16	14	42	19	31	46	30	36	14	39	33	44	23	49	1	42	28	30	12	46	0	42	29	2	27	18	38	16	24	38	31	19	10	25	35	7	46	48	48
25	13	23	49	12	33	46	48	10	8	25	49	2	20	42	8	30	18	35	20	43	32	29	16	40	31	35	17	46	36	4	8	0	48	30	21	50	12	33	3	5	18	6	17	48	10	13	25	30	35
43	5	44	36	36	46	24	17	7	30	17	42	36	47	36	34	1	48	15	43	17	39	6	5	28	39	31	29	38	50	22	5	49	0	14	17	5	45	34	41	34	18	49	26	29	21	43	19	26	49
30	24	36	29	33	35	4	21	1	49	32	17	4	30	6	11	28	29	8	3	36	10	50	37	42	34	22	26	31	49	33	17	19	39	0	45	27	11	5	44	17	48	41	32	28	4	24	26	44	22
45	41	32	49	27	39	3	33	35	44	24	27	18	9	42	22	28	35	6	13	37	23	34	50	37	28	17	48	26	48	21	15	17	46	50	0	35	44	45	41	8	11	28	3	9	47	27	49	13	47
38	14	2	3	26	27	41	22	33	42	1	17	39	40	46	5	20	37	46	23	31	21	44	34	31	1	18	49	3	24	14	29	30	14	3	35	0	14	9	23	11	28	3	45	2	26	50	47	39	32
27	6	2	3	3	47	2	10	26	44	19	49	45	3	19	37	36	22	24	17	48	8	8	43	28	45	48	28	22	37	46	34	13	38	1	22	47	0	47	38	30	42	32	48	8	30	29	41	17	49
17	4	50	6	4	15	30	22	50	24	22	30	31	17	2	39	17	5	7	3	3	22	40	33	6	46	15	8	17	50	13	48	32	34	22	17	9	38	0	39	29	8	40	32	15	34	5	40	18	25
39	10	48	25	10	42	35	43	34	17	31	25	22	25	10	49	39	17	2	46	45	46	1	18	18	47	37	11	40	9	27	18	18	1	12	20	50	4	6	0	33	16	33	3	3	22	48	18	12	1
3	3	12	40	50	3	17	29	21	41	28	30	47	18	37	22	36	1	26	5	29	22	49	19	12	19	50	29	15	46	18	29	14	30	3	16	30	28	48	49	0	42	24	13	32	8	46	40	18	48
34	33	27	16	10	25	43	9	25	17	30	47	32	3	32	42	38	32	2	48	49	35	39	45	30	45	25	10	43	4	6	43	38	42	27	1	30	36	32	8	19	0	2	38	29	31	43	20	41	33
19	2	27	16	20	40	24	25	36	7	50	1	20	19	27	9	24	21	32	41	48	2	18	34	22	36	4	15	47	24	34	45	41	23	17	24	3	39	1	5	27	33	0	28	11	46	19	7	37	28
45	10	26	19	40	6	5	17	23	44	18	2	22	34	6	21	8	5	32	20	27	8	47	50	20	29	33	13	12	12	6	33	10	43	33	40	44	7	16	42	24	6	40	0	20	32	38	25	27	39
17	10	22	39	43	43	28	22	22	45	43	39	23	44	36	5	36	21	13	11	16	17	22	27	9	8	32	3	4	30	17	11	34	49	14	33	18	49	13	32	48	49	34	25	0	29	42	36	21	4
26	31	50	34	40	30	45	4	28	5	24	40	43	13	40	43	22	23	1	39	27	16	20	24	14	3	34	13	12	17	30	24	16	27	13	8	48	5	47	2	43	45	47	3	39	0	2	41	42	15
19	26	14	4	34	42	11	26	36	49	50	49	41	40	1	24	7	22	46	40	4	45	47	16	43	45	14	21	47	16	22	7	28	47	3	17	48	18	44	14	14	25	30	44	29	20	0	22	26	31
26	22	35	25	18	11	29	20	8	24	27	48	32	13	26	10	50	23	20	24	12	37	6	34	34	14	1	49	44	47	40	20	31	13	13	27	7	42	21	11	41	34	28	40	27	32	36	0	15	6
19	3	17	38	37	40	38	32	20	30	34	5	19	12	7	15	4	43	16	19	20	30	36	13	20	5	11	46	16	44	31	11	15	49	49	37	24	33	46	5	34	31	8	13	21	48	23	15	0	15
25	26	30	45	8	30	21	39	46	37	12	15	25	7	24	49	15	6	40	42	44	30	48	13	47	24	5	10	6	41	2	49	45	46	35	19	24	20	39	1	5	27	36	39	45	11	29	1	40	0
13	12	32	49	11	36	41	32	37	23	46	6	34	41	6	40	5	6	44	11	6	37	9	24	21	6	19	15	24	22	2	22	5	49	9	16	38	25	9	46	13	21	36	44	28	5	38	46	11	29
0	50	29	17	27	27	30	42	21	4	5	42	14	10	32	28	31	38	4	5	18	28	36	45	28	14	4	19	24	5	16	24	16	34	22	20	23	19	35	49	46	24	32	11	18	29	32	4	35	38
50	0	36	11	29	2	8	20	50	29	29	45	13	15	4	23	44	43	40	19	47	37	35	20	13	33	25	13	31	47	50	17	3	40	30	25	30	38	42	32	10	26	24	36	13	37	17	14	33	32
32	26	0	25	32	3	39	48	24	22	43	26	44	38	37	36	5	15	14	5	25	43	21	2	4	6	10	41	17	22	49	10	14	46	2	43	28	48	2	38	22	49	32	30	17	32	4	19	36	17
35	48	27	0	22	3	50	25	40	23	41	47	25	4	16	46	26	12	18	44	13	37	13	45	24	23	33	38	20	30	2	27	39	49	18	8	7	15	21	38	16	12	34	36	2	43	15	46	4	36
15	43	38	23	0	6	12	29	4	25	13	25	50	47	5	32	45	30	1	36	15	37	9	44	30	11	33	10	37	28	20	18	20	32	43	6	31	44	4	39	3	29	45	11	36	10	35	30	39	14
2	8	39	17	43	0	44	14	36	39	50	3	39	24	19	13	8	45	31	41	3	23	46	18	47	31	34	1	30	46	19	40	21	31	7	2	20	34	44	8	32	33	48	12	2	18	4	41	38	2
50	1	42	38	35	4	0	37	15	28	44	42	50	40	16	13	3	19	26	20	32	16	14	3	12	45	45	33	38	48	17	10	37	17	17	50	30	19	1	42	2	6	20	23	7	44	28	17	1	25
34	9	3	45	36	16	30	0	2	34	23	6	10	40	1	8	36	39	44	19	40	7	10	14	6	1	7	25	38	8	23	3	45	48	14	10	49	6	14	3	11	7	31	8	18	20	30	24	26	49
33	16	41	42	26	28	16	29	0	9	17	4	18	28	18	18	31	1	38	3	49	40	14	41	22	16	49	1	42	40	29	34	44	23	18	16	39	3	26	32	28	44	15	38	21	21	42	3	28	26
7	45	26	48	16	44	36	36	9	0	7	7	42	43	31	34	42	10	17	50	2	34	22	31	39	30	45	22	6	2	16	16	23	15	13	43	36	24	3	18	10	24	33	2	11	39	37	6	38	27
31	4	20	32	29	1	19	44	49	38	0	15	48	37	1	13	4	13	35	34	24	41	32	41	45	26	43	44	38	16	44	46	37	11	34	1	34	45	31	39	11	11	44	36	36	1	34	34	8	27
38	49	46	24	5	36	25	49	44	33	46	0	34	28	39	23	33	39	9	45	11	3	13	1	13	22	11	21	26	37	13	15	33	4	11	49	12	27	17	2	49	40	39	16	7	34	13	40	6	6
28	8	6	8	11	36	9	44	26	3	9	6	0	34	22	22	34	42	50	8	16	22	28	41	1	13	40	4	17	1	15	33	43	18	32	16	6	6	40	28	3	31	23	19	23	23	14	48	23	46
22	1	40	23	15	38	37	15	34	17	9	12	49	0	43	15	24	33	28	15	21	21	29	27	2	14	29	25	37	13	4	33	40	48	22	36	10	11	37	22	46	44	30	21	19	5	12	48	5	23
40	7	26	24	35	49	50	25	22	30	37	47	27	35	0	33	17	17	42	35	45	5	7	24	3	15	48	24	37	45	40	35	43	8	30	47	11	6	34	42	15	45	5	39	37	3	17	47	34	40
17	25	44	7	5	7	9	47	24	10	36	7	48	17	12	0	38	22	35	22	44	14	31	30	21	42	40	14	13	4	3	23	44	47	8	15	27	16	48	41	28	3	29	49	33	21	23	39	30	16
40	26	1	7	21	2	39	2	15	28	44	1	48	41	40	43	0	27	31	34	45	3	9	17	36	24	38	3	1	41	26	21	9	12	20	36	42	25	48	4	37	39	7	41	22	37	48	23	1	18
8	45	37	48	25	35	40	37	10	15	24	42	36	40	3	4	50	0	8	46	7	29	17	35	6	47	3	41	6	22	35	28	25	18	37	4	7	39	21	13	19	49	7	50	27	42	13	38	19	22
5	47	27	30	4	10	38	11	2	34	21	20	27	15	38	18	48	24	0	46	18	44	12	48	50	26	14	46	43	15	7	7	36	28	17	19	1	34	6	40	22	16	11	33	12	49	10	36	50	36
2	26	28	22	17	40	40	14	33	33	27	5	7	11	22	24	16	43	8	0	4	3	42	29	37	43	27	26	42	1	28	41	35	19	31	24	10	13	15	4	35	40	39	31	39	19	30	38	9	11
36	21	6	25	12	3	32	17	45	33	37	28	17	31	20	2	27	26	28	25	0	33	34	50	41	36	3	4	7	31	47	40	25	7	27	12	17	16	9	12	41	28	28	11	25	21	43	20	11	36
40	11	25	2	45	44	22	42	8	34	6	44	46	10	30	2	16	16	21	19	20	0	44	37	48	17	19	50	26	31	5	19	12	22	36	10	33	37	24	34	26	18	36	48	11	13	10	28	16	19
13	9	3	17	5	18	16	1	43	44	25	42	22	33	30	41	18	31	27	50	6	21	0	35	28	13	21	17	21	11	18	30	27	28	28	6	18	18	27	26	42	24	47	27	40	43	36	11	36	44
24	30	43	37	7	43	34	22	9	25	35	6	16	28	27	42	39	39	30	3	9	30	43	0	21	50	32	20	20	40	27	36	29	7	10	33	47	32	41	1	4	43	36	45	19	25	22	36	47	31
10	22	11	16	33	38	47	15	16	1	40	19	18	44	28	10	32	23	31	9	40	45	5	1	0	30	48	50	46	9	36	37	10	2	36	5	47	28	12	8	11	15	3	30	24	15	16	15	38	12
2	7	32	20	40	49	11	35	43	7	2	14	23	48	34	30	16	36	20	44	48	13	37	12	22	0	44	9	5	50	20	40	21	2	14	28	50	22	7	26	43	13	12	45	2	6	34	49	34	1
1	34	9	33	32	33	6	7	11	6	12	10	9	13	15	39	33	6	29	39	28	26	17	41	27	40	0	20	47	21	38	26	28	20	28	11	8	16	19	32	5	8	15	13	16	9	33	26	27	14
3	48	8	18	5	28	24	11	39	23	4	15	18	18	2	50	43	37	45	2	11	40	27	6	11	42	6	0	20	20	49	13	3	12	49	23	22	36	5	19	32	50	20	27	21	25	42	44	24	3
22	33	13	16	26	18	46	34	41	24	37	26	8	34	18	34	17	44	36	6	48	4	45	18	19	2	30	28	0	33	8	9	32	38	4	44	40	46	14	5	10	48	24	15	40	27	36	31	32	26
14	23	27	45	24	6	43	41	2	30	32	11	29	7	5	4	5	27	48	13	50	18	2	15	12	7	48	17	26	0	3	1	41	27	10	40	18	15	48	3	17	13	6	38	33	41	4	48	41	47
26	14	23	8	2	32	13	36	31	39	18	17	39	30	47	46	45	10	16	39	45	15	11	15	11	45	32	19	45	46	0	46	26	6	10	50	28	11	40	41	46	8	27	19	1	20	13	13	9	35
50	14	7	33	40	38	47	46	21	22	46	30	2	48	34	43	22	15	24	36	35	26	18	15	17	43	1	46	50	50	22	0	10	17	33	34	46	34	3	38	49	23	12	47	35	39	15	12	47	47
23	6	7	26	3	32	7	13	20	29	16	3	28	22	28	37	26	25	38	35	17	48	42	26	18	31	12	48	20	28	33	18	0	8	16	2	36	10	43	38	32	39	11	24	27	47	2	12	37	44
22	21	14	39	13	6	4	40	30	4	19	36	41	5	27	15	42	4	37	49	50	29	12	46	46	8	20	21	20	38	28	35	22	0	44	41	47	44	11	2	13	44	25	31	37	41	24	28	10	28
50	34	44	39	6	44	1	6	49	23	29	21	22	32	5	30	1	10	16	13	3	8	45	29	27	31	28	38	23	13	11	17	12	35	0	32	41	5	8	7	36	17	8	39	11	37	42	45	23	40
32	18	4	15	11	40	18	35	15	17	21	11	19	49	38	23	49	19	12	26	28	37	43	15	21	35	4	19	41	28	39	5	8	15	46	0	8	23	19	29	31	40	13	31	13	2	46	9	3	8
8	39	17	8	37	8	36	30	16	20	36	9	24	39	19	8	33	30	12	47	39	6	42	13	49	6	31	22	47	9	25	33	37	6	8	46	0	50	49	47	14	41	5	26	17	17	13	30	5	27
39	5	17	43	19	9	33	40	47	45	8	45	27	9	21	41	34	47	14	16	9	8	42	35	8	32	23	50	42	6	49	13	5	44	2	50	17	0	37	48	35	41	15	33	1	18	6	46	15	7
50	43	48	26	41	47	42	28	10	22	45	8	27	47	5	16	43	2	20	10	46	4	21	17	41	3	44	30	25	2	2	13	22	41	50	40	17	11	0	44	28	26	45	33	32	42	43	29	4	12
19	37	11	32	50	37	11	7	39	46	27	13	23	10	28	5	32	21	7	42	14	32	12	14	15	5	44	28	40	16	34	45	11	10	3	6	19	13	6	0	49	4	49	49	40	22	39	26	46	19
4	6	18	45	45	3	15	9	47	3	17	13	36	26	21	3	40	37	26	20	21	14	4	13	40	28	31	34	1	47	22	33	22	13	5	35	17	7	33	46	0	30	16	28	2	13	44	31	44	14
15	17	7	16	40	41	45	3	11	30	23	18	16	46	35	10	10	4	10	4	26	2	23	25	50	26	10	12	13	18	10	3	10	37	6	23	26	9	36	10	21	0	14	33	26	31	50	14	25	5
34	9	26	28	15	14	12	10	11	1	29	4	19	30	42	39	19	48	50	3	45	8	47	27	44	44	22	29	40	15	50	29	40	29	36	26	40	28	19	18	23	44	0	25	32	3	10	8	3	28
24	38	35	46	25	49	23	29	32	19	22	12	44	7	19	50	12	48	33	45	37	32	4	26	22	24	27	10	25	18	1	17	14	14	6	5	49	39	41	18	13	38	45	0	11	42	7	8	49	39
6	30	45	42	27	27	28	1	34	36	2	39	19	10	8	3	25	50	11	49	15	6	19	36	42	25	15	33	23	41	17	47	22	29	25	39	23	13	3	7	27	11	5	20	0	5	30	17	27	49
45	29	23	41	20	16	23	1	29	2	24	36	37	27	29	39	17	4	46	12	40	39	46	20	30	30	16	2	7	29	30	50	17	44	22	41	27	10	25	28	24	46	39	37	30	0	4	37	36	10
10	12	15	23	27	37	46	42	12	23	15	18	50	9	48	15	32	48	21	44	9	2	43	15	23	46	48	48	10	2	8	35	14	39	38	23	48	5	47	33	15	24	27	16	3	48	0	11	44	11
39	48	32	48	35	17	7	38	36	14	50	34	33	5	29	32	43	50	11	17	46	22	34	19	37	30	44	48	47	4	15	11	28	48	16	24	34	4	7	31	3	16	39	14	33	39	28	0	34	31
40	24	7	15	2	13	46	25	48	9	40	27	2	20	40	48	24	39	3	14	7	41	3	33	15	20	36	17	44	49	42	14	50	39	16	32	16	21	50	49	4	44	8	8	42	45	31	26	0	29
50	11	25	30	12	36	22	21	23	36	13	30	2	42	46	22	40	15	32	19	45	47	23	29	41	47	36	28	6	29	38	29	37	6	31	26	34	34	12	45	29	10	17	48	36	20	4	28	26	0
10	40	36	1	37	15	41	34	8	6	33	28	4	41	31	42	39	8	3	20	32	8	9	12	32	37	26	42	21	32	38	21	40	4	47	3	44	14	48	26	3	13	22	9	25	12	43	37	27	42
0	23	36	26	40	37	3	6	26	29	39	40	3	16	11	19	28	15	6	47	25	34	2	16	3	50	42	24	36	18	14	21	20	33	29	45	8	50	7	12	1	46	33	14	20	18	10	7	13	10
21	0	32	8	10	50	33	1	4	9	9	8	28	35	22	32	11	20	32	31	41	15	27	34	4	26	32	31	13	8	33	7	30	35	9	36	30	32	38	16	21	41	2	42	34	44	19	11	3	25
34	10	0	26	10	27	1	39	29	49	28	23	11	33	2	4	12	26	34	42	37	14	30	15	20	30	7	7	34	19	44	30	35	38	12	46	3	41	27	3	4	7	35	44	1	34	32	11	46	27
18	19	14	0	43	30	12	7	15	13	44	30	48	21	25	36	12	44	18	20	28	9	27	36	31	41	12	5	2	17	21	46	48	43	7	19	21	18	31	3	41	14	45	33	14	17	10	7	31	10
24	34	29	9	0	10	32	35	37	38	30	6	49	12	9	43	16	35	7	31	7	35	47	17	8	10	7	19	39	34	14	24	19	13	6	45	26	27	26	31	2	19	15	35	50	44	49	7	26	8
44	33	33	35	5	0	48	18	35	42	39	12	49	33	3	6	10	33	23	13	12	12	29	35	2	28	33	26	9	19	42	6	42	24	4	46	26	25	27	8	43	20	9	13	41	14	45	32	38	9
39	11	2	22	10	3	0	20	50	13	27	21	42	23	1	12	49	19	9	45	17	47	28	34	33	2	46	39	43	38	42	47	12	34	37	21	35	6	19	10	6	29	25	28	35	47	48	5	7	20
20	14	8	44	10	26	1	0	35	8	45	21	28	16	48	47	14	24	9	42	33	1	48	15	23	6	20	24	27	40	48	31	9	26	44	21	38	44	32	9	8	47	7	28	40	2	30	7	31	32
36	27	26	40	45	45	11	29	0	46	37	21	6	5	19	5	15	31	1	42	1	7	34	5	33	20	21	5	44	50	5	18	19	13	40	34	24	24	45	40	2	31	25	5	6	40	16	35	22	40
32	8	1	50	7	26	28	14	14	0	34	21	38	39	10	40	18	11	16	16	41	40	10	48	9	1	33	50	45	22	9	25	20	24	2	11	32	32	21	30	5	5	24	39	28	19	37	15	23	30
25	44	6	3	9	21	3	49	2	4	0	8	45	23	24	14	3	13	42	8	33	30	10	28	49	16	24	28	25	25	27	9	18	42	30	26	4	34	36	50	3	30	26	3	42	17	16	13	4	16
27	48	17	34	31	21	6	35	32	47	4	0	24	33	2	5	11	50	39	23	7	13	28	18	33	42	17	47	26	44	26	37	46	4	44	25	5	1	8	40	18	48	16	38	47	11	23	49	5	39
44	50	35	35	10	22	18	8	47	5	1	25	0	44	25	11	3	14	3	39	19	15	2	14	5	10	48	45	34	1	3	40	19	34	1	19	27	22	25	36	11	37	9	8	8	41	8	40	16	19
17	15	30	15	50	33	13	19	17	36	40	43	47	0	33	45	43	12	15	5	13	45	3	27	40	48	4	44	32	8	6	33	2	47	2	12	48	17	12	29	15	1	2	48	50	1	15	37	19	28
27	50	24	3	7	29	42	24	4	7	44	4	12	5	0	2	31	36	10	3	26	38	21	15	11	10	38	45	43	49	36	20	4	33	25	16	24	41	50	44	6	30	4	4	33	8	40	18	46	32
7	20	38	19	49	25	33	7	35	24	29	35	40	7	48	0	37	38	10	17	17	22	7	15	30	17	42	11	3	23	49	36	49	43	27	21	8	44	30	8	5	30	50	18	13	10	47	50	25	30
13	30	17	23	7	24	6	35	48	12	17	23	40	14	37	5	0	48	35	23	6	47	23	8	26	29	35	11	45	2	6	6	42	12	45	34	46	18	20	48	41	22	19	37	40	2	29	48	40	35
40	41	37	27	46	34	23	41	39	4	22	18	17	35	38	23	24	0	5	31	11	19	3	2	38	14	3	40	12	7	20	36	29	45	45	15	50	35	43	5	32	37	5	26	38	13	35	9	27	37
47	6	33	34	18	46	5	3	39	11	16	10	22	33	38	6	13	37	0	17	27	5	14	25	14	22	45	8	22	30	16	32	7	45	19	33	40	41	31	44	15	48	26	35	8	36	30	39	40	43
8	20	35	42	34	23	10	32	24	50	34	35	42	45	50	35	37	4	49	0	6	17	36	47	45	19	12	3	46	14	49	4	23	43	49	50	46	5	49	25	15	30	4	22	17	49	35	38	17	43
28	12	50	9	17	2	13	48	31	18	27	47	11	25	18	43	29	46	45	46	0	23	40	39	19	43	14	12	36	35	4	9	6	42	37	26	26	14	31	18	27	13	8	37	24	36	44	15	9	2
18	35	38	34	2	32	17	11	16	26	8	40	10	37	42	35	11	23	12	24	22	0	23	11	43	48	11	26	31	26	13	41	30	22	32	27	18	20	48	12	31	38	1	46	28	33	13	24	7	1
21	23	43	49	35	3	1	22	2	38	28	19	3	27	30	40	12	18	21	43	28	21	0	14	2	46	38	45	47	41	44	16	25	47	41	40	13	14	10	5	23	21	45	29	39	11	23	1	29	34
28	39	28	42	1	1	15	4	28	50	9	21	26	23	22	1	20	38	42	34	18	11	24	0	15	30	14	28	34	32	46	15	2	49	5	45	33	39	10	35	19	9	24	48	35	23	31	25	13	5
36	26	35	34	40	25	24	6	40	30	24	24	9	25	24	50	34	28	46	34	4	6	30	49	0	25	29	47	20	30	45	5	29	34	28	49	32	49	20	8	10	39	21	14	11	8	1	13	45	42
27	2	23	44	24	14	44	2	48	13	1	16	43	35	32	21	11	15	34	44	43	36	40	40	14	0	33	43	43	35	25	23	10	9	21	16	32	37	25	19	22	35	34	9	37	40	14	20	13	26
9	21	46	18	36	33	34	7	16	47	31	10	7	42	11	19	9	1	46	10	26	16	48	2	45	34	0	37	4	23	13	50	21	16	3	25	49	42	8	20	34	31	29	15	31	13	14	24	8	43
45	6	6	50	20	34	42	26	47	3	17	47	8	38	45	22	26	8	3	7	45	36	24	3	17	50	39	0	22	36	37	21	38	37	3	45	8	3	26	18	34	12	14	46	22	3	13	36	12	27
39	13	5	1	14	47	38	39	42	18	36	36	20	4	22	26	22	29	50	25	42	33	5	46	22	50	25	5	0	2	3	9	12	49	50	38	27	17	39	28	19	1	24	50	28	19	44	46	23	30
14	3	27	13	19	23	4	18	15	9	35	18	37	11	21	15	16	29	30	36	47	12	48	30	2	41	32	19	50	0	17	38	42	48	46	43	13	39	42	10	18	41	41	29	6	38	30	22	16	28
41	44	20	46	23	47	11	33	21	22	8	41	22	12	25	7	3	17	46	40	21	40	8	37	26	38	40	11	15	27	0	36	7	30	6	42	26	4	30	26	28	32	21	17	2	32	2	33	6	18
50	25	28	47	37	15	24	25	4	22	14	44	25	9	38	43	24	14	35	24	21	43	30	49	44	50	43	26	12	35	32	0	40	47	33	28	2	33	4	46	12	31	30	24	6	39	48	43	29	21
45	8	48	46	27	21	33	26	22	22	32	41	49	45	14	17	3	3	8	26	24	35	11	42	12	21	47	39	7	18	42	15	0	34	16	46	14	43	1	8	31	46	40	31	13	32	38	14	19	21
2	5	37	4	28	4	17	40	28	3	37	5	10	12	39	47	16	33	45	15	11	1	30	29	40	31	15	9	27	43	6	34	30	0	29	15	9	32	33	14	50	36	43	16	29	41	46	19	20	23
25	40	8	38	38	35	44	27	26	12	10	6	14	49	15	41	2	50	35	49	17	49	27	6	10	42	22	12	47	9	29	6	46	31	0	42	14	24	29	18	42	3	9	38	17	38	11	9	8	44
24	36	42	45	31	29	17	40	39	22	13	15	14	20	8	43	23	19	13	25	28	49	40	31	14	25	47	13	6	40	9	30	3	36	15	0	9	30	15	12	1	18	15	33	12	46	49	1	20	45
22	16	46	21	7	8	46	16	48	46	44	45	46	19	17	43	21	35	1	22	35	32	5	50	43	11	22	16	42	22	49	19	4	47	20	4	0	3	23	39	18	31	22	26	31	6	49	30	17	43
13	14	34	21	49	5	14	45	1	36	44	12	48	21	6	13	44	37	17	24	6	30	13	19	29	41	10	36	49	19	1	33	22	10	3	11	22	0	41	3	39	24	2	13	24	5	9	12	12	29
22	21	10	43	36	11	31	43	8	10	30	36	48	13	13	6	17	46	2	8	27	46	33	14	46	22	11	26	43	39	17	39	28	26	11	30	10	30	0	48	48	14	26	16	34	36	25	47	4	18
28	14	35	19	36	17	39	24	27	1	11	15	41	19	5	33	44	41	2	28	45	25	12	37	37	50	28	11	41	4	35	47	10	24	40	15	2	16	25	0	49	13	43	24	47	27	45	30	18	35
35	18	11	23	9	8	33	21	33	42	26	45	45	8	8	46	20	6	32	6	27	25	17	48	28	31	42	34	8	38	21	12	35	27	4	13	1	3	24	22	0	42	38	40	21	23	35	37	36	41
43	16	46	32	24	14	31	41	24	29	24	42	4	35	32	31	19	37	36	50	24	1	30	43	43	10	36	38	12	30	11	8	29	25	45	39	47	25	21	44	17	0	42	1	9	47	47	41	22	39
29	9	23	39	6	3	15	37	50	22	5	12	8	19	43	13	2	25	38	4	26	32	5	42	49	24	1	46	48	29	12	47	47	2	26	30	34	16	42	42	8	42	0	20	18	28	21	32	4	36
13	28	2	1	48	20	48	7	19	28	18	23	21	16	28	7	36	14	21	32	50	18	3	35	20	27	3	6	38	35	4	22	11	20	29	30	27	38	24	18	28	38	26	0	2	32	3	33	34	23
34	5	5	26	24	47	9	18	14	41	19	15	18	19	37	37	14	4	46	22	11	30	39	23	48	34	24	49	1	14	27	19	42	37	18	33	25	40	7	30	20	35	2	38	0	47	7	2	34	43
29	17	49	26	26	21	48	50	33	46	32	13	3	39	38	46	44	17	45	43	44	36	2	6	23	8	8	45	9	15	46	17	43	19	17	15	3	9	4	13	3	13	28	15	16	0	8	37	48	47
32	13	7	48	11	6	39	6	3	21	47	49	25	44	5	43	31	28	12	36	47	1	2	45	19	37	31	18	19	35	39	31	50	24	14	7	47	47	24	5	9	20	29	3	11	27	0	28	43	28
47	50	22	10	37	47	28	10	6	48	37	42	28	31	15	25	14	35	37	10	26	47	48	7	37	23	10	17	26	1	43	40	34	19	46	20	50	41	22	30	24	4	13	1	47	47	13	0	45	4
11	16	36	46	1	11	22	29	39	35	1	4	25	16	18	40	20	22	9	21	44	39	27	27	30	15	20	2	22	33	16	13	12	10	38	3	41	30	38	50	17	1	12	41	12	24	12	30	0	23
45	12	38	32	46	23	19	43	33	50	28	34	19	36	13	43	13	14	37	7	18	47	11	32	37	44	24	50	26	25	6	23	22	50	7	43	2	37	23	13	9	19	26	35	6	34	42	50	19	0
46	41	3	23	47	8	5	42	32	46	27	49	31	37	29	50	23	32	5	40	7	44	4	40	13	23	36	32	38	13	9	20	42	15	26	27	48	10	2	48	20	34	7	12	20	44	26	39	41	35
0	50	44	7	40	36	2	50	14	7	27	33	17	40	16	6	23	37	47	23	31	39	28	34	1	22	41	24	11	6	7	9	21	9	22	7	35	41	34	22	7	50	34	25	13	50	26	34	3	19
18	0	35	19	31	47	4	15	15	24	38	36	37	42	3	36	36	47	14	27	1	25	24	4	24	37	44	36	40	4	2	15	2	26	1	24	13	29	46	11	12	40	18	17	6	48	31	30	18	12
31	48	0	28	44	19	40	22	11	50	17	6	21	25	29	12	34	49	27	20	18	37	2	19	31	45	32	40	50	9	42	38	28	16	15	34	23	25	5	32	43	48	7	39	42	48	9	40	2	27
36	33	45	0	13	10	35	36	9	15	48	18	14	23	19	25	10	16	1	20	23	13	42	46	7	26	31	3	9	34	5	28	8	37	13	4	25	25	18	6	6	47	27	5	40	25	43	47	22	32
41	27	12	19	0	3	5	18	28	33	16	31	17	45	19	21	23	11	25	27	38	48	17	29	32	9	25	7	45	48	12	39	22	4	17	28	24	3	3	2	26	37	49	23	35	9	18	36	19	11
12	43	31	41	7	0	2	4	48	38	23	27	3	5	16	48	42	39	24	33	14	11	28	38	2	20	49	14	6	32	24	47	41	19	4	15	12	47	16	1	23	4	20	44	45	15	42	2	46	41
13	31	37	8	46	14	0	33	14	8	22	30	8	25	28	5	47	48	39	31	8	3	29	11	41	6	1	37	25	21	29	42	25	48	4	16	18	22	12	19	41	24	33	25	50	19	28	42	39	46
29	24	44	39	28	33	50	0	18	4	1	22	41	13	5	35	45	34	39	12	18	44	31	6	32	44	16	1	14	36	11	34	5	25	6	38	11	34	36	22	19	28	30	7	49	35	36	24	43	39
18	30	31	6	9	33	28	28	0	3	28	39	30	44	19	7	15	32	38	46	39	42	24	15	12	34	19	31	37	19	35	47	26	22	45	18	39	13	4	15	6	20	10	49	24	30	11	14	17	36
27	49	18	40	37	7	7	50	20	0	13	17	28	16	29	38	8	31	34	8	30	6	37	16	5	4	17	14	21	5	40	1	6	24	1	15	9	18	31	19	45	11	4	4	17	6	10	5	45	38
5	6	13	23	37	18	39	48	44	27	0	10	39	5	41	30	4	29	29	22	50	15	13	22	17	40	31	7	47	8	12	36	31	8	19	33	39	31	16	32	13	21	21	2	31	40	5	46	27	34
45	38	17	22	20	6	2	28	28	2	9	0	38	11	19	39	37	1	44	31	40	5	16	2	16	10	15	25	48	24	11	14	1	20	33	16	31	14	20	30	34	5	4	40	4	20	11	3	18	9
14	19	6	3	4	32	4	26	7	21	44	16	0	41	22	44	26	35	3	43	25	30	29	48	20	25	46	41	43	35	22	34	8	14	32	1	15	44	38	15	41	27	24	15	25	48	26	13	4	19
46	32	40	6	18	20	25	24	2	28	4	21	11	0	33	50	47	17	9	19	27	32	8	13	24	11	4	25	4	12	25	2	19	43	9	46	18	40	25	42	48	41	31	47	7	16	31	3	25	42
28	47	40	20	25	28	6	10	25	10	7	1	4	35	0	31	33	36	8	23	20	32	48	38	39	41	22	6	10	38	20	23	41	16	33	23	2	30	33	27	13	7	13	7	14	35	22	6	26	47
50	1	13	37	37	3	34	46	35	29	6	41	36	18	24	0	15	32	38	45	21	24	41	25	43	36	33	50	31	14	16	20	36	35	26	35	36	45	37	21	13	16	15	17	27	38	7	29	21	11
44	46	25	24	46	3	33	44	34	35	25	31	43	43	18	39	0	24	39	4	13	17	33	43	44	35	47	38	40	36	27	26	34	40	10	40	37	45	16	43	43	21	32	6	39	50	32	36	39	50
18	40	17	18	11	25	11	17	43	46	44	49	20	17	9	33	39	0	26	1	23	38	33	37	15	25	28	1	49	28	48	45	12	24	32	14	2	25	44	22	11	17	33	20	28	23	28	42	24	7
4	38	38	1	18	40	49	39	24	46	41	33	20	31	37	18	9	30	0	37	36	39	4	17	7	6	4	1	7	42	27	28	46	34	1	12	22	1	8	34	39	6	23	1	8	42	8	27	47	39
31	9	34	15	29	34	15	41	7	38	9	34	35	42	15	6	49	1	14	0	7	48	14	33	31	23	36	14	48	35	2	21	34	39	22	44	11	33	35	32	49	24	22	15	31	25	46	5	21	27
39	17	36	7	10	43	40	23	12	33	30	37	36	23	20	20	35	12	5	28	0	27	50	25	3	40	6	13	28	48	31	46	19	39	19	3	15	45	39	46	16	46	12	24	40	14	31	48	33	20
38	32	30	40	1	16	16	47	25	29	47	29	17	24	23	32	6	24	47	14	32	0	18	23	47	11	50	10	10	36	14	7	30	33	1	24	47	27	38	36	11	38	17	39	37	48	14	41	29	18
10	42	29	28	44	5	2	26	47	45	8	8	27	25	1	9	29	7	14	5	21	26	0	44	8	34	8	44	23	13	14	11	50	26	10	29	23	17	49	10	16	38	8	28	27	7	16	16	5	9
41	18	41	9	27	2	37	41	12	45	30	20	35	35	49	35	14	35	49	1	30	29	37	0	13	36	27	11	50	7	6	49	14	43	4	37	20	2	13	29	1	5	48	30	2	15	28	30	6	37
15	6	14	10	4	3	31	34	6	38	21	42	50	41	4	38	14	49	15	46	43	43	45	34	0	19	4	50	16	16	38	5	8	21	19	42	39	27	18	34	50	44	27	23	42	50	18	47	38	49
39	13	36	50	37	24	40	38	3	36	25	25	14	45	27	31	26	25	48	33	2	2	8	19	43	0	6	47	3	30	13	12	41	38	40	33	49	12	47	17	6	47	50	44	15	4	15	24	37	23
15	12	9	34	3	10	3	23	8	36	49	33	19	10	49	22	7	47	30	50	19	15	7	40	2	8	0	12	44	50	23	29	26	48	32	33	42	48	4	41	39	1	10	4	40	27	14	8	2	44
49	38	10	3	50	46	48	23	20	27	38	8	36	46	13	26	11	49	30	42	28	7	11	21	34	5	7	0	48	19	42	20	39	21	29	24	23	46	20	47	49	29	50	34	39	29	33	48	3	47
19	32	18	43	37	47	23	22	9	22	5	35	44	9	36	18	5	10	49	32	14	32	14	43	43	11	48	9	0	10	34	42	20	50	16	42	46	46	21	9	23	16	3	11	30	3	26	21	8	6
9	44	29	40	45	34	20	8	41	32	10	46	45	49	5	34	39	32	39	39	26	17	36	9	17	23	12	37	4	0	47	7	23	5	42	41	32	37	25	35	44	47	30	13	10	40	18	34	1	26
10	28	12	8	16	12	38	19	32	29	31	43	16	49	28	5	20	36	30	22	18	47	17	49	2	19	30	37	34	32	0	9	35	30	14	7	18	6	29	33	44	27	13	23	28	43	15	30	7	41
21	3	6	6	45	8	7	30	39	2	25	37	39	38	16	2	32	31	19	29	20	18	41	32	47	50	5	4	15	28	34	0	29	27	33	18	41	31	35	26	24	42	17	46	26	25	27	22	5	9
26	18	8	39	28	30	26	19	6	4	26	26	7	6	37	10	31	41	27	13	12	11	15	11	37	1	32	41	24	30	7	25	0	45	2	42	34	28	42	19	17	37	40	43	34	42	18	27	17	15
36	43	35	15	20	31	25	30	9	24	32	10	41	48	18	50	36	8	19	25	9	12	22	26	4	48	28	17	8	43	30	24	4	0	27	16	5	20	44	15	9	22	17	4	7	24	12	21	1	34
39	19	10	6	48	7	6	33	45	43	49	6	22	25	22	50	11	24	49	32	25	48	45	7	17	7	2	22	17	22	33	3	16	46	0	14	17	33	2	26	6	27	8	46	22	3	24	7	39	41
10	33	36	50	35	4	12	26	1	9	45	12	36	3	32	32	46	19	19	19	41	4	10	49	27	50	30	35	2	15	16	16	17	19	27	0	45	18	27	46	22	2	44	20	2	49	5	15	21	18
17	27	30	4	7	33	10	15	46	44	33	11	6	41	5	5	10	24	46	23	2	37	31	6	48	35	4	34	44	45	50	13	37	33	28	18	0	17	9	50	26	13	35	43	7	5	2	4	25	46
10	30	37	26	18	7	43	15	34	41	40	19	26	4	25	49	32	44	29	5	3	39	45	9	40	10	44	21	14	37	13	30	49	42	28	47	29	0	50	4	32	33	20	23	22	27	30	48	5	27
18	14	23	40	48	34	17	30	30	43	39	29	41	19	20	25	3	29	27	7	50	37	39	22	38	32	6	4	37	2	18	29	45	47	10	17	25	34	0	30	37	11	43	22	34	31	12	22	17	23
17	45	13	29	15	21	20	18	29	37	28	40	30	1	39	29	41	38	4	9	7	32	6	11	48	33	38	2	8	41	15	8	16	19	13	31	7	29	40	0	13	1	50	18	24	22	21	40	44	20
46	31	50	48	4	45	15	46	30	35	41	10	37	17	1	49	15	49	20	7	46	9	27	22	26	30	17	6	26	1	24	37	37	38	11	23	26	6	1	2	0	22	27	42	27	29	4	22	4	3
14	19	31	33	15	42	7	32	38	25	20	48	42	41	46	41	46	40	42	6	49	42	12	22	19	9	15	47	15	18	27	50	35	20	12	23	20	18	45	6	36	0	13	30	9	24	47	7	35	12
35	48	11	33	8	26	3	39	23	4	13	18	32	35	18	28	3	25	26	3	45	48	8	21	40	24	50	10	42	49	3	32	19	41	11	29	23	7	1	39	8	19	0	46	48	42	15	38	28	18
28	7	6	49	46	27	10	46	47	25	26	34	39	25	36	29	48	35	23	45	38	10	23	25	12	38	4	4	33	20	18	3	46	43	40	33	6	41	37	11	46	18	11	0	14	48	14	30	10	46
30	15	26	38	34	49	26	47	1	44	24	49	37	20	48	6	8	37	22	3	26	34	5	36	30	47	33	45	32	44	49	33	36	20	41	27	22	28	21	19	25	3	9	25	0	9	10	1	31	43
15	6	30	16	6	21	9	43	47	1	10	36	29	25	46	48	40	11	8	50	19	36	35	13	33	45	27	20	13	45	36	7	21	33	11	25	33	41	34	49	49	2	35	22	21	0	43	46	47	24
9	48	23	50	10	17	9	43	8	42	45	6	41	24	10	46	47	22	37	7	1	8	8	15	33	49	5	50	31	1	3	36	17	14	2	8	43	29	40	19	23	5	21	24	10	33	0	19	20	40
25	44	49	16	8	4	37	15	29	35	47	13	13	34	2	12	49	28	13	31	45	44	22	46	27	10	26	37	49	17	11	50	50	50	1	34	26	41	45	21	8	48	8	48	5	39	45	0	48	32
25	11	27	14	46	39	19	9	23	21	15	45	3	13	26	21	41	11	3	29	6	24	24	9	49	41	37	37	20	4	34	29	36	36	3	38	36	48	32	23	8	42	38	34	38	17	33	25	0	28
29	23	20	28	45	37	12	34	12	25	4	18	24	43	15	26	36	33	18	25	32	8	33	35	3	15	49	37	33	11	24	33	39	39	3	38	16	47	36	7	38	49	49	47	38	21	48	12	42	0

