6
2
5 1
3 1
2 1
5 3
2 3
2 3
14	22	12	32	30	11	36	31	22	15	17	38	23	14	22	38	35	18	46	47	45	23	33	23	11	41	33	34	15	39	21	19	27	39	26	25	17	20	50	46	38	29	15	42	21	42	39	41	44	18
19	49	28	46	27	20	43	49	14	30	46	38	19	47	45	29	44	49	41	37	39	25	19	29	47	32	10	22	38	17	26	15	38	22	29	16	29	24	35	49	27	39	50	33	11	25	30	22	35	36
1 5   
1.5 10
1
1.5
6	39	22	25	32	17	5	48	19	48	42	50	20	12	46	4	13	49	2	17	7	22	28	39	37	38	44	24	10	27	13	32	2	15	33	46	40	32	17	25	40	11	30	11	17	21	43	48	4	16
0	12	44	30	50	20	28	4	30	25	43	27	44	5	6	38	38	47	35	41	10	36	26	32	1	19	45	34	33	42	35	21	44	47	3	50	17	48	47	31	17	19	50	32	48	47	6	7	33	39
27	0	18	6	26	34	14	24	37	24	50	9	17	22	34	47	22	12	3	41	26	23	7	43	16	41	39	2	26	10	35	14	44	46	39	4	31	13	17	43	13	40	37	44	37	16	46	13	3	31
10	38	0	8	6	10	27	35	5	48	14	22	38	17	18	21	21	33	5	11	5	8	13	23	46	50	33	38	28	48	6	32	18	26	22	10	46	49	12	40	35	33	36	7	27	18	14	16	14	29
21	33	27	0	4	24	39	44	31	34	29	19	10	7	29	7	37	23	30	18	46	17	19	46	22	14	48	48	35	13	26	2	10	31	10	23	22	19	35	4	21	21	33	43	27	26	23	34	6	46
47	41	29	36	0	40	38	40	5	1	27	25	35	40	15	21	42	49	15	5	28	48	24	26	41	36	30	9	11	39	50	5	7	43	13	16	34	41	10	35	35	42	25	9	13	7	16	17	39	28
30	13	6	41	7	0	46	48	41	49	15	19	43	28	22	17	37	25	26	47	22	5	48	25	9	21	46	28	44	38	16	25	39	48	36	12	16	1	25	32	47	35	36	42	45	17	24	41	31	3
47	30	9	4	4	14	0	11	50	4	26	37	41	5	3	27	13	20	33	25	17	29	47	6	46	25	43	29	1	26	12	29	28	17	37	27	8	39	16	24	20	21	39	49	4	28	11	48	8	28
13	21	42	40	50	40	12	0	18	5	37	32	13	32	27	13	12	41	7	14	1	3	3	31	20	41	8	41	49	8	11	46	42	28	27	38	30	35	45	30	11	31	49	38	48	13	15	29	50	43
12	37	24	4	40	23	39	25	0	32	11	10	23	50	2	31	10	9	39	4	46	27	38	50	21	36	43	8	8	10	1	25	44	1	25	13	40	29	25	32	28	49	23	9	2	43	29	8	5	2
26	11	27	37	35	4	10	20	40	0	5	36	10	22	43	7	49	47	50	33	32	35	10	2	24	24	46	23	24	3	22	31	47	28	21	28	40	13	12	17	1	16	18	28	49	22	9	32	50	11
32	45	7	19	2	25	40	32	21	14	0	43	21	42	5	38	28	26	50	30	29	33	23	30	50	43	37	40	35	5	12	45	12	2	29	32	14	22	50	27	16	37	50	33	4	41	1	21	24	7
18	8	16	1	49	13	25	29	2	5	24	0	21	3	42	32	3	11	19	35	43	5	1	33	34	35	8	9	5	16	19	35	43	6	14	9	24	43	24	27	4	50	49	14	19	17	34	39	33	40
23	39	22	23	2	43	35	9	43	25	34	38	0	28	17	7	22	40	13	32	30	1	9	19	15	41	21	40	46	21	19	30	20	11	29	40	24	8	10	9	10	46	42	49	17	30	22	14	24	8
15	21	47	33	25	43	19	14	41	23	27	17	27	0	28	8	47	35	39	35	30	25	23	5	26	32	14	46	19	42	21	45	27	11	50	21	44	10	24	25	1	26	45	46	2	46	15	37	3	5
44	43	24	26	50	41	28	33	39	31	6	28	25	39	0	1	15	25	18	15	4	28	2	40	4	16	27	39	19	42	37	24	25	25	7	39	20	38	1	33	28	34	5	35	44	18	19	34	33	18
50	25	44	35	19	26	13	4	21	13	12	11	11	45	45	0	33	23	26	23	37	45	29	2	45	2	29	40	8	6	7	11	28	21	19	33	28	31	43	49	22	4	14	24	45	16	50	44	26	12
24	4	20	11	6	29	1	26	30	42	1	44	29	9	40	9	0	13	13	32	37	42	25	48	3	2	46	24	18	8	11	15	3	22	17	17	34	24	7	13	1	49	14	2	44	32	23	3	23	33
38	23	31	39	8	22	45	6	36	1	13	11	35	33	24	11	43	0	34	43	20	20	15	30	17	44	18	18	41	17	11	39	35	1	9	46	13	41	12	37	45	44	31	10	10	44	27	36	2	30
38	49	33	44	45	17	30	50	17	4	41	13	18	11	45	50	29	39	0	24	8	39	3	42	6	25	11	7	18	11	33	23	12	21	11	40	1	7	49	15	30	26	28	9	21	9	20	36	28	43
42	22	1	14	39	11	14	34	21	18	39	5	35	41	18	32	49	39	50	0	26	37	49	14	24	4	14	17	27	31	36	24	36	15	15	3	8	13	10	9	20	28	40	1	30	30	36	41	9	42
42	19	30	11	21	7	14	38	33	43	26	8	46	12	41	22	6	49	5	20	0	29	47	28	1	30	29	6	14	42	16	18	46	25	8	24	15	21	24	25	9	30	41	42	14	14	22	39	40	34
44	17	33	26	46	31	10	11	3	6	29	10	34	27	13	32	2	26	27	46	11	0	15	26	2	47	40	6	1	10	18	50	30	27	33	45	38	36	36	23	32	4	28	6	32	2	29	49	36	45
3	46	42	29	10	34	49	28	7	38	2	40	33	9	38	30	13	32	33	16	47	9	0	32	17	1	2	29	27	37	18	32	1	34	24	2	10	23	36	35	36	36	4	49	16	19	6	11	4	44
30	31	41	17	36	35	47	48	39	21	29	11	38	12	27	12	22	36	30	30	25	28	47	0	34	33	37	1	34	26	4	49	32	28	3	12	16	15	1	1	19	26	22	17	32	13	2	50	29	48
30	26	17	30	21	30	34	28	8	17	24	15	3	4	9	11	49	47	22	20	30	16	30	34	0	35	38	45	14	27	14	2	11	41	42	18	25	6	24	27	2	31	46	24	4	32	10	22	29	4
28	37	34	2	49	34	50	29	40	19	15	40	24	8	42	48	37	41	26	47	10	6	29	50	48	0	37	10	35	2	21	35	50	22	42	47	2	28	31	41	2	9	16	3	45	47	43	8	6	37
17	28	30	27	41	11	24	21	10	49	10	29	47	12	29	43	40	28	37	49	8	17	12	8	1	6	0	43	17	22	6	11	34	13	3	43	50	9	17	19	48	28	40	43	30	2	2	10	42	41
43	20	9	25	39	24	49	12	34	41	23	45	7	29	44	48	44	18	47	26	27	5	15	14	12	32	26	0	43	3	7	34	3	20	35	46	33	31	7	24	20	21	4	4	19	39	42	15	39	9
39	23	37	1	7	40	12	30	32	25	20	2	8	25	15	15	46	27	4	8	25	2	11	2	31	2	15	48	0	45	50	28	25	3	20	35	11	44	10	5	11	11	3	46	33	42	12	17	10	47
26	25	14	45	38	8	18	44	10	6	36	18	15	49	21	49	40	19	10	12	24	47	31	27	37	6	47	27	20	0	44	12	36	46	47	32	49	42	43	37	30	31	27	6	40	44	43	47	6	35
48	4	45	35	13	1	28	44	3	15	14	44	34	46	14	1	2	17	24	18	36	43	23	32	50	32	18	38	14	1	0	36	22	19	36	27	19	15	31	13	16	17	4	49	21	50	20	43	7	50
37	15	27	12	13	3	50	23	24	13	48	47	39	38	30	21	49	6	34	1	31	45	24	37	6	15	50	33	12	35	48	0	32	9	41	23	49	45	31	44	19	45	44	42	46	18	31	37	50	10
37	6	19	30	18	24	23	28	50	11	37	22	18	43	42	13	46	40	17	9	37	38	48	36	46	48	47	1	28	20	43	40	0	24	37	40	42	36	12	16	14	44	30	10	45	21	7	16	37	9
19	23	1	23	28	7	35	31	24	25	47	45	47	30	50	33	30	40	19	8	23	12	6	44	46	22	34	6	12	41	7	16	38	0	48	8	15	8	5	37	37	8	8	47	38	7	17	36	28	11
17	42	11	21	14	14	4	19	24	35	2	25	33	7	39	2	40	4	41	27	26	23	24	8	34	22	7	13	37	43	21	21	11	44	0	34	16	1	32	35	24	49	46	19	39	33	16	37	31	2
41	11	8	36	14	48	47	18	42	36	18	3	22	46	39	8	4	32	27	22	10	50	13	22	31	19	31	10	1	43	6	19	25	45	15	0	12	14	12	25	29	47	41	9	23	31	40	50	48	24
39	27	22	16	35	28	8	10	43	24	12	4	42	9	16	4	32	19	37	32	49	39	9	24	16	18	49	37	19	36	22	7	34	6	2	12	0	36	9	43	10	19	44	15	44	43	43	49	25	20
13	18	48	48	47	44	44	2	1	13	50	20	31	24	46	40	3	6	48	29	2	32	5	39	39	30	18	18	29	49	44	12	2	21	44	2	30	0	29	19	37	24	14	15	14	40	46	8	43	44
11	46	35	1	37	27	45	39	38	40	22	33	15	32	43	17	3	41	29	6	3	43	6	19	44	22	38	26	6	38	15	4	15	43	45	44	16	19	0	32	30	9	48	47	18	34	26	28	29	47
8	22	8	30	1	16	20	49	33	43	3	11	12	4	4	35	34	47	47	40	16	23	29	43	15	35	48	27	45	6	28	8	19	7	25	33	38	40	22	0	27	18	42	23	36	40	44	30	12	39
1	5	6	19	3	7	7	8	39	3	13	24	13	2	50	20	47	9	25	30	12	35	32	38	14	48	47	48	21	23	2	34	19	16	25	33	38	45	5	30	0	47	9	40	43	30	33	7	13	41
48	30	34	19	39	47	29	23	27	31	35	6	35	49	42	50	12	24	41	35	39	2	12	27	6	20	34	21	11	3	47	43	37	25	43	27	40	30	2	28	9	0	19	49	10	41	23	28	44	24
21	10	23	42	26	47	13	12	40	8	47	10	12	49	45	4	47	28	43	9	42	32	27	5	16	10	30	22	47	45	15	16	46	40	21	19	11	18	45	40	22	35	0	2	9	22	3	28	37	4
17	20	17	19	39	22	37	7	16	25	27	29	28	44	33	32	9	16	44	14	38	37	44	35	23	47	15	8	47	12	16	48	22	24	27	10	18	2	8	39	11	18	8	0	20	43	33	13	36	24
9	39	46	15	45	36	49	12	33	45	7	20	13	2	18	32	23	37	8	39	28	31	28	1	33	33	48	30	45	4	31	12	19	35	39	2	49	27	2	49	41	13	19	28	0	7	31	46	23	13
2	36	43	15	40	21	37	16	21	25	2	28	14	24	15	16	36	10	13	32	2	45	9	36	4	30	26	8	37	42	15	6	46	16	21	50	5	18	31	7	4	39	17	45	3	0	3	49	30	8
32	20	30	22	17	17	12	3	18	46	39	48	38	33	2	41	20	46	19	41	44	1	13	15	18	39	13	6	49	8	49	45	21	34	44	8	10	23	37	18	30	34	48	13	12	7	0	3	22	49
45	48	43	48	44	13	20	14	39	11	5	17	22	24	6	49	24	27	16	39	23	24	42	25	38	15	49	8	16	15	34	42	1	39	43	47	32	20	27	7	19	12	30	21	24	40	14	0	44	22
3	37	29	22	36	3	8	6	20	46	22	14	7	6	18	20	33	20	35	35	7	47	16	46	48	33	3	27	32	46	46	30	49	16	21	28	42	40	1	12	17	48	3	35	27	48	40	49	0	6
35	39	37	41	28	28	14	39	22	22	39	35	36	5	11	27	34	18	44	26	17	8	35	4	44	16	17	28	22	30	39	21	31	29	1	43	50	42	3	46	46	27	5	4	25	30	45	34	29	0
33	43	6	20	9	43	34	26	19	15	50	47	37	43	38	24	41	35	48	48	25	45	32	45	38	16	38	17	17	42	6	29	2	13	21	13	38	14	39	19	20	1	17	14	47	11	19	8	41	26
0	3	50	15	28	29	20	16	8	28	36	16	11	12	6	8	9	31	32	1	9	41	14	18	31	42	8	34	28	24	36	50	32	30	41	3	21	6	34	50	35	13	34	41	31	24	22	36	46	13
35	0	21	4	6	19	18	44	17	21	29	25	35	33	32	8	44	27	28	42	13	7	17	48	21	14	43	25	26	8	41	10	10	22	38	33	32	8	28	3	11	9	49	8	4	46	17	30	31	28
21	18	0	48	18	30	35	6	21	39	8	13	48	2	47	26	16	16	41	11	41	39	27	26	31	37	49	31	17	49	6	12	1	13	1	11	21	28	2	44	6	30	29	37	6	14	12	36	47	34
8	12	20	0	27	49	26	46	1	23	15	9	6	5	8	24	23	48	32	16	10	21	15	37	40	40	38	29	35	19	38	50	21	49	41	9	23	27	27	22	42	42	12	13	35	33	5	31	35	4
43	20	34	14	0	6	28	40	23	22	1	43	23	7	39	33	2	45	28	32	40	14	5	5	18	22	47	50	42	11	36	37	23	19	25	48	2	28	26	34	24	19	5	34	40	6	32	38	49	8
33	36	27	24	38	0	49	48	19	11	45	9	11	1	47	26	13	27	14	45	44	27	3	19	5	19	14	22	36	5	48	15	20	3	17	44	24	44	35	3	29	25	47	31	16	5	11	5	11	39
28	32	9	25	29	11	0	11	33	25	41	4	2	49	36	10	12	5	17	24	30	20	33	34	24	33	47	38	34	50	25	13	27	10	43	23	19	30	5	43	37	34	15	34	49	44	4	43	31	17
16	6	5	15	20	10	16	0	45	27	46	38	28	13	29	26	48	24	45	48	50	6	46	30	47	39	33	27	35	49	1	50	12	41	22	15	9	46	47	39	29	26	9	18	26	48	50	35	15	7
6	3	39	18	24	4	29	26	0	27	39	19	8	7	4	46	46	7	21	2	45	9	38	10	45	3	16	1	9	7	22	47	31	48	50	3	18	10	3	7	28	3	26	30	41	39	11	8	29	16
30	11	49	19	43	28	43	15	32	0	45	30	4	1	20	28	40	21	32	22	50	45	22	17	49	34	2	41	48	33	11	5	6	4	29	14	1	49	28	13	30	41	44	20	6	4	38	42	49	6
20	40	31	33	22	33	48	22	31	6	0	14	9	31	20	4	32	31	37	13	39	29	20	41	32	44	24	39	32	6	44	3	1	17	42	1	25	18	28	28	29	14	13	31	22	45	29	25	35	2
13	35	44	5	5	20	46	9	39	2	28	0	5	4	40	29	8	8	6	24	4	30	7	32	43	1	7	14	16	16	42	2	16	19	29	23	20	10	45	9	10	42	50	33	49	23	7	1	22	48
42	27	2	9	19	7	9	14	3	43	21	6	0	47	38	19	25	21	50	48	3	5	3	41	15	28	25	13	8	25	34	43	15	23	43	32	27	12	41	22	10	12	29	9	7	11	22	29	49	3
3	36	35	28	33	8	27	31	42	50	7	13	27	0	38	9	39	20	15	41	24	5	38	10	16	44	20	11	14	30	16	12	34	32	4	39	46	34	19	4	10	43	18	18	40	4	15	45	39	17
25	27	40	4	47	9	30	40	36	1	34	2	47	16	0	26	9	39	27	17	48	14	44	23	44	38	14	13	2	29	26	8	10	9	47	49	15	43	5	13	8	25	20	18	20	41	42	42	33	29
13	27	1	42	35	46	29	27	40	30	11	31	6	25	1	0	41	43	22	40	29	13	6	32	23	17	15	27	3	19	43	22	25	9	13	17	21	14	5	25	15	40	35	38	23	49	39	14	44	11
40	47	10	34	8	42	40	17	27	43	32	50	34	33	14	6	0	41	44	48	32	13	5	22	9	23	17	5	16	22	45	39	32	3	1	17	37	19	40	32	29	7	48	48	48	25	46	9	3	39
49	35	19	16	34	43	39	36	29	6	4	21	48	23	28	43	11	0	48	32	35	37	36	16	24	28	41	39	12	36	25	48	19	49	29	21	39	20	5	20	14	13	3	16	7	37	35	7	10	10
18	29	23	41	46	2	34	2	8	20	15	32	36	3	22	24	11	30	0	40	31	48	6	39	7	31	11	38	25	41	40	47	15	35	24	17	32	23	36	20	21	45	41	37	36	10	8	29	26	11
17	33	42	36	46	22	19	5	34	28	30	11	15	42	21	10	20	11	41	0	8	10	14	43	45	13	18	10	32	45	23	22	47	5	46	26	1	13	8	29	20	46	45	48	16	8	16	35	4	25
13	49	31	27	1	6	15	39	33	31	10	43	35	20	3	29	5	19	14	38	0	21	27	38	41	48	27	45	48	2	20	50	21	18	28	43	25	2	18	13	25	28	22	20	42	46	30	10	29	23
37	5	24	4	23	8	33	26	46	14	22	32	42	43	12	2	11	36	30	50	36	0	10	21	8	1	41	16	30	28	33	28	36	19	9	3	1	25	37	35	8	48	35	30	3	4	13	26	30	29
9	8	32	9	35	3	15	35	5	3	37	39	40	3	1	7	36	27	48	7	35	42	0	37	1	15	14	27	46	29	30	42	25	19	36	10	41	4	33	1	9	4	45	43	42	45	46	23	26	50
44	23	11	4	20	42	11	7	24	47	2	7	32	30	13	47	19	4	2	46	50	41	39	0	34	38	3	47	28	13	47	20	35	26	10	28	8	22	46	12	12	43	23	38	33	42	15	10	49	17
10	20	25	49	6	21	5	23	34	46	23	5	46	6	43	30	9	35	37	30	9	10	37	6	0	9	7	44	47	14	1	28	36	33	2	50	15	34	8	33	28	2	36	50	13	42	1	23	30	19
9	48	24	49	21	46	12	49	33	33	13	19	39	38	34	17	5	29	43	19	7	22	31	39	5	0	35	49	18	13	50	39	19	34	9	4	21	3	17	23	13	5	5	34	26	19	40	35	28	43
21	49	42	7	9	50	14	10	32	23	1	5	27	46	26	50	15	7	46	6	32	22	13	7	21	21	0	24	5	40	42	23	12	30	47	13	13	9	22	24	24	17	33	43	19	8	15	41	32	44
43	22	29	7	4	26	15	23	6	41	16	36	10	12	7	44	23	40	30	47	3	50	3	30	10	13	18	0	21	46	31	46	15	12	43	43	8	11	3	47	43	18	4	43	38	2	10	15	30	19
30	36	20	3	46	8	27	1	22	37	46	22	31	38	30	41	38	29	39	6	24	47	50	48	11	50	18	2	0	4	19	14	18	47	38	23	48	33	48	40	12	7	16	27	38	38	48	12	16	29
6	8	25	9	20	46	29	10	17	1	15	35	17	7	49	38	4	28	19	24	13	13	48	9	35	18	4	23	2	0	6	18	35	48	47	2	5	26	37	29	48	16	30	30	14	50	14	34	8	35
6	23	30	33	21	32	4	45	24	30	24	31	4	48	49	44	8	25	5	2	9	15	29	46	18	10	22	25	17	12	0	36	34	26	10	4	45	35	35	15	21	30	42	43	3	13	37	5	43	40
34	16	45	48	15	5	34	4	19	19	9	13	18	31	10	27	39	41	28	38	36	33	6	43	41	47	34	35	42	14	11	0	30	41	16	2	28	32	33	30	3	30	11	3	28	24	31	20	1	33
24	33	4	4	6	23	40	4	6	3	36	11	17	20	21	33	10	11	33	29	11	14	20	38	35	43	40	1	40	30	43	48	0	33	5	29	12	24	2	18	38	9	2	14	17	48	38	21	25	38
23	30	43	27	50	41	1	8	7	12	49	19	39	11	19	17	44	24	6	48	36	30	35	35	24	4	12	3	27	40	44	48	1	0	30	14	35	28	4	13	33	23	39	40	30	8	31	38	35	34
9	18	39	38	38	21	18	3	24	45	1	23	10	10	29	32	31	21	22	2	19	30	20	40	40	38	29	34	16	32	38	47	50	5	0	8	42	24	4	26	19	30	38	21	24	37	26	14	26	29
16	12	48	8	7	45	44	34	41	16	35	6	27	12	46	36	30	42	46	37	34	17	8	1	4	11	14	23	44	2	37	24	4	14	49	0	37	36	34	47	26	38	22	27	40	11	6	43	21	34
41	5	22	16	38	9	13	25	47	42	48	4	25	21	29	19	13	37	30	25	31	13	27	17	37	9	45	7	44	6	43	2	30	8	15	42	0	32	42	12	2	14	5	47	9	14	35	16	7	49
50	34	44	32	18	22	28	1	30	21	49	14	46	15	18	11	50	24	15	18	22	3	46	49	36	17	17	16	20	17	25	43	34	8	31	34	27	0	19	50	8	29	20	28	7	3	11	40	32	7
22	2	21	28	12	35	18	31	18	22	22	2	6	21	31	20	15	30	43	44	44	18	47	16	35	35	26	10	2	8	10	41	28	6	14	6	39	22	0	42	23	12	5	9	21	9	2	34	38	12
12	47	39	44	1	12	1	35	4	34	5	23	45	29	27	21	37	20	42	1	40	22	2	37	25	27	40	23	48	38	14	11	47	6	47	8	27	31	16	0	49	50	50	11	8	29	17	11	1	14
35	21	20	47	14	41	19	8	22	43	13	4	32	2	32	16	4	46	29	18	10	18	47	19	11	40	50	7	28	4	45	9	10	39	42	2	46	29	11	50	0	28	31	29	50	34	6	39	42	44
1	3	30	35	37	6	25	24	8	32	41	43	28	4	18	43	31	40	16	9	9	29	36	29	22	40	40	22	34	12	5	48	40	8	6	32	39	5	23	20	44	0	45	31	17	20	47	24	5	33
35	14	44	38	29	16	31	17	46	26	34	23	48	13	7	2	23	4	2	47	47	36	35	17	28	49	42	28	3	23	42	41	33	47	39	45	33	5	34	27	21	27	0	1	24	30	43	19	43	10
39	19	17	43	47	25	49	3	34	44	15	34	17	6	42	43	30	50	27	48	21	26	48	35	3	3	1	12	44	32	27	43	46	1	2	38	38	16	32	29	49	7	20	0	15	47	37	38	22	50
41	12	13	25	22	50	40	47	32	21	8	47	15	8	14	6	14	33	7	43	5	45	38	7	9	13	20	40	42	10	1	48	44	35	39	1	33	26	23	39	14	47	2	8	0	25	50	38	12	12
50	6	49	9	49	37	8	20	4	39	17	8	42	48	50	33	10	8	16	11	37	29	38	24	50	21	43	48	17	28	35	12	37	31	11	12	26	22	37	14	33	47	43	34	45	0	18	1	14	38
31	6	9	14	36	50	35	33	14	31	8	24	24	49	11	3	50	18	8	39	13	12	14	20	16	32	46	3	35	17	18	28	29	42	30	26	43	8	33	25	16	25	50	18	29	37	0	48	36	19
20	46	50	28	42	12	5	4	45	25	15	10	23	24	36	25	42	1	28	19	38	5	39	50	5	4	40	3	26	1	37	34	24	32	36	31	6	34	30	28	42	11	50	29	33	31	38	0	21	1
37	8	14	35	38	44	25	18	34	50	36	11	35	47	12	37	36	35	36	33	30	23	17	46	29	26	37	27	38	15	17	46	27	20	1	8	40	25	38	11	40	6	28	20	38	48	14	27	0	12
4	27	27	30	11	20	6	35	27	18	10	16	22	42	44	23	33	24	34	30	20	39	35	5	4	1	4	13	33	23	49	42	35	49	19	15	14	39	22	26	31	50	10	10	50	14	35	45	32	0
