6
2
3 1
5 3
1 2
4 3
5 2
2 2
32	10	22	38	17	26	15	38	22	29	16	29	24	35	49	27	39	50	33	11	25	30	22	35	36	29	33	46	13	11	27	22	21	39	30	39	43	21	36	36	13	50	38	37	16	14	48	21	14	14	49	48	31	13	16	25	26	36	44	37	23	19	17	13	22	42	48	29	22	44	43	43	39	27	46	28	43	16	20	10	34	37	33	27	33	47	36	20	15	45	10	32	33	12	41	14	17	46	17	26
33	34	15	39	21	19	27	39	26	25	17	20	50	46	38	29	15	42	21	42	39	41	44	18	38	40	28	21	38	39	19	20	21	38	33	42	28	32	28	41	30	25	47	45	34	49	20	32	38	49	29	30	16	20	13	41	21	38	22	25	16	22	25	25	10	47	12	41	44	40	31	32	16	23	11	22	49	20	22	31	46	16	43	11	28	22	19	32	43	13	18	47	24	50	12	15	40	42	28	42
1 5   
1.5 10
1
1.5
14	4	50	20	12	15	13	10	38	4	3	26	13	26	21	42	46	8	39	11	36	36	20	36	33	34	24	29	24	20	42	25	29	13	49	37	25	42	37	30	37	23	42	13	17	32	36	15	35	1	30	39	18	3	44	19	23	18	4	42	34	20	17	12	45	7	33	34	17	47	20	42	44	11	45	36	5	4	50	12	31	34	34	13	49	3	36	38	1	48	27	13	18	47	19	41	8	27	45	38
0	30	20	34	29	7	26	7	1	15	21	35	10	45	10	15	16	22	38	40	7	46	5	3	27	44	14	29	39	17	4	27	4	35	16	1	6	5	7	40	24	9	14	31	11	42	30	28	35	18	10	1	23	6	9	27	13	29	26	11	44	31	29	46	8	6	49	15	18	44	40	6	34	46	9	35	38	8	21	16	16	47	26	15	49	36	28	39	23	10	36	41	22	19	21	42	3	15	29	26
17	0	30	42	31	6	39	36	12	31	47	41	27	1	4	12	48	12	29	44	20	41	17	46	19	28	18	3	2	16	17	26	18	17	12	40	33	20	4	32	40	14	17	1	21	4	20	41	13	36	35	1	13	28	29	32	33	36	28	23	49	29	37	48	18	39	44	18	22	50	10	33	28	9	12	14	8	30	44	21	13	4	19	31	21	27	4	12	1	9	9	43	38	2	15	24	23	45	48	25
32	29	0	50	43	37	34	14	7	9	29	13	1	1	17	4	30	16	46	39	16	20	4	31	38	28	1	26	5	17	18	5	6	30	20	25	11	15	30	30	22	37	37	34	24	34	3	4	38	24	5	37	5	29	42	48	17	50	29	4	5	46	36	24	49	31	10	1	49	32	31	22	8	2	31	48	27	24	31	23	6	47	36	45	14	21	25	45	40	19	3	39	34	20	38	31	9	46	23	34
31	49	2	0	45	24	12	50	26	34	5	49	38	32	25	34	41	41	4	29	4	33	48	25	1	35	8	42	26	48	31	26	16	9	24	9	21	3	33	11	15	8	29	49	34	47	21	27	38	45	29	24	50	2	3	10	24	36	39	5	21	46	24	5	38	19	15	20	23	4	18	50	6	25	25	25	48	21	48	40	22	1	21	5	24	30	50	34	14	42	29	49	46	26	11	30	5	31	6	5
44	5	14	36	0	6	41	3	10	27	40	3	26	3	46	18	5	16	18	17	9	36	31	23	31	32	32	5	19	49	13	45	17	40	5	32	47	46	47	28	21	3	38	6	19	41	47	39	19	37	36	39	28	26	32	38	43	25	23	6	33	13	33	8	15	8	13	38	36	21	26	28	32	17	47	50	21	5	27	28	42	39	38	12	44	25	18	40	30	18	32	40	16	33	36	26	37	35	14	49
38	48	41	22	23	0	4	3	12	26	35	20	17	4	34	30	33	33	2	15	18	18	40	36	1	23	1	19	10	16	28	13	16	35	19	16	28	20	15	47	47	38	30	5	41	7	46	33	34	9	26	28	49	26	11	44	25	16	24	3	22	10	18	40	43	16	18	47	45	7	33	42	36	47	47	34	39	22	44	47	39	15	15	30	27	34	21	41	46	5	14	28	9	30	43	31	49	29	8	18
23	46	33	17	1	14	0	40	43	27	18	16	38	35	35	41	26	36	34	25	43	47	26	48	38	46	9	32	7	13	10	25	7	28	47	29	23	23	24	45	40	7	11	42	18	22	33	24	28	20	40	42	40	40	20	34	47	20	8	49	46	39	39	24	16	21	26	14	25	44	23	26	37	50	43	11	40	3	30	34	45	36	27	40	40	9	10	48	5	8	47	16	13	46	22	43	37	5	34	11
28	50	34	40	12	41	2	0	45	13	9	28	2	2	38	45	3	18	4	27	36	25	20	15	32	35	15	31	41	29	21	5	3	14	27	12	6	37	49	25	37	32	5	42	44	17	40	33	22	25	10	38	16	6	10	42	7	13	32	40	45	39	9	9	36	45	48	35	9	27	7	23	23	25	30	25	26	50	30	33	14	19	48	17	31	45	30	24	33	16	43	44	6	39	31	44	32	35	42	43
34	27	25	29	13	12	4	48	0	46	15	9	35	46	8	43	7	33	47	22	31	31	33	20	5	30	41	42	4	15	16	48	20	43	40	25	6	11	15	24	5	16	36	50	37	36	7	37	38	33	3	12	8	35	48	10	6	39	43	7	33	35	38	37	9	1	16	50	42	19	28	40	3	29	26	24	23	18	11	39	36	43	49	8	41	24	23	23	27	16	19	6	20	7	41	42	47	40	39	28
50	31	9	6	12	2	28	39	43	0	42	18	11	45	4	30	13	5	45	49	45	9	2	11	46	48	49	46	33	19	32	40	3	1	47	38	4	29	5	18	44	47	18	35	39	29	25	16	29	32	8	23	13	35	12	31	34	2	4	5	21	43	39	16	48	25	11	1	13	47	13	3	32	3	11	37	16	17	11	23	38	34	26	3	12	30	50	5	49	31	4	33	28	41	31	3	44	13	49	38
34	23	32	41	37	23	35	13	3	20	0	46	39	6	1	30	9	8	47	34	20	1	39	32	40	24	13	39	10	42	47	45	43	32	49	6	48	16	4	29	34	28	22	34	26	5	7	44	19	29	47	13	34	5	9	12	18	36	32	4	34	17	46	45	29	48	27	6	22	31	49	1	20	25	12	17	41	30	27	30	8	19	6	28	48	46	36	48	27	35	24	8	9	49	8	40	27	26	42	42
24	26	20	46	4	4	18	6	19	35	3	0	37	45	28	40	19	18	21	35	50	17	19	3	36	21	37	21	28	45	19	1	30	4	35	41	9	39	7	27	13	7	27	7	13	34	37	44	48	31	15	28	28	22	49	45	33	18	32	46	14	13	46	40	8	44	31	19	17	38	31	50	26	30	17	16	11	28	35	7	30	40	31	37	10	45	46	31	29	38	26	32	15	10	50	11	44	46	15	50
44	3	27	3	27	5	8	19	10	49	2	28	0	16	30	21	14	15	31	39	11	21	50	20	50	22	41	47	4	43	2	39	7	12	40	46	4	22	19	38	29	13	34	9	10	38	4	21	37	48	44	25	23	24	12	46	21	30	33	40	48	37	35	42	27	36	32	15	3	50	46	37	17	29	41	15	27	3	12	7	7	14	36	6	21	48	19	14	7	49	45	35	23	50	14	36	38	40	37	3
45	5	12	17	48	35	27	2	49	43	16	33	43	0	41	13	39	28	27	42	12	33	32	43	29	30	37	26	15	40	39	48	31	21	7	20	15	9	32	33	20	34	2	37	42	50	37	15	50	33	45	25	9	38	40	4	4	21	24	16	1	2	50	21	47	26	41	34	19	33	43	19	37	17	48	50	50	11	29	4	39	17	25	44	44	36	22	28	39	38	1	26	32	30	6	27	29	32	26	17
31	41	34	1	35	38	9	22	16	23	41	13	17	18	0	48	10	47	29	30	9	35	11	2	22	27	33	37	38	31	7	47	18	14	24	15	45	27	9	37	7	10	30	2	6	43	17	45	34	25	32	49	46	36	22	18	21	42	38	27	18	12	18	16	49	34	8	13	38	19	35	12	22	17	38	42	6	2	46	16	43	42	27	46	15	33	11	17	44	39	50	10	24	47	7	50	6	34	48	46
12	32	22	49	8	23	2	23	31	4	18	49	20	19	40	0	35	36	49	39	9	41	47	26	13	5	21	25	23	5	48	11	49	23	29	26	29	28	36	26	40	11	12	48	27	36	23	48	41	48	18	33	28	15	32	38	3	12	15	21	37	38	29	40	41	39	39	29	37	31	16	18	10	33	5	1	18	6	1	25	3	20	35	26	2	1	27	45	5	17	31	14	9	43	12	23	11	8	42	6
45	5	41	13	22	45	10	2	21	46	35	44	42	43	19	31	0	24	11	46	45	1	18	45	45	9	44	45	19	2	50	6	2	48	14	32	27	25	29	39	3	37	26	15	3	48	29	18	33	1	19	39	35	43	4	14	6	16	19	29	11	44	21	49	25	34	17	15	32	50	8	26	35	6	38	44	23	27	46	25	35	1	45	35	14	22	49	13	6	20	35	39	11	26	46	13	28	17	20	50
23	5	42	40	38	10	16	5	18	20	6	43	30	41	28	19	31	0	31	11	46	25	15	19	1	12	8	37	11	9	33	16	50	32	11	22	39	39	19	36	42	8	15	37	42	41	14	37	27	15	5	32	19	21	2	38	19	47	40	24	4	24	45	39	25	24	27	17	17	12	36	23	27	22	1	22	10	16	22	43	10	7	43	15	11	10	25	40	31	25	42	34	3	29	37	48	46	49	23	33
15	17	16	7	10	26	28	34	46	5	48	36	35	11	6	14	48	4	0	2	42	10	24	7	21	16	9	13	11	38	41	10	32	38	25	21	33	48	6	31	26	30	20	10	24	14	7	11	4	36	8	50	14	11	46	3	14	31	15	46	46	35	15	43	16	21	50	41	38	6	50	21	41	43	36	23	38	6	40	48	45	4	41	29	39	47	8	46	26	46	23	8	11	44	9	20	31	34	37	24
26	4	13	34	41	25	27	50	36	19	2	2	34	50	36	22	40	19	29	0	15	30	7	46	28	43	17	18	9	30	1	6	5	37	2	50	19	43	23	4	24	18	27	9	5	18	8	49	18	39	28	42	48	34	4	17	45	5	27	34	22	1	50	30	45	5	25	27	48	16	40	5	3	43	34	47	23	22	4	38	12	15	34	49	19	3	43	28	36	15	39	34	5	10	19	17	17	6	32	17
35	23	2	34	36	25	48	8	29	39	24	13	10	10	18	45	45	14	5	30	0	49	9	5	12	20	47	32	6	29	50	33	30	32	47	32	13	49	10	27	22	25	40	12	31	45	18	31	46	48	26	28	3	14	6	39	42	40	26	42	9	42	10	1	25	7	8	30	12	30	24	30	2	3	33	42	46	32	37	35	16	23	45	29	14	44	43	6	42	30	18	39	16	21	36	25	19	26	15	27
21	39	34	17	22	15	3	16	7	22	21	17	19	8	12	12	3	11	41	21	27	0	13	24	5	25	30	16	43	40	2	1	11	17	44	21	50	33	28	48	49	31	13	43	26	35	8	14	37	13	4	37	50	3	27	35	33	27	18	7	30	6	35	7	17	8	20	48	44	1	28	17	19	12	40	20	34	18	16	31	1	18	7	13	49	19	29	42	18	2	37	19	28	35	38	34	45	45	35	38
9	18	11	9	30	39	13	44	44	4	38	25	16	21	26	23	22	5	45	26	38	18	0	3	9	39	17	18	12	49	38	8	17	4	39	42	15	5	37	37	10	15	27	39	40	10	9	44	40	39	18	27	31	24	12	47	9	47	4	13	27	26	3	39	11	44	27	42	38	30	5	2	1	4	26	22	3	10	11	29	22	20	32	4	23	21	8	25	1	11	35	42	17	38	2	24	46	35	33	12
7	16	8	35	34	43	38	28	50	39	36	39	16	38	26	1	39	30	25	47	30	26	13	0	22	14	24	17	8	19	42	33	37	28	34	24	42	34	42	6	39	34	2	10	29	13	38	14	34	4	42	14	28	25	38	21	46	27	11	29	36	32	29	36	42	9	1	17	30	50	29	2	48	49	47	20	30	37	39	33	21	29	44	19	25	3	39	45	1	22	21	30	35	6	44	12	16	30	8	30
17	44	12	47	8	50	25	38	23	1	46	5	34	48	44	35	3	50	8	29	14	43	21	7	0	27	31	3	8	24	10	36	1	32	35	15	23	19	45	40	17	1	8	37	38	43	12	29	41	19	2	32	30	45	9	43	7	14	46	17	50	7	17	27	34	44	45	37	48	34	9	6	32	41	8	34	37	26	37	1	31	3	36	3	38	5	37	5	38	45	50	41	3	49	18	48	32	1	3	12
17	17	30	28	46	49	13	25	10	40	13	6	32	15	18	32	13	12	48	14	6	32	44	33	48	0	34	43	36	49	23	26	2	12	21	29	24	36	32	15	2	37	18	43	12	2	12	21	26	23	16	18	42	41	34	3	11	8	14	18	8	38	17	22	13	15	38	30	49	14	25	10	44	38	44	44	4	36	8	37	40	24	1	31	50	15	48	20	5	11	32	24	43	37	47	47	38	5	42	45
10	22	14	10	47	19	15	30	41	31	48	27	44	13	32	17	11	36	10	32	37	48	46	41	36	2	0	38	46	13	29	35	25	36	36	1	25	34	28	7	14	4	26	44	5	6	42	4	47	24	16	11	37	50	47	39	22	19	34	9	7	31	1	41	15	47	25	12	45	37	11	34	26	31	25	38	1	24	23	16	3	45	10	4	33	39	32	23	31	22	32	46	11	15	8	41	6	31	9	25
30	34	47	33	40	37	9	17	17	19	35	32	3	50	48	13	44	35	23	40	12	3	8	50	46	36	23	0	17	41	50	26	5	20	24	7	26	21	17	2	16	2	32	13	24	10	49	18	49	43	1	45	35	30	11	21	6	28	21	46	17	1	26	35	20	27	7	23	45	36	9	27	37	21	36	35	34	5	19	44	33	49	18	33	23	14	40	43	30	32	48	45	33	9	46	2	19	21	15	41
45	29	4	11	43	16	10	14	26	17	47	12	6	16	25	7	17	17	49	10	28	21	1	47	48	25	35	26	0	41	17	31	4	27	2	44	6	42	15	4	8	47	20	33	4	28	27	26	10	12	24	47	3	50	43	49	47	16	18	19	32	11	22	21	44	18	14	32	22	50	29	43	28	2	9	13	5	28	44	41	3	40	8	33	20	29	40	15	3	16	29	18	26	46	2	26	6	22	38	6
43	3	30	33	29	26	49	10	7	29	47	14	24	45	4	11	17	4	47	25	22	32	7	18	38	9	13	19	39	0	21	14	13	39	10	16	3	16	12	3	40	21	45	16	45	43	29	41	35	35	11	27	8	38	13	38	21	45	33	10	19	13	23	29	30	43	50	2	12	34	4	22	6	16	1	21	4	38	3	25	42	29	12	25	7	35	47	36	10	3	50	33	36	49	26	3	22	12	41	3
17	13	50	33	32	27	38	21	32	35	12	34	20	23	46	4	32	36	40	28	17	41	13	42	39	25	16	6	29	16	0	20	44	3	4	49	44	15	1	42	39	4	34	31	12	28	31	26	4	16	35	23	27	22	44	22	42	36	49	41	5	43	8	38	17	9	44	27	35	42	16	18	34	33	38	18	8	40	25	41	33	6	15	39	46	8	40	1	20	26	48	13	17	21	12	9	50	9	6	22
12	14	21	45	27	24	8	33	48	22	47	48	40	17	2	33	33	11	48	27	16	47	6	14	25	37	27	48	9	42	12	0	3	28	8	40	21	30	38	23	35	43	19	39	44	3	16	17	21	28	43	19	24	38	39	37	13	8	29	37	21	49	18	50	37	10	48	40	15	47	48	21	19	18	44	20	10	25	47	35	46	32	47	31	9	27	26	22	18	42	30	9	18	27	46	4	2	37	31	21
11	20	48	34	29	42	42	21	31	43	49	20	27	50	1	35	45	27	20	30	41	46	31	10	7	48	21	20	15	50	42	43	0	9	31	17	30	28	19	28	28	36	29	48	20	16	37	16	48	33	22	34	49	46	26	33	4	42	40	23	16	41	4	13	13	8	42	43	26	6	31	32	37	2	4	33	28	13	5	20	25	23	30	30	41	35	25	18	49	32	21	40	38	22	5	39	40	50	12	48
29	9	38	12	42	15	25	2	29	13	4	16	23	38	27	28	26	46	30	19	45	50	10	40	2	19	30	16	5	22	50	5	3	0	7	17	12	42	48	35	8	26	16	13	40	16	50	33	43	14	47	40	17	15	34	38	24	24	21	32	45	42	36	20	25	29	50	42	46	35	30	25	27	47	28	37	34	43	11	4	41	20	13	29	24	8	13	3	33	10	33	6	42	13	38	48	20	18	33	18
34	42	32	26	14	1	4	35	36	19	5	1	6	4	8	32	39	3	19	48	49	48	30	9	45	16	16	1	12	18	15	15	5	2	0	32	12	27	35	5	48	23	1	1	39	1	44	2	10	36	49	10	2	1	12	25	34	26	26	5	18	49	10	28	10	37	34	8	7	39	37	26	31	36	50	16	49	20	29	17	28	10	23	41	1	13	27	29	17	1	15	28	29	7	15	15	27	49	47	9
6	45	45	27	41	8	18	34	32	27	37	16	20	50	49	48	24	34	44	44	18	45	5	34	30	8	38	6	27	9	40	45	1	25	32	0	47	3	40	12	43	27	32	2	17	17	30	30	44	43	40	5	9	29	28	6	14	26	1	42	50	26	37	26	28	39	18	10	15	28	40	46	30	34	8	47	3	2	8	1	20	7	50	49	9	27	12	10	11	35	4	49	2	14	25	7	44	8	26	15
3	4	49	5	11	40	50	23	12	40	21	35	25	16	46	42	9	42	44	40	11	50	27	16	18	10	37	31	7	29	24	7	42	45	39	28	0	36	17	21	18	6	41	25	36	35	22	47	21	18	13	5	20	41	21	47	20	22	50	7	50	19	13	2	50	48	48	39	22	48	8	40	19	6	13	21	18	50	2	20	9	10	34	2	46	15	30	24	8	40	48	11	42	19	38	16	8	46	18	12
25	6	9	25	36	35	26	31	16	33	28	20	32	16	21	7	46	42	12	6	26	28	5	48	3	34	15	28	9	32	21	44	24	11	48	32	32	0	39	46	42	13	43	49	5	44	36	43	44	28	50	3	30	43	13	16	35	41	27	24	38	24	3	32	24	2	8	5	3	25	5	4	12	18	8	32	29	43	15	49	12	22	22	13	15	40	15	36	39	33	30	47	37	2	12	18	44	19	22	2
3	41	20	29	26	29	27	38	20	25	14	7	49	4	12	35	6	50	17	38	3	16	27	32	26	5	44	5	8	27	39	13	7	50	15	48	28	20	0	28	39	22	49	6	37	10	35	23	31	16	20	24	49	19	46	1	20	34	20	6	20	33	6	26	13	18	38	32	42	25	4	37	3	29	22	37	39	41	49	41	38	1	45	46	18	22	26	36	28	43	10	8	12	2	5	17	8	4	15	29
11	7	45	2	24	47	47	9	32	36	19	4	31	35	14	35	48	42	46	36	37	14	4	1	3	7	11	9	42	23	46	9	27	11	44	21	4	23	7	0	13	38	19	18	39	36	19	4	34	40	29	42	20	24	47	45	39	18	1	34	46	33	41	16	39	41	27	3	24	44	3	4	8	18	19	21	4	8	40	15	43	13	29	24	1	18	27	50	1	14	15	47	14	50	3	33	15	16	5	19
8	40	18	4	50	16	22	3	44	1	17	20	37	25	10	29	36	14	27	13	9	14	30	41	41	2	19	50	49	14	37	21	46	12	5	2	34	44	17	37	0	9	50	50	26	18	49	42	21	29	10	32	48	23	24	5	38	12	7	23	28	10	34	17	40	24	25	26	2	29	26	30	4	10	38	24	41	26	6	7	23	42	44	31	32	48	41	6	1	50	26	12	30	35	38	27	27	47	14	6
11	26	50	4	11	43	25	49	36	24	35	38	35	14	39	15	25	19	13	22	37	38	36	36	46	41	40	38	47	30	5	50	49	45	44	39	12	28	32	39	20	0	31	6	34	4	39	50	8	15	48	36	38	9	15	17	30	35	23	10	22	41	14	33	22	5	41	31	15	47	22	50	15	22	34	46	40	25	33	12	34	44	24	2	32	30	20	12	26	44	41	28	17	31	46	5	13	50	6	32
11	22	14	48	21	12	22	35	42	48	11	25	49	14	42	13	45	49	16	33	40	31	27	45	37	40	15	1	6	48	38	4	9	45	40	19	10	27	19	42	42	29	0	50	11	6	26	36	33	50	1	21	7	12	44	49	39	32	49	1	6	10	8	29	10	26	15	39	34	31	38	2	30	39	40	27	12	27	39	24	13	19	49	24	10	9	15	43	45	18	19	17	28	46	8	36	32	6	6	38
11	46	23	15	6	12	32	8	44	12	50	38	20	2	22	37	5	41	42	10	38	30	24	46	40	15	5	29	2	2	30	9	28	19	11	29	33	23	2	3	7	7	6	0	25	42	33	37	45	23	10	19	46	44	31	42	23	45	26	15	3	49	30	28	9	39	8	34	14	13	44	1	44	43	20	10	1	44	16	23	17	32	5	35	41	47	34	14	24	10	6	17	43	47	38	28	31	7	26	39
34	19	11	19	2	39	13	40	10	28	13	44	19	48	6	27	6	16	45	49	47	1	3	6	48	30	15	47	47	14	32	39	49	19	35	2	26	4	31	25	44	3	29	1	0	30	16	50	21	14	4	6	40	28	32	18	29	26	46	34	18	37	15	28	40	45	39	47	50	3	3	5	47	25	34	40	22	1	15	48	42	39	33	32	20	37	38	36	33	22	29	43	8	49	23	33	32	40	46	22
34	12	16	30	28	31	19	27	21	15	23	40	6	13	8	9	33	10	33	14	36	6	46	27	33	7	12	22	30	23	6	40	36	22	14	40	36	50	28	49	5	2	19	39	9	0	15	10	44	41	6	17	49	1	22	9	38	16	26	3	44	36	33	34	2	36	26	44	5	40	50	5	42	40	27	42	7	17	27	1	8	29	19	36	21	43	39	32	15	38	42	37	6	17	27	43	21	23	29	12
5	43	4	16	48	21	40	20	48	16	46	21	36	24	12	19	48	34	10	10	47	49	4	33	45	31	10	49	6	24	10	42	8	19	14	39	47	42	35	18	14	14	11	14	37	29	0	9	13	14	49	34	38	46	23	50	50	20	38	40	45	15	39	1	45	17	3	8	17	44	1	37	1	28	11	29	31	18	24	49	14	2	17	45	44	14	45	1	2	21	16	30	37	30	22	22	41	1	49	32
44	35	1	39	50	14	15	45	10	21	13	18	50	39	37	20	9	15	16	46	24	17	32	17	28	7	27	31	33	39	24	8	45	5	7	10	2	47	26	12	29	25	47	9	34	17	10	0	26	47	16	30	5	35	17	44	34	5	27	5	25	5	50	9	21	26	33	4	44	30	24	2	2	4	33	44	6	12	39	34	40	2	29	22	28	32	19	6	40	27	4	35	13	19	31	17	30	25	34	27
36	46	16	31	14	49	19	19	8	1	3	17	8	10	31	16	5	12	7	4	13	5	38	32	13	6	9	25	40	50	24	23	16	12	18	27	16	36	22	26	19	41	29	2	21	28	38	32	0	31	6	3	37	43	10	20	37	39	50	49	28	49	42	16	19	39	15	47	10	41	17	14	24	40	42	5	2	41	42	10	47	46	10	11	38	2	13	43	39	34	31	1	28	45	12	36	32	31	2	50
39	16	34	9	41	23	23	10	22	29	5	38	10	15	33	17	13	39	41	43	40	3	48	50	7	45	21	3	27	13	33	6	20	20	26	15	45	41	38	42	41	38	20	30	32	12	40	4	1	0	2	11	36	10	25	18	21	49	4	19	4	36	3	48	17	9	16	27	2	11	6	19	18	47	8	43	5	28	26	30	33	46	31	23	15	24	25	36	10	2	2	26	27	4	38	5	19	5	41	30
24	37	46	10	16	1	2	21	10	18	37	43	47	8	50	28	1	37	16	1	12	19	50	2	14	45	23	45	5	50	4	12	24	16	48	29	50	29	48	19	7	24	3	50	12	20	44	31	13	39	0	47	47	16	17	30	49	36	19	9	45	11	17	29	38	7	19	50	17	35	22	12	35	50	36	39	40	18	11	39	18	30	11	3	46	3	34	9	49	22	27	16	11	3	8	10	19	13	2	31
39	14	11	34	16	45	7	44	27	47	15	2	24	32	50	7	12	25	24	1	3	36	45	2	40	2	25	12	41	28	33	44	36	22	39	26	35	41	7	25	2	8	30	2	41	46	50	26	38	25	30	0	1	34	22	21	6	25	16	39	49	20	26	34	48	5	44	8	24	13	18	42	22	16	20	40	50	4	32	27	23	6	4	41	40	6	30	34	43	11	5	8	47	44	13	41	12	50	24	15
35	2	49	36	5	34	29	3	50	18	17	47	28	44	9	35	8	41	46	27	12	35	24	10	16	40	30	11	48	2	5	45	14	6	4	39	28	30	5	4	46	21	14	33	2	16	35	28	11	28	5	47	0	20	50	38	27	11	39	6	42	48	37	23	50	22	31	37	46	39	18	26	7	5	39	45	5	2	49	46	38	18	49	35	14	45	18	3	27	22	29	11	47	17	8	38	49	24	17	24
17	25	38	50	25	50	20	32	35	15	40	8	50	35	25	24	42	23	22	17	40	28	46	8	8	35	1	32	5	8	12	48	18	41	39	50	48	25	45	11	4	40	21	28	21	17	2	38	11	27	48	45	44	0	40	27	48	33	21	28	22	38	37	43	43	28	18	14	14	45	33	42	5	38	11	22	30	1	41	3	17	36	29	41	46	5	28	19	16	1	7	4	31	10	11	46	23	28	29	41
25	19	32	31	25	11	22	3	25	24	38	32	20	30	35	22	10	29	2	26	21	10	18	20	47	50	43	5	22	8	2	45	37	26	3	17	24	16	11	47	28	35	31	48	43	38	20	1	42	23	5	37	13	25	0	9	45	47	41	36	29	10	14	40	23	41	43	11	7	23	37	47	3	34	44	1	26	34	3	6	17	22	13	28	11	21	35	35	39	45	25	32	48	19	43	38	15	35	13	12
6	24	40	35	44	9	15	9	36	26	6	2	31	44	48	5	23	14	45	28	46	22	21	46	15	23	3	37	24	48	50	31	10	26	46	26	6	3	44	17	3	31	34	36	7	15	13	6	8	30	23	24	10	42	48	0	15	20	5	23	22	10	18	28	36	9	8	7	1	7	33	45	6	21	22	45	37	45	3	18	15	14	11	42	39	32	10	6	30	31	40	1	27	41	3	41	34	15	17	16
17	2	29	3	18	36	24	25	38	12	31	4	50	41	4	18	50	3	19	25	27	15	24	19	23	46	48	23	20	2	10	34	37	33	31	7	30	30	21	44	46	21	20	11	42	16	17	8	50	30	42	19	9	22	26	24	0	13	12	17	35	26	28	49	6	7	27	36	36	11	37	13	27	37	4	2	13	49	23	25	3	44	14	30	11	23	12	47	24	29	11	26	11	15	16	9	36	33	12	49
16	43	12	32	16	16	45	3	20	11	20	5	50	32	33	33	25	48	32	11	41	10	16	32	14	46	4	7	15	30	22	44	42	41	15	16	9	26	28	29	19	31	10	39	41	50	36	8	27	10	8	50	2	8	19	38	13	0	50	40	8	13	31	38	44	48	20	35	9	1	12	45	47	38	37	42	50	39	18	18	16	16	23	34	21	5	8	5	19	37	35	22	35	14	24	26	38	35	27	11
25	6	10	14	41	8	13	14	50	43	49	35	13	16	12	47	11	7	21	20	17	4	27	6	4	47	48	8	32	38	38	1	22	45	12	4	6	36	47	15	29	5	17	22	36	37	38	14	46	14	10	9	37	33	49	26	7	30	0	46	39	35	20	1	47	27	35	15	44	16	48	48	15	24	22	24	28	42	39	20	3	30	40	17	34	40	1	38	29	16	25	38	43	42	49	40	36	22	39	45
32	4	19	47	30	22	38	5	44	45	38	9	38	50	43	23	43	4	7	49	20	5	49	17	2	18	38	32	32	41	28	2	17	36	42	8	21	49	38	31	49	39	35	17	45	19	15	45	14	44	42	47	38	26	40	37	3	39	29	0	32	15	5	48	12	18	46	37	3	29	50	50	32	45	19	34	40	41	29	30	9	22	13	4	2	25	5	7	32	28	16	25	44	50	30	35	7	12	46	3
14	42	28	27	28	27	49	19	39	9	2	50	24	30	25	49	47	48	48	15	31	3	18	47	3	43	8	19	44	10	14	45	13	11	21	16	3	3	25	3	31	48	41	1	15	21	29	36	18	47	19	37	45	9	26	9	41	16	6	31	0	12	33	49	4	44	37	40	34	49	33	43	45	48	31	6	48	12	4	37	1	1	31	33	7	26	29	14	2	29	37	39	40	31	46	40	4	18	31	11
34	43	34	41	27	40	6	34	33	36	2	11	16	39	27	23	7	33	46	41	40	8	16	45	33	44	17	36	48	22	37	50	40	7	20	27	2	48	21	34	16	39	10	25	35	1	32	35	9	28	31	27	19	26	33	6	20	38	12	25	27	0	1	1	12	33	46	18	37	7	15	47	42	46	33	50	28	37	40	16	33	10	23	32	24	25	41	25	38	42	41	34	41	35	37	3	3	13	8	7
37	23	48	16	18	9	20	46	35	8	18	6	44	11	46	13	19	4	27	47	14	26	37	43	20	28	32	37	44	21	45	35	22	33	33	16	41	4	24	5	37	3	18	41	8	4	9	22	32	9	28	26	40	45	28	10	21	47	21	43	13	35	0	26	46	11	34	49	18	32	49	50	10	36	4	1	17	33	34	45	27	46	50	10	46	15	9	25	35	48	26	24	49	31	30	32	39	7	11	7
46	42	23	7	40	37	2	11	22	50	10	7	3	29	49	46	13	1	1	8	10	34	47	46	24	11	34	23	46	41	34	38	29	26	46	5	46	47	27	7	32	40	1	17	47	38	33	17	20	47	5	13	12	38	30	17	21	37	7	9	47	5	8	0	41	36	39	46	35	34	30	49	38	10	41	40	36	34	11	12	33	43	20	18	14	1	9	20	19	31	45	48	5	23	15	10	45	39	40	12
39	3	19	6	50	19	11	46	13	9	18	28	3	35	44	22	46	11	31	17	25	32	25	12	44	31	39	24	32	23	1	32	1	39	28	50	6	22	10	5	12	5	11	1	43	44	13	30	41	46	41	27	15	14	42	8	14	18	12	44	48	8	15	21	0	10	14	26	28	13	5	41	7	36	33	37	42	29	33	37	29	44	20	33	33	49	48	30	37	5	23	18	49	4	40	7	37	17	13	21
39	9	4	32	5	1	25	26	34	18	18	6	28	2	31	27	44	48	48	14	31	22	14	1	3	42	8	19	46	50	21	41	47	43	44	27	39	11	39	17	20	36	3	34	9	7	47	47	50	25	14	42	4	41	42	49	22	17	20	9	40	37	44	43	7	0	19	1	12	21	45	26	38	1	16	50	42	5	15	28	36	43	7	36	47	46	16	25	15	43	4	29	33	40	50	12	44	23	41	29
49	12	42	21	46	39	35	34	7	14	9	28	35	45	2	37	5	23	10	33	4	40	24	13	19	12	18	13	33	14	5	21	29	28	33	3	34	47	8	26	21	16	23	31	3	19	3	35	21	49	46	49	49	8	22	44	42	25	20	40	29	35	10	17	47	40	0	11	41	23	27	13	19	4	41	48	12	35	20	35	40	46	1	39	6	40	18	36	34	21	17	23	6	10	39	45	10	40	35	4
32	9	38	23	18	45	40	14	50	28	5	36	47	24	29	33	50	32	7	21	15	25	11	4	6	43	32	4	3	18	34	8	21	5	16	2	5	43	29	32	2	10	26	20	15	2	22	2	5	3	4	38	12	46	28	18	13	7	19	23	30	43	5	7	33	30	48	0	35	20	26	25	44	37	48	29	23	32	27	20	35	17	8	17	46	27	7	26	7	10	31	44	29	35	8	40	48	22	29	41
2	30	10	3	7	23	33	33	42	30	28	31	11	19	17	12	14	49	18	46	40	39	39	15	34	9	42	44	12	46	38	33	17	23	16	3	1	31	13	46	2	10	31	25	23	13	14	24	28	50	48	49	41	33	20	32	18	7	17	6	10	24	50	16	14	47	17	26	0	46	13	26	12	29	33	41	46	1	12	24	23	15	19	44	35	21	1	8	26	24	7	22	47	32	21	43	2	4	47	21
31	6	48	8	6	46	40	10	4	4	24	44	15	7	41	15	16	45	6	14	37	38	10	9	31	1	42	19	11	36	45	39	43	30	14	29	44	28	47	44	50	23	44	9	8	13	36	40	35	3	23	28	31	2	46	7	25	33	21	11	1	27	31	4	23	47	17	33	34	0	46	34	48	24	15	7	46	34	32	48	20	22	11	7	31	6	22	48	29	45	44	50	28	39	36	10	32	37	7	19
7	9	22	14	10	21	26	44	10	22	20	17	41	33	50	17	25	40	38	8	18	38	33	38	44	46	46	35	1	6	14	8	7	7	12	44	4	30	8	17	8	32	14	26	7	6	34	44	12	38	49	22	24	31	37	24	4	50	27	29	19	45	35	11	47	6	40	21	47	3	0	4	26	15	19	10	11	33	38	4	45	46	3	22	16	19	44	42	42	23	47	5	11	24	11	3	23	32	8	35
20	22	4	11	6	6	29	37	19	31	3	46	13	19	46	10	33	2	24	27	11	48	31	37	18	37	27	35	2	7	7	6	20	18	34	20	47	38	9	35	3	47	38	6	47	28	7	43	8	19	45	39	33	26	12	1	23	34	7	24	21	32	35	6	10	49	37	41	26	22	44	0	12	30	6	14	43	48	31	4	41	50	24	47	45	7	18	30	16	34	15	49	37	29	26	28	12	44	12	11
37	15	3	15	1	7	15	19	9	43	12	36	29	38	28	16	26	33	18	22	50	41	35	40	36	20	1	43	49	11	43	34	2	15	8	42	36	49	13	3	48	25	17	18	9	25	3	50	37	20	46	15	7	32	15	31	40	45	28	9	40	17	33	24	28	17	32	18	19	19	19	20	0	37	45	1	48	43	16	43	38	21	23	29	32	1	46	20	13	31	16	3	30	44	20	43	44	9	42	46
12	32	30	22	42	8	5	6	11	39	39	16	10	28	46	9	24	15	14	42	26	38	2	13	49	40	16	30	30	23	12	30	6	37	50	30	40	13	14	33	41	41	39	43	22	10	50	28	17	4	14	50	9	13	23	43	44	41	38	13	17	3	36	2	1	26	23	26	27	12	36	48	29	0	49	19	18	13	21	28	31	4	18	2	3	38	20	12	21	42	20	17	14	36	42	36	8	6	8	46
21	9	47	24	21	26	36	35	49	4	49	42	33	6	34	34	21	28	30	50	15	10	48	6	35	12	12	21	43	31	19	36	50	16	47	26	32	49	13	39	2	3	29	2	6	47	26	35	27	50	37	8	7	30	42	4	46	22	14	27	13	35	24	2	2	50	19	23	15	19	11	10	50	32	0	39	39	41	8	20	31	23	49	10	18	16	33	5	47	17	6	21	34	48	11	20	40	44	2	34
13	16	49	13	45	40	48	44	33	18	25	13	27	4	9	12	38	35	24	1	11	48	15	29	20	16	40	20	42	24	31	8	24	7	28	25	43	11	37	7	9	24	37	47	9	27	46	3	5	43	12	44	2	33	38	36	37	32	15	49	33	27	48	44	39	16	8	2	1	31	18	43	26	28	12	0	11	20	44	1	10	22	25	44	1	25	19	12	25	37	49	10	14	17	17	24	13	6	47	1
34	21	27	48	29	14	25	24	9	34	43	17	17	18	41	32	8	43	15	17	17	2	14	14	18	46	13	5	1	42	21	17	18	16	39	43	37	39	17	14	18	11	33	22	33	6	34	49	27	38	23	21	25	20	33	48	30	32	6	45	9	7	32	35	25	29	20	16	39	3	21	41	32	50	30	47	0	38	9	6	17	31	41	31	2	2	35	33	28	47	19	49	34	50	11	6	8	12	17	11
10	35	25	19	13	13	14	34	13	20	9	31	40	50	20	44	6	19	44	26	16	50	10	13	49	5	6	42	9	11	6	50	37	28	8	7	44	46	11	2	36	35	17	27	11	46	29	23	3	34	45	5	28	40	42	39	28	2	8	1	10	35	27	30	42	40	30	20	19	38	46	27	5	2	23	49	16	0	46	31	48	38	29	46	30	39	33	1	48	20	4	46	37	37	14	29	39	9	7	19
39	32	40	21	31	48	46	26	23	11	42	25	12	44	41	28	3	40	43	23	20	48	17	41	8	14	13	49	15	49	21	22	33	39	35	13	3	18	40	37	2	22	2	21	47	48	23	1	40	17	7	30	45	42	29	34	29	4	44	46	14	36	17	48	29	44	29	48	31	9	2	38	16	37	12	12	50	18	0	16	25	43	36	25	50	4	48	40	28	26	40	10	2	9	18	32	39	2	41	2
42	5	11	50	49	7	46	13	32	17	49	22	17	39	30	34	25	38	7	38	43	42	27	23	28	5	14	18	9	3	11	17	18	49	31	22	6	34	49	5	30	37	1	11	20	21	9	32	5	5	50	41	28	16	3	18	4	14	27	10	7	11	36	25	27	39	28	28	11	22	41	21	49	6	16	9	36	12	23	0	27	3	29	48	26	21	47	41	48	6	36	43	25	18	45	28	18	44	39	2
48	31	26	42	46	15	44	48	1	23	37	23	29	1	19	14	15	1	30	16	6	8	4	33	17	15	19	33	47	44	5	8	9	18	30	36	46	6	26	30	49	40	22	29	25	47	4	11	46	5	28	42	24	37	27	17	8	20	15	26	18	22	50	12	17	5	16	46	11	19	1	6	30	22	31	27	16	18	37	11	0	35	42	14	22	43	45	7	43	48	36	19	45	33	40	15	39	50	14	9
5	34	7	13	30	1	23	13	48	34	43	18	22	39	7	48	21	13	38	6	4	36	30	24	1	12	25	28	10	22	2	2	18	45	48	6	1	10	17	17	15	29	32	9	47	14	18	39	24	10	42	35	7	25	21	41	8	14	32	48	8	8	17	34	32	5	27	33	27	2	6	50	21	25	38	45	36	10	9	30	24	0	41	42	5	35	4	44	28	47	1	36	48	8	28	12	10	49	25	31
6	24	40	40	30	39	5	26	11	1	36	13	24	47	5	31	3	36	3	32	9	48	15	29	44	26	19	47	30	37	34	15	7	19	41	8	17	14	35	21	18	14	50	11	27	12	30	17	21	39	36	47	37	16	13	2	44	42	18	26	32	35	24	40	9	14	38	45	29	45	34	35	42	46	23	17	7	25	6	9	17	21	0	17	48	44	16	9	27	28	20	5	46	27	47	41	49	16	25	34
4	32	2	40	33	25	19	38	6	15	31	21	35	14	49	9	35	25	48	20	9	39	47	25	20	6	26	12	24	17	36	47	41	15	46	16	42	8	16	36	18	24	45	18	8	9	4	17	7	14	30	13	18	34	3	24	49	35	27	26	43	36	42	40	46	24	46	39	16	49	47	10	2	50	27	12	49	26	29	9	50	37	16	0	44	12	42	45	13	16	9	17	23	18	20	47	21	29	27	24
20	3	10	32	33	20	44	24	18	7	13	50	38	23	20	40	45	12	31	4	12	31	20	31	4	41	23	47	13	19	5	6	46	15	48	42	19	21	9	9	22	10	38	46	49	33	31	48	25	36	19	25	29	34	31	7	48	41	32	16	2	45	22	12	14	44	8	20	9	16	28	30	39	45	43	32	19	17	4	30	41	17	35	17	0	46	33	8	23	3	33	49	38	23	31	10	36	19	49	9
49	43	45	15	7	36	25	22	46	19	39	45	1	6	7	36	25	7	33	39	46	31	11	3	46	34	30	33	19	18	31	1	43	24	39	35	33	2	25	1	1	16	40	42	33	9	41	46	6	6	15	18	5	30	49	6	46	3	14	47	12	41	50	33	4	48	7	46	5	1	31	36	21	21	42	25	22	24	16	13	43	34	33	19	24	0	5	46	22	8	48	42	16	34	44	7	16	50	22	19
4	22	2	30	7	26	22	44	42	39	34	37	24	42	46	18	23	14	21	21	16	7	42	45	17	40	23	3	41	9	10	38	18	6	5	27	25	19	19	30	38	13	46	26	4	8	33	45	35	34	34	29	36	33	39	2	35	20	34	35	3	35	10	26	41	43	15	24	11	19	44	11	13	22	26	42	41	15	28	35	21	13	37	8	13	9	0	21	1	29	16	20	27	48	24	48	50	20	44	4
40	22	10	15	25	35	13	50	13	16	23	12	6	12	29	19	17	21	12	40	41	50	6	12	39	49	42	15	5	37	23	14	47	21	17	46	39	6	33	30	13	37	13	32	41	48	30	23	22	1	32	13	49	37	15	40	9	18	47	2	17	41	3	44	1	8	38	1	17	46	46	4	4	45	19	36	21	2	23	46	46	1	21	28	2	34	8	0	10	14	15	36	40	17	14	14	9	42	41	33
4	4	46	20	25	33	9	27	32	34	11	43	3	36	35	31	9	48	3	43	27	1	17	6	35	15	45	33	26	4	27	45	24	36	17	18	33	27	23	34	10	9	4	32	22	14	4	12	25	38	36	48	4	14	32	14	50	31	11	33	4	43	40	24	18	29	13	5	21	27	46	24	50	24	16	48	12	12	35	16	28	22	40	16	47	20	42	1	0	28	24	47	24	30	49	19	12	35	40	26
24	30	19	27	33	26	32	22	37	18	10	46	3	28	33	24	27	13	15	28	5	6	40	12	9	21	39	26	20	8	40	4	30	26	46	7	30	28	20	33	37	35	12	7	42	40	16	1	29	33	10	5	18	11	11	40	45	13	50	33	2	38	45	43	5	16	45	1	22	32	43	13	46	15	50	28	18	18	43	45	15	2	20	9	2	42	48	14	2	0	47	47	24	16	30	1	29	16	2	37
2	40	1	17	12	14	30	41	12	8	48	34	24	40	32	44	45	31	2	5	31	33	38	46	15	10	45	46	44	37	44	26	1	7	44	22	42	24	41	22	7	11	19	44	34	7	48	6	18	22	20	4	7	23	41	34	8	47	44	22	29	27	13	11	22	11	14	39	26	42	10	44	29	41	11	26	20	42	30	27	35	37	25	1	37	37	41	40	7	18	0	35	41	30	8	13	1	28	19	7
19	35	3	32	8	23	37	7	9	38	19	25	33	11	44	9	2	2	37	32	4	12	46	16	16	41	38	21	13	30	5	42	6	16	1	24	26	34	15	11	32	5	11	17	15	22	14	28	28	46	26	44	36	45	9	46	39	21	41	10	39	32	36	12	19	32	32	49	34	22	45	34	49	11	18	30	45	11	8	28	29	22	27	50	50	5	40	1	26	11	42	0	10	31	19	27	32	43	4	35
4	8	10	38	33	13	26	31	33	47	45	42	35	1	4	12	30	39	12	15	17	10	7	39	41	42	42	41	42	30	45	44	24	48	50	28	33	3	37	39	19	44	42	38	38	11	2	7	29	35	5	28	7	11	6	18	4	22	6	23	1	5	4	17	22	25	6	24	41	50	21	22	38	7	36	45	5	9	30	42	15	46	7	41	45	44	24	27	12	39	40	35	0	22	17	33	14	29	45	48
6	46	37	10	6	8	18	8	35	21	8	49	47	10	15	42	21	49	24	38	43	49	46	27	15	14	19	26	38	41	23	26	11	23	45	49	43	5	26	10	43	6	23	30	3	14	3	31	2	33	19	38	34	32	18	38	28	25	20	39	8	4	10	49	46	45	11	10	20	43	45	19	26	41	9	31	50	5	41	22	34	40	50	41	21	3	9	18	36	3	3	26	20	0	30	29	21	41	30	44
50	32	47	30	26	14	32	6	11	17	26	15	48	6	20	23	44	34	39	44	27	33	17	14	29	24	39	16	2	31	46	50	16	32	18	29	15	9	28	1	37	26	39	34	44	35	48	19	11	5	11	48	49	11	19	45	35	40	45	49	22	7	14	43	48	30	10	40	28	5	35	32	9	27	48	26	2	40	39	26	43	29	19	25	24	2	15	6	14	23	21	22	26	11	0	4	19	8	7	38
18	33	38	12	39	5	44	45	41	26	49	18	30	5	6	2	32	5	24	25	50	39	8	26	11	18	48	34	50	22	11	19	20	30	36	14	26	12	50	50	48	43	22	43	7	41	48	46	43	39	13	13	36	29	41	34	48	31	29	20	47	25	1	30	5	50	24	18	26	29	45	33	39	40	22	45	5	16	2	9	40	2	24	11	23	1	47	27	29	2	47	21	33	19	31	0	31	46	22	15
13	24	29	29	36	22	15	6	12	20	40	31	13	23	41	19	45	17	20	36	8	49	29	45	42	36	13	30	44	32	2	40	18	33	27	34	26	20	29	9	45	31	46	45	4	50	42	42	17	13	37	26	21	8	22	31	30	40	17	13	34	16	40	21	18	5	32	44	46	49	47	5	46	24	7	29	8	4	31	1	48	32	3	33	39	1	45	48	10	31	15	44	36	46	21	26	0	37	46	50
35	26	12	48	42	13	12	44	48	2	37	7	44	50	26	44	39	21	22	24	12	43	2	42	11	22	1	11	3	12	43	31	6	38	19	14	43	22	30	23	49	10	11	38	6	2	40	41	10	47	35	30	15	47	32	45	39	25	16	28	21	1	10	25	34	31	43	28	32	14	2	20	30	24	29	18	38	29	2	27	30	14	34	22	3	49	23	22	41	2	19	24	20	14	30	37	20	0	45	5
19	29	42	31	35	37	14	20	25	6	44	28	17	36	20	46	35	5	46	3	20	30	40	29	46	1	40	37	44	2	20	37	33	12	11	2	5	21	19	24	17	3	3	28	43	7	31	3	40	45	38	34	44	36	14	31	28	5	35	31	21	19	50	30	7	48	45	26	4	26	35	14	46	12	10	50	25	39	13	47	2	34	48	39	26	35	39	38	7	2	35	13	40	48	42	46	10	22	0	36
43	33	48	42	17	44	6	33	35	9	25	28	44	37	33	47	3	4	18	41	9	21	49	50	19	13	25	39	40	28	5	5	33	39	35	33	38	26	40	3	40	36	5	20	32	9	9	14	3	7	48	23	40	32	4	34	33	49	20	42	40	16	7	40	30	34	15	21	15	29	34	2	18	39	7	11	26	49	40	46	5	28	3	5	12	40	37	11	47	10	3	27	43	16	18	32	50	21	45	0
40	47	47	5	12	33	41	4	33	26	21	10	1	17	4	49	26	29	10	38	17	4	43	6	39	39	50	5	45	20	35	19	26	3	46	2	44	41	4	11	38	30	13	41	36	20	35	6	31	25	30	5	27	15	6	23	29	16	22	39	17	14	39	28	26	15	44	13	44	39	37	9	45	46	43	9	19	23	50	11	21	3	8	39	50	24	37	6	42	15	42	21	36	26	40	14	26	50	33	43
0	48	47	6	32	29	42	13	10	41	30	41	46	50	34	31	29	38	10	34	1	19	9	1	11	34	31	18	2	47	13	16	13	19	1	30	21	5	8	27	44	1	50	43	6	46	12	30	32	48	33	12	5	45	20	28	48	46	26	3	16	2	14	18	13	23	33	43	39	31	36	28	10	21	18	23	37	37	35	21	44	32	12	11	29	38	37	5	46	1	48	29	1	21	27	4	38	18	34	47
45	0	47	22	31	32	18	31	12	27	25	8	22	12	47	16	38	17	45	43	15	32	8	32	2	22	16	44	45	19	43	10	13	17	38	12	31	21	18	23	11	32	42	24	9	29	46	44	1	18	24	45	15	41	19	12	24	37	5	6	14	9	15	1	8	49	40	41	7	43	26	30	45	15	36	32	21	6	6	6	19	24	48	12	33	17	50	46	10	30	19	42	46	25	2	20	28	36	34	4
24	23	0	22	23	21	18	22	25	32	45	26	20	29	15	44	5	21	29	15	29	16	47	47	24	21	36	48	11	22	38	10	26	16	44	43	32	14	37	16	38	28	50	11	5	3	30	36	49	18	28	35	41	11	14	31	28	35	30	45	16	44	35	36	31	31	37	32	6	13	39	47	31	8	41	14	3	46	43	17	13	46	44	26	16	9	33	1	46	10	16	16	26	46	39	9	30	17	18	18
21	40	22	0	39	31	40	48	12	13	3	3	2	37	26	5	12	46	47	49	14	30	31	47	40	10	40	12	20	41	3	13	33	46	12	37	7	33	21	24	16	25	27	26	22	38	26	44	21	9	4	46	46	18	2	19	1	11	26	3	34	13	22	34	1	44	20	16	27	12	26	34	8	4	32	41	49	31	25	20	22	42	42	36	6	39	19	49	34	3	13	8	1	46	7	31	45	49	19	44
33	8	46	39	0	47	28	18	45	9	13	13	37	30	15	43	46	2	10	32	14	9	3	7	15	4	9	46	49	43	12	43	20	34	40	23	7	10	48	38	1	41	39	14	13	43	45	21	19	12	25	12	4	32	4	42	15	11	2	18	1	22	44	38	46	43	1	9	40	7	46	4	3	32	25	47	33	48	37	50	50	37	39	20	40	50	1	2	4	8	9	22	9	30	49	15	40	13	40	12
33	36	35	35	14	0	26	33	10	46	34	2	29	24	23	46	43	41	15	24	45	17	28	34	11	11	14	2	12	50	50	37	2	36	2	6	4	50	47	47	41	42	27	32	6	43	40	3	47	6	19	13	27	26	20	4	32	40	17	36	30	11	34	8	46	7	43	46	37	26	8	23	30	25	20	45	11	44	22	25	27	29	26	14	44	10	47	36	25	45	24	15	28	47	35	20	30	21	43	17
31	9	24	25	1	19	0	45	37	27	47	15	14	15	48	38	3	16	28	10	18	9	2	21	31	38	47	47	48	30	12	47	45	48	39	5	27	8	28	42	24	20	37	2	39	31	29	50	26	24	22	3	13	37	15	37	46	4	22	35	34	7	49	49	46	43	40	39	7	47	40	49	12	24	44	23	44	50	16	6	21	24	18	30	30	35	34	42	6	27	34	40	31	19	31	6	9	3	41	2
48	39	21	38	50	20	7	0	27	42	6	20	35	36	49	12	36	38	14	5	18	2	34	16	28	48	34	43	34	49	42	17	26	25	6	38	19	28	6	29	3	35	14	6	32	11	47	3	6	13	36	24	39	41	37	48	46	38	5	49	45	43	13	46	50	31	8	24	37	33	37	16	12	43	27	26	22	7	5	38	15	10	2	11	12	43	5	24	31	4	43	34	16	22	48	8	50	26	14	36
44	23	27	20	20	39	20	41	0	32	14	2	45	16	28	16	14	38	41	17	37	5	20	43	33	19	21	46	40	28	13	21	27	9	23	37	34	5	40	12	2	43	48	12	5	44	6	7	45	19	50	28	18	23	5	32	40	32	34	27	32	50	37	48	41	10	11	39	41	9	6	21	26	22	9	47	50	13	9	20	21	25	17	20	38	1	26	19	23	14	4	39	7	45	27	19	3	23	19	32
50	20	38	40	45	31	33	11	19	0	21	36	44	30	1	45	25	38	29	34	35	4	34	37	32	44	49	13	11	36	14	1	41	41	17	47	38	19	15	33	22	45	48	23	15	34	48	10	34	4	1	22	36	44	48	22	24	18	4	39	28	36	28	11	37	3	47	49	46	16	14	49	19	13	37	34	37	42	36	46	44	29	14	34	22	43	7	16	23	46	27	8	21	33	15	10	22	35	31	17
24	14	20	5	27	36	39	40	43	45	0	17	49	28	31	27	1	33	7	32	12	29	47	31	17	48	2	42	24	19	34	47	17	24	50	39	17	13	20	41	3	2	3	40	13	35	18	32	20	18	8	18	35	46	43	12	23	42	16	8	26	28	19	42	15	41	41	20	36	45	40	17	16	10	44	33	18	49	1	29	36	28	16	7	46	29	35	38	29	12	27	2	41	40	48	27	35	47	34	9
44	47	35	21	24	11	37	27	13	6	40	0	45	7	21	28	11	1	50	40	49	35	8	1	49	31	12	5	48	31	47	42	15	13	42	39	41	8	42	2	18	40	9	39	50	22	36	3	40	25	18	32	48	24	7	6	42	17	39	5	32	43	35	24	10	45	26	11	31	15	1	31	32	5	21	5	29	47	23	6	11	5	9	21	24	45	35	47	44	9	34	8	6	22	41	5	32	39	41	45
33	2	26	43	27	21	35	22	16	11	41	13	0	38	9	43	15	19	31	5	49	27	10	14	41	40	1	42	17	18	22	48	33	47	11	19	18	33	39	41	8	26	6	46	44	12	25	11	32	13	49	33	40	13	31	30	5	32	49	5	49	9	6	22	37	2	38	48	26	45	45	17	36	21	13	6	3	12	28	14	20	32	15	44	27	20	24	11	18	42	43	36	42	11	38	48	44	46	41	17
12	3	12	21	48	37	26	14	34	36	30	24	23	0	14	45	24	11	48	21	11	33	10	35	29	28	31	41	21	26	38	4	32	40	13	14	13	11	28	23	34	46	35	28	8	19	21	34	18	33	48	25	14	12	12	40	39	39	33	2	45	7	43	40	41	45	17	11	34	47	36	23	50	43	34	28	39	3	25	15	26	1	21	5	17	10	44	43	19	32	3	2	4	40	17	28	15	3	15	27
44	44	16	46	49	23	1	8	13	18	45	20	32	30	0	36	14	23	15	28	31	30	24	7	12	46	16	31	20	24	29	34	2	2	30	46	3	33	47	43	23	36	24	48	30	14	27	34	7	44	2	9	8	35	36	17	3	19	37	35	46	41	35	47	35	1	4	25	23	1	36	30	47	2	50	32	31	37	14	44	15	42	18	39	1	25	5	19	47	17	29	19	2	37	46	17	41	50	5	18
19	4	25	9	32	19	37	7	24	27	12	9	6	6	39	0	2	33	17	48	29	48	26	33	32	22	18	11	23	10	50	49	15	6	21	37	21	4	13	31	27	6	1	2	13	1	27	2	34	28	31	36	43	27	24	28	28	33	3	17	47	43	22	24	42	39	10	25	34	42	37	20	36	1	12	11	32	23	50	12	29	25	42	47	41	43	33	19	3	30	10	10	32	50	46	10	44	32	48	38
19	9	11	10	34	3	26	46	16	11	10	26	42	3	45	17	0	29	28	4	33	35	45	41	23	40	7	20	38	15	27	20	27	3	24	11	26	22	41	21	12	37	6	12	39	10	9	44	16	9	38	14	35	29	9	36	47	23	32	15	19	17	10	22	33	27	26	3	39	43	21	40	40	8	25	48	32	49	1	47	38	8	43	35	16	11	25	8	38	16	6	27	43	10	43	9	38	24	14	10
47	41	31	48	31	8	8	7	29	15	28	44	11	33	29	43	23	0	34	43	50	44	16	3	47	2	18	24	21	28	4	12	19	10	50	48	24	43	29	13	26	9	7	22	1	12	33	12	46	45	29	9	41	26	19	10	49	6	7	26	44	40	4	8	24	10	43	31	43	18	20	36	48	21	36	11	41	19	10	32	50	26	46	43	45	9	25	26	31	19	14	43	22	35	38	4	10	22	16	41
19	10	50	38	22	15	23	45	11	12	33	2	50	15	49	44	36	23	0	23	13	14	38	8	38	47	11	23	8	45	18	15	11	7	46	11	12	6	36	15	50	1	34	36	37	42	25	45	23	13	25	22	13	5	48	20	11	11	30	36	48	21	44	22	5	26	33	45	48	42	12	43	37	12	40	49	44	16	20	10	37	6	38	11	4	3	25	2	14	30	7	7	49	4	2	48	17	5	35	27
49	24	22	49	7	3	22	30	11	42	24	12	38	32	19	36	37	44	37	0	34	25	15	44	31	14	33	43	36	27	22	1	35	37	48	42	4	35	15	38	15	47	38	22	32	16	11	17	28	25	50	26	45	1	8	36	29	43	30	16	28	2	7	5	32	36	37	24	24	9	41	33	13	42	37	19	40	48	49	25	49	41	50	43	2	43	26	9	36	31	4	47	14	14	17	7	48	37	34	27
4	29	39	22	11	2	37	43	26	39	12	42	6	19	25	37	8	46	44	46	0	15	2	22	49	23	17	13	25	23	35	49	32	25	49	9	35	25	45	33	2	17	37	19	37	47	49	4	15	49	2	11	34	33	31	16	43	37	12	20	42	39	31	29	5	34	32	15	39	12	1	48	9	7	8	25	6	9	20	34	35	20	8	10	16	8	34	12	2	44	13	47	12	15	10	34	43	13	27	26
45	43	9	28	35	6	6	1	35	43	18	38	6	15	26	26	30	15	27	41	29	0	49	31	5	49	32	34	7	49	9	19	37	29	10	29	15	39	48	6	4	15	25	22	50	37	18	36	41	11	15	21	1	3	9	5	17	10	20	40	37	26	45	25	13	12	47	13	6	9	36	44	18	44	39	22	50	4	34	34	5	38	48	19	11	50	4	23	38	27	15	44	1	17	9	3	16	31	13	48
33	20	18	8	39	18	28	23	50	28	34	22	40	29	15	24	35	4	20	8	24	32	0	8	23	43	17	30	1	23	19	3	22	42	37	23	29	43	20	18	30	28	20	20	32	33	18	31	3	26	20	42	37	38	50	8	7	49	44	50	18	23	30	30	9	49	47	44	37	43	46	3	7	34	7	22	6	7	36	22	43	8	30	50	12	1	15	27	45	38	50	24	45	23	16	2	14	18	50	12
22	39	4	18	5	39	18	24	30	16	49	48	40	38	2	17	27	43	14	30	14	37	18	0	19	21	26	42	25	25	22	45	46	50	20	26	10	21	30	26	14	29	22	29	46	23	11	33	45	13	2	15	13	25	35	15	26	18	42	17	39	30	35	50	33	11	5	37	39	17	6	13	32	47	23	5	29	27	18	49	25	1	15	4	25	6	24	45	34	2	46	46	21	31	7	18	50	26	35	39
24	50	48	47	40	48	25	14	16	29	40	38	22	23	31	11	33	44	18	11	6	32	18	48	0	20	5	48	41	36	22	24	32	17	23	20	5	48	25	24	44	27	34	7	13	24	29	17	36	6	47	6	38	42	35	36	35	48	11	5	37	25	36	21	39	8	24	3	43	20	15	34	19	5	26	24	9	49	23	10	16	23	42	10	18	22	42	16	42	40	24	46	12	30	50	32	34	29	22	41
49	6	4	44	32	22	40	18	4	5	16	25	34	4	32	20	4	26	38	35	37	19	27	24	3	0	7	46	10	7	10	10	28	4	50	50	35	12	35	47	29	49	19	37	49	17	43	28	12	18	24	15	5	46	36	16	10	25	5	21	17	47	7	33	45	49	14	39	29	3	2	30	43	34	7	42	21	7	15	16	3	17	36	39	41	29	16	35	20	35	45	13	48	2	5	39	4	13	2	48
42	43	47	38	22	12	43	14	43	46	43	19	36	10	47	4	49	15	1	36	3	38	9	41	13	33	0	18	18	27	11	32	50	8	38	9	32	26	2	9	20	16	37	31	11	22	13	4	44	12	23	30	20	45	28	6	26	10	46	2	26	46	26	45	47	30	18	9	39	44	25	12	48	32	36	18	34	37	6	5	8	5	21	35	34	28	42	40	32	32	43	10	20	50	28	30	39	32	3	49
1	48	24	31	19	35	41	33	44	5	18	10	3	10	47	19	21	49	12	46	35	27	36	16	6	20	4	0	17	15	3	45	45	47	9	42	11	19	15	6	37	13	42	8	42	33	19	6	18	37	23	27	3	34	47	26	49	18	38	27	13	31	25	21	9	46	40	20	3	39	30	39	27	45	11	13	34	49	46	26	34	39	46	30	5	46	20	35	3	32	15	40	44	30	5	39	4	28	34	11
6	42	47	21	9	37	6	8	43	24	22	34	5	50	44	43	46	19	39	12	5	5	37	32	50	3	23	16	0	29	34	33	3	14	50	47	45	1	15	29	44	26	23	15	22	43	16	22	35	23	11	27	13	38	46	33	16	30	18	39	31	32	34	32	8	39	33	49	17	29	43	8	42	41	8	36	10	7	27	49	37	9	42	10	1	18	25	27	8	49	48	43	34	45	33	2	48	12	43	18
7	44	13	40	25	4	19	40	43	48	11	44	49	27	27	24	29	42	3	44	24	13	43	20	40	25	13	37	12	0	43	14	28	8	14	29	7	13	12	33	34	4	10	8	21	28	45	9	4	30	33	23	40	37	10	40	46	48	30	26	45	19	44	20	26	2	9	12	42	15	7	33	35	12	20	32	33	27	6	49	36	38	6	35	2	6	15	31	40	44	1	11	48	7	3	3	10	31	12	49
9	10	5	19	48	49	34	24	13	21	43	47	14	36	49	8	8	22	13	48	44	27	31	43	17	42	25	38	36	36	0	6	5	30	26	43	29	16	9	9	37	28	17	28	24	1	21	10	24	30	36	22	31	13	44	27	38	1	7	12	30	48	8	48	14	13	35	8	12	12	18	32	33	38	38	14	5	44	23	40	16	42	30	46	10	25	29	8	1	37	28	1	39	44	46	49	19	39	18	20
3	37	18	33	7	49	18	33	38	25	47	41	27	11	20	22	12	46	15	13	33	26	7	27	7	47	37	44	8	35	24	0	10	18	14	13	3	14	9	41	40	39	10	27	16	12	4	10	15	23	4	3	44	21	4	47	6	28	50	48	43	42	11	35	20	17	28	11	22	42	18	7	10	5	44	8	21	48	3	48	37	31	45	17	29	15	34	25	37	43	22	31	43	3	4	33	9	22	16	33
35	24	49	41	46	12	37	14	18	38	21	35	9	4	4	24	33	9	19	5	30	13	10	19	21	14	36	49	13	16	25	27	0	33	24	32	24	14	8	40	50	29	49	38	11	13	20	42	45	23	43	38	22	43	37	17	14	4	28	20	20	30	45	3	38	35	33	8	29	18	48	20	44	37	7	44	8	24	25	7	1	18	38	49	23	30	27	40	12	31	43	36	25	44	41	27	11	42	41	40
19	9	13	29	49	48	5	3	28	3	35	41	3	5	7	33	29	47	19	31	12	7	18	44	8	33	27	39	29	48	48	44	43	0	5	17	7	36	8	24	5	40	19	47	44	32	40	39	24	37	1	42	27	43	4	29	40	48	23	18	49	45	15	4	36	1	44	22	34	38	6	29	9	17	24	32	4	18	23	12	45	41	47	22	27	6	36	7	49	33	19	21	12	48	23	8	9	21	19	11
4	43	14	13	43	40	21	10	35	48	33	22	12	15	45	27	34	23	35	28	30	20	45	31	39	47	50	15	28	10	3	34	15	8	0	11	31	25	44	7	39	30	34	27	28	3	46	19	12	13	8	48	35	33	17	15	5	22	49	22	10	48	20	8	34	35	19	35	21	15	45	50	6	7	15	36	24	32	10	17	18	7	16	10	42	24	47	28	35	12	38	44	2	30	45	39	9	4	1	8
50	37	18	29	33	2	27	49	6	11	27	14	37	35	28	33	1	11	20	34	49	50	7	6	39	33	21	13	12	28	42	23	36	19	9	0	16	23	6	25	25	15	14	37	15	37	9	47	32	38	27	45	24	10	25	41	39	16	39	37	39	25	35	32	48	46	28	14	1	34	25	31	14	25	26	8	20	2	41	9	29	26	47	11	46	18	36	47	42	41	2	42	39	25	1	9	30	25	39	17
22	39	11	18	26	44	22	42	46	8	35	1	45	4	36	33	17	1	10	47	2	6	24	45	37	6	3	7	50	12	20	36	37	44	38	28	0	10	38	32	24	48	38	19	30	50	3	19	50	40	10	30	29	48	23	27	35	1	36	22	34	8	19	36	18	27	1	32	15	9	33	4	33	47	34	44	3	15	41	49	36	30	11	39	26	34	2	4	41	2	45	20	35	41	41	30	12	26	40	26
21	30	45	47	4	33	5	7	12	14	20	14	9	5	35	43	13	25	49	40	23	40	47	36	17	13	28	38	40	29	37	38	43	11	21	33	31	0	22	45	28	19	29	40	25	16	38	50	34	44	17	35	8	47	38	45	23	29	36	6	6	45	38	18	8	49	9	36	32	25	33	7	11	3	17	8	1	14	15	9	32	11	30	39	40	48	18	37	16	25	2	25	43	44	36	50	41	10	18	1
20	33	21	10	8	11	33	49	47	42	24	21	29	31	47	7	9	20	35	29	33	5	42	21	18	32	23	39	44	41	27	36	38	24	9	38	38	37	0	39	19	6	8	17	17	3	42	4	49	49	5	26	31	3	50	6	36	35	13	7	17	34	32	26	43	6	48	24	20	48	38	48	18	5	44	50	30	35	6	22	31	18	29	18	32	1	8	27	34	14	35	24	26	35	47	6	2	4	34	33
47	48	11	30	34	32	11	22	36	14	12	21	46	12	21	50	29	4	33	11	42	7	38	17	48	28	22	33	20	45	28	19	46	9	49	9	13	29	25	0	45	40	18	34	26	23	33	10	4	28	6	39	5	49	19	22	9	21	9	35	11	29	20	13	32	12	16	45	10	4	37	33	43	24	1	13	43	18	44	40	9	26	10	46	47	41	30	20	17	3	36	16	37	39	7	14	9	8	22	21
47	50	46	44	2	20	26	40	29	14	9	15	31	5	43	9	31	39	46	15	18	28	13	5	12	36	42	8	12	7	33	40	19	15	28	12	21	40	36	20	0	29	35	18	24	48	10	48	41	26	12	13	34	17	23	10	37	47	33	32	41	11	5	1	9	44	47	5	26	31	22	33	31	9	44	24	38	25	2	47	12	31	40	27	17	3	25	7	37	16	50	17	17	7	24	28	50	40	36	16
17	41	28	17	30	1	27	43	38	25	24	22	16	2	42	1	10	26	48	46	38	18	42	15	7	19	26	49	22	49	1	26	29	17	44	17	45	28	16	41	18	0	1	33	25	12	43	49	13	30	11	17	13	30	34	20	29	42	16	1	30	27	17	42	35	43	4	46	38	4	29	1	46	18	19	17	12	4	41	14	44	11	43	29	34	42	15	36	30	11	22	32	5	5	17	44	8	44	18	10
34	25	3	10	12	36	33	32	21	6	28	37	14	39	50	15	1	46	14	44	3	39	37	49	12	5	24	50	23	1	42	22	19	3	31	7	28	47	33	47	22	47	0	46	12	5	43	18	41	46	12	33	27	47	49	19	24	28	5	3	36	5	13	6	40	10	7	12	3	4	42	25	36	34	17	13	29	37	49	30	19	5	38	46	50	8	46	36	9	39	35	4	2	7	40	12	42	47	14	22
4	31	19	11	10	7	2	2	26	12	12	29	41	26	43	7	13	4	29	25	2	11	5	3	19	9	8	27	21	12	41	34	10	34	16	27	36	18	18	12	48	30	2	0	36	19	40	32	3	44	49	36	17	22	24	17	31	42	1	19	47	22	1	40	1	34	46	12	50	20	18	26	18	5	46	13	40	24	16	36	11	4	18	19	33	6	12	4	26	42	9	11	14	15	16	44	39	17	39	17
11	49	44	15	8	24	22	27	23	47	31	28	22	13	17	40	42	18	50	29	2	37	24	34	43	39	14	17	35	1	36	35	8	33	18	33	12	4	49	42	39	4	5	50	0	2	8	19	7	25	9	38	10	40	41	43	34	11	26	42	36	8	41	50	17	13	25	43	32	28	10	38	49	36	23	22	17	41	47	7	14	9	2	21	42	1	46	1	19	22	10	36	36	50	16	17	9	1	41	34
40	25	34	21	5	48	22	39	18	39	37	3	10	49	17	36	26	12	47	30	43	13	26	2	41	31	42	47	35	34	34	48	28	50	26	27	8	11	7	13	27	32	10	37	28	0	32	22	30	28	32	31	26	1	47	9	12	11	16	43	14	30	11	50	2	31	21	23	38	41	34	29	22	37	2	18	2	13	5	43	50	8	24	23	13	44	37	20	30	21	11	39	41	31	15	5	4	49	15	32
10	20	11	41	20	3	22	22	35	46	46	46	28	40	16	49	5	46	35	37	47	23	32	32	15	8	6	35	13	42	31	27	40	49	24	36	19	28	29	42	8	6	2	12	38	49	0	4	26	33	33	42	21	43	37	45	39	16	15	34	14	45	33	31	34	17	39	2	3	5	7	40	19	36	3	35	9	12	23	43	45	24	18	9	23	15	19	1	46	46	24	19	48	46	26	2	14	18	28	33
43	10	23	44	2	19	23	27	47	27	10	46	29	42	46	24	18	33	13	1	40	6	26	12	19	8	48	16	38	30	7	31	2	29	13	13	50	26	2	23	14	10	26	50	46	28	47	0	30	16	21	27	10	13	34	17	3	48	21	22	11	14	36	33	46	21	12	22	25	5	44	22	9	30	46	23	8	30	29	25	44	42	6	27	16	17	39	4	26	37	35	1	22	16	7	13	23	26	43	41
24	38	23	31	15	33	45	39	35	14	19	41	17	45	9	14	16	20	39	40	2	26	41	41	50	7	45	30	1	32	48	32	27	45	18	20	33	41	5	17	12	45	7	11	26	45	34	35	0	14	24	29	29	32	7	17	10	38	26	9	23	49	43	42	34	3	49	26	36	26	39	4	5	30	47	27	43	38	4	10	42	20	35	34	19	33	4	8	16	38	6	16	6	34	9	15	47	30	1	31
16	9	1	42	49	7	38	46	37	48	17	20	28	26	15	32	13	36	38	44	33	24	37	30	42	18	17	43	13	19	13	30	13	36	19	31	33	32	46	13	26	37	5	18	43	41	10	7	32	0	33	14	47	31	15	49	39	3	37	28	48	10	17	39	30	41	9	45	49	6	44	28	47	11	20	3	50	18	39	35	22	38	43	5	50	17	10	37	14	11	47	13	35	34	48	33	17	30	28	17
25	13	38	27	6	9	31	35	24	44	50	30	7	15	12	13	5	32	49	36	34	16	5	38	28	32	46	5	50	1	21	34	2	48	40	29	20	18	48	41	44	29	39	30	7	36	43	34	17	38	0	44	48	30	44	11	34	50	13	8	41	29	8	12	50	28	26	48	5	39	8	3	37	44	48	36	36	43	28	38	44	15	13	3	34	38	49	43	34	34	8	15	21	27	15	10	11	38	38	32
28	27	10	2	47	38	20	23	31	13	23	25	24	16	5	50	9	48	23	7	50	48	41	45	18	28	24	27	27	7	8	19	35	8	26	11	18	46	24	41	49	2	36	28	19	30	43	36	30	3	11	0	45	27	32	48	47	5	21	19	15	20	20	31	2	34	27	35	2	4	29	21	3	41	2	21	33	38	23	44	26	10	5	6	48	46	33	41	49	44	15	21	19	27	44	48	25	14	18	34
36	32	5	8	41	33	5	25	1	50	46	47	1	13	41	5	38	24	35	13	48	13	12	30	49	20	44	31	12	20	50	44	42	10	44	40	31	40	41	46	4	21	31	20	22	1	8	6	40	48	26	49	0	41	9	13	48	48	16	17	47	22	8	41	24	4	1	7	26	12	48	8	31	14	22	31	15	11	41	19	39	29	1	25	14	44	2	28	18	41	30	17	17	9	25	15	43	46	48	21
32	43	34	28	14	44	22	16	22	40	42	32	23	27	4	48	1	19	17	47	12	30	32	17	19	39	18	26	43	11	25	34	20	33	6	29	27	32	8	34	43	43	25	37	15	4	7	7	21	23	38	25	45	0	28	4	27	23	7	16	17	27	44	46	18	39	6	42	49	36	8	4	11	1	38	7	20	12	33	21	9	50	46	29	36	8	48	9	34	27	18	10	48	14	23	26	31	5	6	46
9	46	29	42	39	40	6	44	39	50	33	20	36	1	35	19	30	29	29	39	44	16	50	23	38	3	35	16	5	18	37	31	9	33	18	36	42	35	14	18	15	34	13	31	29	8	15	33	15	11	14	12	17	19	0	5	2	35	9	45	12	26	5	46	12	5	26	14	19	23	12	8	35	20	50	20	43	49	8	23	31	49	19	4	22	14	10	16	49	12	16	33	4	33	48	5	16	44	38	4
22	43	5	13	16	39	44	37	13	30	24	22	12	43	9	17	7	36	25	30	39	7	5	7	35	16	4	2	22	19	38	46	21	31	2	26	1	44	25	5	50	33	39	25	43	2	21	26	42	7	16	37	1	20	12	0	48	23	33	37	32	33	3	15	14	29	13	34	21	38	50	40	37	34	9	12	17	29	13	12	19	17	29	29	41	4	40	36	23	33	46	27	25	16	7	10	7	41	18	2
49	12	28	28	47	38	2	43	48	8	15	30	4	45	24	32	47	1	17	40	40	32	31	45	20	22	46	10	44	5	41	33	2	17	24	19	16	36	40	23	10	28	38	18	31	17	39	49	29	42	28	6	33	1	32	15	0	32	14	44	49	25	3	49	47	28	35	46	10	10	27	41	50	2	47	25	1	15	32	35	20	22	25	5	23	17	35	41	46	28	46	19	41	15	14	13	1	33	25	50
14	33	31	9	15	3	31	27	29	6	25	14	50	37	3	1	7	34	50	15	48	12	37	36	22	19	5	48	30	3	38	3	15	40	30	22	26	13	47	44	41	50	5	5	5	12	8	50	50	2	49	1	28	26	7	13	36	0	4	19	35	42	15	42	37	47	26	35	31	6	18	33	40	49	3	22	15	28	34	42	38	1	4	48	23	11	30	37	2	30	23	24	16	39	15	33	27	30	42	30
3	48	14	22	44	24	33	26	20	19	9	48	2	32	35	44	26	41	2	1	27	29	8	26	40	30	16	10	21	47	32	47	24	48	13	10	47	50	16	33	22	37	26	28	13	11	45	37	41	40	1	4	16	44	1	41	10	37	0	29	1	38	15	43	47	39	33	40	1	6	25	18	42	15	11	22	48	12	3	26	46	29	8	29	28	29	47	7	15	14	39	20	19	50	35	20	20	12	5	33
19	4	27	7	4	46	41	26	47	42	17	32	4	38	38	50	49	16	7	22	15	7	19	8	43	9	22	39	25	35	16	2	17	19	26	8	19	15	17	34	25	41	10	9	11	39	46	8	23	4	39	42	49	13	15	32	39	3	44	0	9	39	7	22	28	41	29	31	22	44	34	2	39	25	36	25	15	12	31	16	13	7	35	30	32	49	43	21	48	25	31	26	23	27	20	17	3	5	14	24
39	1	8	10	15	20	11	10	17	9	27	35	39	38	2	4	6	44	36	2	25	30	47	23	21	46	9	32	17	4	4	2	10	10	35	49	25	15	46	42	31	15	24	21	15	23	26	9	15	7	27	8	35	31	20	31	19	33	42	32	0	28	32	7	21	18	28	44	48	33	15	45	14	32	47	1	17	30	22	14	3	44	20	18	36	19	11	31	19	2	29	42	50	49	33	4	33	13	48	32
30	5	35	10	16	49	7	14	44	2	20	13	50	22	16	42	13	24	43	13	34	24	31	42	45	40	23	5	20	38	5	7	20	43	39	10	45	39	4	9	7	18	5	34	13	13	13	39	33	4	20	42	27	15	24	29	20	24	6	27	36	0	42	17	13	16	46	17	19	14	21	1	1	18	11	26	41	33	22	29	48	11	28	43	34	12	39	37	41	11	25	5	45	18	18	30	31	3	13	13
23	10	38	41	19	15	13	37	18	25	9	49	2	40	18	16	1	1	44	32	24	22	46	20	11	19	4	30	35	14	20	26	25	41	28	19	14	11	29	4	17	43	50	48	10	5	15	42	24	17	31	15	32	12	4	6	40	25	46	44	48	34	0	20	7	20	7	4	2	46	36	39	36	34	36	16	30	7	50	41	49	24	24	32	49	18	11	10	17	31	36	45	20	18	43	28	32	10	2	24
13	5	40	22	41	33	1	6	37	19	5	20	8	50	20	14	23	46	16	11	24	33	7	36	43	47	2	22	14	48	25	21	32	11	24	5	11	37	31	17	29	39	7	17	23	16	18	36	35	14	27	5	10	9	24	24	49	27	25	9	40	33	36	0	21	17	42	20	8	11	23	25	46	24	36	40	3	41	43	19	7	19	20	31	21	30	28	46	10	27	42	9	49	18	28	9	32	2	28	50
49	36	6	32	48	45	30	13	38	12	9	6	4	8	17	18	32	37	12	26	40	26	35	42	31	11	1	2	17	21	22	42	11	48	18	5	10	7	37	32	6	37	19	23	25	32	25	26	49	2	7	32	19	25	36	9	3	41	25	38	20	40	3	40	0	15	37	45	10	1	17	48	47	19	39	18	29	10	1	7	23	37	36	14	42	15	48	28	3	6	8	32	3	35	37	29	24	39	10	6
40	31	24	45	48	34	5	7	11	29	33	44	26	28	32	46	35	47	11	1	39	46	26	2	21	37	42	23	15	36	7	47	44	12	39	4	8	15	21	29	48	17	49	8	4	25	10	29	6	45	1	41	23	42	18	30	22	8	6	34	7	40	15	14	36	0	7	10	29	30	18	39	37	45	37	9	41	43	8	10	20	49	15	28	5	39	18	43	44	17	50	2	24	42	32	48	24	13	27	41
6	4	10	50	16	7	20	43	12	14	33	12	43	12	12	6	43	31	8	29	47	22	4	47	24	16	16	22	36	45	50	19	22	42	10	38	21	25	26	40	29	46	44	33	29	5	6	9	34	33	22	14	46	36	34	39	41	25	13	21	7	20	21	36	32	30	0	1	32	40	38	45	35	29	13	50	11	27	27	38	34	42	8	28	5	21	6	39	49	19	46	20	27	13	14	49	25	15	7	4
41	49	34	42	42	9	16	31	2	8	36	20	42	44	7	22	9	35	45	48	11	32	50	36	36	30	32	42	39	32	30	5	24	36	30	1	7	12	1	29	14	37	12	12	17	48	26	16	27	26	26	30	14	47	47	22	7	37	13	22	12	31	1	43	18	16	21	0	44	39	47	19	20	20	29	48	20	8	11	42	2	23	14	1	44	18	40	32	19	40	16	3	22	6	37	15	18	38	5	47
5	37	16	48	36	5	44	12	22	6	46	39	12	29	50	26	13	37	35	50	39	26	44	14	7	24	26	32	17	14	18	37	10	30	13	42	48	50	10	18	10	20	26	35	3	15	20	11	27	35	25	10	32	23	31	36	6	20	49	4	21	27	6	36	27	19	32	46	0	43	44	48	19	25	36	15	18	47	8	2	36	24	39	38	33	43	23	14	7	29	9	49	48	11	12	19	21	49	20	7
41	23	4	31	32	45	40	42	19	32	32	30	29	33	13	32	45	40	42	29	27	31	17	8	22	37	3	36	14	15	34	10	24	16	35	50	27	27	36	18	11	2	20	23	5	23	7	32	42	9	13	27	18	25	40	29	34	46	49	6	4	13	18	3	37	28	38	3	14	0	25	11	34	38	2	28	35	5	39	47	35	32	10	11	13	1	43	18	23	25	6	18	43	28	18	40	7	44	14	10
16	14	22	32	22	19	26	24	45	7	1	11	23	27	20	34	32	29	35	7	45	49	35	33	36	32	33	25	11	16	17	7	28	20	49	28	5	46	2	26	16	10	30	11	27	3	3	28	3	38	48	49	22	21	18	33	29	46	34	29	8	9	2	39	18	11	32	29	15	18	0	19	50	47	26	2	4	34	19	5	30	43	20	10	6	18	47	41	44	12	46	12	14	6	1	50	25	17	45	28
21	43	17	46	14	6	20	48	17	12	29	16	40	18	19	9	18	5	5	14	9	47	22	30	38	49	8	46	50	25	42	26	13	7	26	9	47	46	43	3	38	24	23	23	22	35	23	21	5	21	23	13	11	49	15	42	40	31	29	9	45	31	25	48	45	3	34	42	31	30	1	0	26	11	25	48	50	3	27	24	32	21	24	22	50	6	39	45	25	26	29	4	14	46	43	43	32	12	40	33
14	28	1	14	35	34	44	3	45	28	21	50	14	9	7	49	47	49	7	41	35	43	15	20	32	49	3	28	4	47	29	15	12	33	48	18	43	12	12	18	44	12	27	28	2	33	22	9	34	23	24	47	20	2	4	45	21	32	12	46	17	24	43	43	30	24	18	23	47	12	33	20	0	2	6	19	5	34	40	18	48	42	43	2	43	15	31	48	23	43	4	26	21	33	6	20	27	35	37	39
27	47	49	19	13	11	27	11	39	5	35	2	41	49	33	25	3	35	17	13	36	29	41	12	37	36	7	13	18	48	44	25	2	14	2	42	18	13	5	19	14	13	50	6	4	8	33	15	40	5	36	49	29	30	27	13	7	34	39	1	9	33	28	7	40	21	13	42	25	41	46	12	21	0	1	14	2	45	12	27	33	26	27	50	47	37	23	10	16	44	13	42	1	3	12	23	2	35	29	35
42	20	47	33	23	17	4	19	4	1	46	26	48	44	22	6	7	43	38	18	49	43	13	28	11	42	14	31	7	34	3	25	9	45	12	45	23	25	25	27	7	22	24	28	45	9	31	35	12	28	8	28	9	12	21	10	10	14	3	23	39	42	28	37	27	4	46	16	19	13	17	27	43	22	0	12	6	44	41	40	27	7	19	32	17	41	16	20	10	37	8	46	23	21	15	15	5	26	6	31
3	5	7	49	26	10	19	17	13	47	35	21	32	22	45	27	41	40	6	33	14	4	37	5	50	47	4	33	37	19	21	42	38	13	12	14	43	41	32	15	14	7	41	7	34	14	50	9	17	32	44	28	4	46	50	38	47	34	6	43	29	43	4	16	44	8	29	46	42	32	43	27	28	2	39	0	28	44	16	32	4	20	40	43	1	47	7	50	18	32	4	1	24	5	9	49	6	11	20	47
29	21	17	23	19	2	29	26	30	45	39	13	48	28	23	1	35	38	19	12	12	1	37	44	7	48	32	24	12	29	10	49	39	10	31	15	31	32	9	20	26	41	42	47	8	17	30	44	42	14	47	25	35	46	4	27	28	2	34	7	21	32	29	3	50	16	20	26	2	26	34	25	47	42	8	16	0	1	46	39	42	26	48	26	17	34	39	14	14	38	24	31	16	39	24	43	11	47	32	19
42	47	2	33	23	26	30	18	13	22	24	19	20	12	41	30	37	27	46	29	36	2	14	3	40	35	15	8	42	29	31	21	33	31	11	2	48	34	47	5	16	4	44	20	33	15	14	47	50	44	37	20	33	22	46	44	46	29	22	6	8	38	18	43	28	17	32	28	50	44	10	31	50	41	27	45	38	0	20	11	20	1	3	35	45	42	22	5	10	22	36	42	26	19	13	40	43	32	9	45
38	14	34	15	33	46	18	21	6	4	6	38	3	50	41	33	3	22	15	2	45	46	41	30	16	42	29	8	25	48	28	49	19	22	4	27	24	7	22	21	10	6	8	36	3	5	3	40	37	8	47	20	8	45	32	6	4	18	27	41	14	22	47	24	48	3	41	6	4	41	17	13	19	27	41	30	20	26	0	34	20	2	8	44	27	27	10	30	9	25	14	11	43	6	39	13	6	9	31	50
7	25	19	24	36	38	46	39	13	5	12	13	29	13	49	40	2	26	11	49	24	47	11	24	24	37	46	32	1	26	14	19	17	1	25	35	7	28	13	8	48	32	33	23	20	32	25	27	49	36	26	48	29	7	16	47	2	22	48	11	30	44	29	27	49	10	18	29	37	8	4	36	2	6	49	22	33	35	19	0	34	21	6	37	31	35	21	17	31	14	43	32	9	43	3	5	9	48	38	12
43	30	30	5	46	25	41	27	22	20	19	36	22	21	4	6	34	3	35	9	45	1	20	44	36	17	10	5	29	38	19	6	29	22	29	16	5	22	20	19	6	40	11	1	49	48	8	42	24	41	34	46	33	9	40	15	27	3	19	19	13	15	28	5	27	13	16	28	47	49	8	42	18	26	49	32	20	32	9	15	0	15	43	8	1	9	23	36	46	25	35	34	22	16	5	28	42	27	43	6
37	49	37	39	30	20	23	1	48	35	10	15	12	49	46	12	33	44	40	2	3	9	22	6	1	6	3	10	19	10	20	21	11	42	18	24	47	17	24	24	26	30	50	5	44	13	21	7	48	41	44	28	50	49	46	11	20	6	39	24	26	11	24	30	19	47	25	22	22	23	22	29	11	29	13	5	37	19	14	5	14	0	34	17	4	17	8	25	40	50	32	24	21	26	33	26	21	8	21	18
23	1	3	14	22	4	48	14	7	19	50	10	36	12	31	16	24	29	50	13	3	6	30	50	7	13	45	17	24	14	45	10	18	45	34	7	5	49	38	31	14	42	43	3	18	4	16	15	34	33	22	34	5	23	18	37	37	26	20	4	50	38	20	36	19	35	38	4	16	23	29	14	22	24	48	42	24	15	37	11	10	26	0	13	42	5	23	31	37	29	49	22	10	47	24	4	29	32	45	50
50	36	7	39	7	23	26	28	40	12	35	12	44	12	40	7	16	46	9	30	14	39	26	16	8	5	28	27	43	10	24	29	35	43	12	30	6	48	48	32	4	19	23	6	13	43	5	44	23	33	3	50	17	38	23	1	27	38	32	1	37	2	26	27	33	25	22	42	15	29	7	17	31	2	20	21	3	41	28	5	7	46	37	0	43	10	33	23	12	38	23	31	38	32	37	7	46	34	33	33
29	1	21	31	14	3	20	40	20	45	35	20	24	37	1	39	6	26	11	28	35	41	14	26	32	7	11	24	9	39	30	5	41	40	2	45	31	6	22	25	11	12	49	47	18	16	13	43	49	16	2	11	24	4	27	41	29	38	30	8	30	43	32	26	31	43	24	5	13	41	11	33	14	3	48	44	32	41	35	23	23	17	20	8	0	14	6	32	25	38	32	34	43	19	31	6	43	36	50	12
15	11	3	49	44	30	24	9	12	26	39	39	17	25	14	33	40	27	32	37	43	14	8	42	4	46	30	11	17	48	23	15	16	34	42	32	5	13	21	4	44	44	10	13	3	7	45	8	35	5	3	25	10	3	15	26	25	13	15	6	31	5	11	16	18	14	40	6	38	39	8	31	40	44	35	14	18	45	21	8	7	18	8	31	27	0	43	1	40	33	45	46	5	15	33	6	28	21	17	9
46	17	2	22	7	46	38	10	49	40	31	21	29	42	47	38	42	44	35	43	43	16	3	28	20	25	37	43	44	47	48	31	40	18	18	22	44	27	10	13	9	29	30	49	1	10	17	25	47	35	6	25	27	28	21	19	16	22	32	6	26	47	5	26	15	44	24	45	4	50	48	46	2	18	21	8	49	35	32	14	39	36	18	35	23	37	0	27	10	21	21	1	50	3	5	43	21	28	16	14
7	49	50	46	28	3	20	10	46	3	35	8	14	32	33	9	23	31	17	43	16	42	37	35	29	27	12	37	35	43	20	16	42	11	41	4	11	36	27	44	7	12	37	39	24	4	42	45	33	22	33	12	3	7	15	50	44	40	16	42	17	6	42	40	38	15	28	26	43	16	9	22	2	1	22	47	3	45	4	35	16	19	5	11	13	36	6	0	47	17	2	27	50	15	27	27	32	31	2	14
27	21	5	28	5	20	19	12	38	27	21	41	18	45	10	35	6	20	50	30	12	43	29	29	34	37	32	25	41	40	29	22	1	35	4	47	18	26	34	41	44	14	31	10	34	8	27	24	8	47	48	35	39	30	44	37	25	36	50	50	39	25	41	6	42	49	34	11	32	7	47	15	48	12	8	39	29	33	41	37	26	13	16	9	25	24	37	40	0	32	23	12	15	19	31	11	33	18	19	42
35	8	31	20	31	16	6	16	43	36	9	32	28	44	28	31	40	23	17	15	4	38	44	3	27	28	16	30	48	6	44	40	46	18	25	11	12	7	32	8	2	32	21	48	34	50	11	7	20	19	7	50	31	4	15	47	9	10	9	49	21	10	44	25	35	37	36	30	49	22	19	48	32	7	9	7	23	17	47	6	23	24	38	15	8	21	43	11	17	0	13	13	36	20	21	4	2	35	21	42
15	17	38	4	19	13	26	50	25	45	16	29	49	15	29	29	31	44	13	6	28	9	38	43	11	2	16	43	8	42	14	46	26	18	4	28	6	31	44	4	1	18	46	40	21	4	44	30	44	35	13	33	18	41	5	34	33	32	13	46	6	36	47	34	19	13	18	5	39	24	7	23	31	18	23	3	39	12	3	36	20	13	9	26	13	21	46	11	38	50	0	39	31	10	13	4	35	25	25	3
13	33	20	21	4	49	2	40	39	37	4	42	12	36	35	5	25	22	13	46	18	1	2	47	42	39	45	18	39	9	4	30	43	28	2	4	33	22	50	30	1	45	20	16	49	35	38	21	16	43	22	29	17	41	13	44	29	21	24	19	20	8	4	11	10	26	25	23	10	14	16	3	28	26	8	3	32	48	19	37	29	7	46	34	8	40	36	22	2	13	18	0	16	3	32	9	32	5	3	43
7	3	3	21	20	15	34	39	33	18	47	20	47	50	18	26	16	37	7	28	19	17	25	23	1	40	24	32	33	18	11	28	50	5	29	42	19	14	30	40	46	48	25	35	1	2	35	3	22	25	31	50	3	21	21	40	43	20	23	30	35	38	43	42	15	13	1	6	7	8	45	46	46	19	45	40	44	9	13	11	45	15	29	26	5	42	10	16	40	23	10	41	0	29	1	9	1	29	20	17
47	48	1	46	43	14	34	31	46	49	12	12	42	16	47	37	49	20	16	5	11	3	40	38	34	37	16	43	48	33	25	20	26	32	30	37	42	49	45	46	40	45	20	13	8	40	29	22	39	24	6	1	2	31	50	9	23	4	31	41	12	6	2	14	23	42	12	2	41	26	43	30	43	19	45	27	6	5	22	22	28	2	26	33	43	32	48	25	23	24	46	47	47	0	28	22	50	27	32	19
5	36	50	17	42	16	9	9	1	8	35	45	41	10	37	7	21	32	49	11	1	26	19	22	25	22	41	35	21	8	44	19	6	14	33	44	39	37	10	11	38	42	8	32	19	19	11	34	34	39	17	17	12	25	43	13	39	9	6	36	26	42	18	39	29	2	18	4	5	46	43	40	28	2	25	32	10	45	35	21	40	22	18	40	30	2	50	16	9	10	36	13	43	32	0	37	2	19	9	34
5	13	49	21	40	31	38	44	40	28	50	19	12	21	25	5	47	47	18	14	22	50	17	38	14	38	34	22	40	3	40	21	24	22	21	20	2	13	27	46	31	15	26	5	10	3	42	43	38	38	21	33	34	42	49	47	44	40	5	2	48	3	46	2	40	14	13	7	10	18	35	11	5	49	43	33	14	26	6	44	29	46	16	30	17	27	45	3	5	9	21	44	16	32	23	0	13	46	3	35
12	47	6	11	15	22	11	23	39	20	17	16	40	13	40	41	36	24	44	34	21	23	19	5	22	33	11	33	1	23	33	19	30	5	38	24	6	35	38	26	17	17	29	27	23	7	5	26	40	50	46	21	17	8	16	40	31	46	12	22	35	24	38	26	16	50	28	5	22	31	26	34	34	24	3	48	12	36	24	11	4	50	37	49	3	24	46	21	33	18	22	43	25	28	6	50	0	44	14	25
21	43	29	6	15	11	29	15	9	44	48	44	27	43	18	12	24	2	18	40	9	24	33	21	49	19	5	24	28	39	18	23	43	22	31	8	15	8	38	7	22	4	40	44	3	16	50	40	17	11	23	17	25	11	39	14	16	21	13	28	49	44	1	22	19	14	27	34	49	29	39	39	30	48	13	6	4	23	14	49	8	14	6	18	12	18	45	12	36	29	15	23	26	25	16	36	47	0	28	8
4	18	19	31	31	20	23	11	23	34	50	6	28	12	14	31	10	33	26	20	21	2	49	29	30	26	31	47	27	49	30	7	48	49	27	41	23	3	21	1	16	6	50	43	16	46	7	50	3	11	48	23	15	13	17	37	11	44	10	7	20	24	19	16	43	31	47	6	4	34	27	20	14	12	28	8	39	38	25	27	25	46	46	1	46	34	26	33	2	33	10	47	28	21	10	50	31	26	0	8
11	33	17	33	47	46	5	40	14	37	46	47	32	7	22	14	37	49	28	29	19	29	16	45	20	1	33	6	12	8	25	10	39	45	16	6	43	28	21	6	17	8	14	26	33	30	3	16	12	26	15	20	33	11	48	28	36	23	30	41	13	31	3	38	37	7	50	11	23	43	9	4	6	22	26	36	24	35	39	26	31	29	20	42	22	41	3	22	25	37	9	47	49	5	11	29	9	37	24	0
